

 248                   : lake code
Fulmore_2005        Hanslit-Bachen
050226                 : date
SIMRAD               2 : 1 = FURUNO FM 22  /  2 = SIMRAD
24.6   : Sounder Gai   : Sounder Gain

26Feb05/15Mar05/BH/EY500/0/0/0/0/0                                                                            

depth / transect / targets / %sockeye / %stickleback

  2-5   1      0  1.00  0.00
  2-5   2      0  1.00  0.00
  2-5   3      2  1.00  0.00
  2-5   4      1  1.00  0.00
  2-5   5      4  1.00  0.00
  2-5   6      0  1.00  0.00
  2-5   7      1  1.00  0.00
  2-5   8      2  1.00  0.00
  3-5   1      0  0.00  0.00
  3-5   2      0  0.00  0.00
  3-5   3      0  0.00  0.00
  3-5   4      0  0.00  0.00
  3-5   5      0  0.00  0.00
  3-5   6      0  0.00  0.00
  3-5   7      0  0.00  0.00
  3-5   8      0  0.00  0.00
 5-10   1      7  1.00  0.00
 5-10   2      0  1.00  0.00
 5-10   3      4  1.00  0.00
 5-10   4     10  1.00  0.00
 5-10   5     10  1.00  0.00
 5-10   6      4  1.00  0.00
 5-10   7      9  1.00  0.00
 5-10   8     15  1.00  0.00
10-15   1     14  1.00  0.00
10-15   2     14  1.00  0.00
10-15   3     17  1.00  0.00
10-15   4     14  1.00  0.00
10-15   5     23  1.00  0.00
10-15   6      8  1.00  0.00
10-15   7     19  1.00  0.00
10-15   8     10  1.00  0.00
15-20   1     23  1.00  0.00
15-20   2      3  1.00  0.00
15-20   3      6  1.00  0.00
15-20   4      8  1.00  0.00
15-20   5     10  1.00  0.00
15-20   6      5  1.00  0.00
15-20   7      1  1.00  0.00
15-20   8      0  0.00  0.00
20-30   1     77  1.00  0.00
20-30   2      0  1.00  0.00
20-30   3      4  1.00  0.00
20-30   4      2  1.00  0.00
20-30   5      6  1.00  0.00
20-30   6      1  1.00  0.00
20-30   7      0  0.00  0.00
20-30   8      0  0.00  0.00
30-40   1      0  0.00  0.00
30-40   2      1  1.00  0.00
30-40   3      1  1.00  0.00
30-40   4      1  1.00  0.00
30-40   5      3  1.00  0.00
30-40   6      0  0.00  0.00
30-40   7      0  0.00  0.00
30-40   8      0  0.00  0.00
40-50   1      0  0.00  0.00
40-50   2      1  1.00  0.00
40-50   3      0  1.00  0.00
40-50   4      2  1.00  0.00
40-50   5      1  1.00  0.00
40-50   6      0  0.00  0.00
40-50   7      0  0.00  0.00
40-50   8      0  0.00  0.00


   1                   : lake code
GCL                 
041208                 : date
SIMRAD               2 : 1 = FURUNO FM 22  /  2 = SIMRAD
10   : Sounder Gain
Hanslit-Bachen
8Dec04/7Feb06/BH/EYM/20069/0/0/6/99/0                                                                         

depth / transect / targets / %sockeye / %stickleback

  2-5   1      5  1.00  0.00
  2-5   2      8  1.00  0.00
  2-5   3      6  1.00  0.00
  2-5   4     28  1.00  0.00
  2-5   5     26  1.00  0.00
  2-5   6     31  1.00  0.00
  3-5   1      0  0.00  0.00
  3-5   2      0  0.00  0.00
  3-5   3      0  0.00  0.00
  3-5   4      0  0.00  0.00
  3-5   5      0  0.00  0.00
  3-5   6      0  0.00  0.00
 5-10   1     23  1.00  0.00
 5-10   2    102  1.00  0.00
 5-10   3     70  1.00  0.00
 5-10   4     86  1.00  0.00
 5-10   5    146  1.00  0.00
 5-10   6    144  1.00  0.00
10-15   1     92  1.00  0.00
10-15   2    138  1.00  0.00
10-15   3    135  1.00  0.00
10-15   4    108  1.00  0.00
10-15   5    200  1.00  0.00
10-15   6    179  1.00  0.00
15-20   1     87  1.00  0.00
15-20   2    164  1.00  0.00
15-20   3    168  1.00  0.00
15-20   4    147  1.00  0.00
15-20   5    184  1.00  0.00
15-20   6    165  1.00  0.00
20-30   1     86  1.00  0.00
20-30   2    301  1.00  0.00
20-30   3    225  1.00  0.00
20-30   4    204  1.00  0.00
20-30   5    395  1.00  0.00
20-30   6    320  1.00  0.00
30-40   1     37  1.00  0.00
30-40   2    153  1.00  0.00
30-40   3    170  1.00  0.00
30-40   4    186  1.00  0.00
30-40   5    241  1.00  0.00
30-40   6    198  1.00  0.00
40-50   1     33  1.00  0.00
40-50   2    184  1.00  0.00
40-50   3    209  1.00  0.00
40-50   4    241  1.00  0.00
40-50   5    169  1.00  0.00
40-50   6    175  1.00  0.00
50-60   1     10  1.00  0.00
50-60   2     83  1.00  0.00
50-60   3    104  1.00  0.00
50-60   4    118  1.00  0.00
50-60   5    100  1.00  0.00
50-60   6     63  1.00  0.00
60-70   1      0  0.00  0.00
60-70   2      0  0.00  0.00
60-70   3      0  0.00  0.00
60-70   4      0  0.00  0.00
60-70   5      0  0.00  0.00
60-70   6      0  0.00  0.00
70-80   1      0  0.00  0.00
70-80   2      0  0.00  0.00
70-80   3      0  0.00  0.00
70-80   4      0  0.00  0.00
70-80   5      0  0.00  0.00
70-80   6      0  0.00  0.00
80-90   1      0  0.00  0.00
80-90   2      0  0.00  0.00
80-90   3      0  0.00  0.00
80-90   4      0  0.00  0.00
80-90   5      0  0.00  0.00
80-90   6      0  0.00  0.00
90-100  1      0  0.00  0.00
90-100  2      0  0.00  0.00
90-100  3      0  0.00  0.00
90-100  4      0  0.00  0.00
90-100  5      0  0.00  0.00
90-100  6      0  0.00  0.00


   3                   : lake code
Henderson Lk        processed by BH, 06Dec2004
041130                 : date
SIMRAD               2 : 1 = FURUNO FM 22  /  2 = SIMRAD
10   : Sounder Gain    : Sounder Gain

30Nov04/06Dec04/BH/EYM/20069/0/0/0/2/90/24                                                                    

depth / transect / targets / %sockeye / %stickleback

  2-5   1      0  1.00  0.00
  2-5   2      0  1.00  0.00
  2-5   3      0  1.00  0.00
  2-5   4      1  0.95  0.05
  2-5   5      2  0.95  0.05
  2-5   6      3  0.95  0.05
  2-5   7      6  0.95  0.05
  2-5   8      0  1.00  0.00
  2-5   9      0  1.00  0.00
  2-5  10      1  0.95  0.05
  2-5  11      5  0.95  0.05
  2-5  12      1  0.95  0.05
  2-5  13      3  0.95  0.05
  2-5  14      0  1.00  0.00
  2-5  15      4  0.95  0.05
  2-5  16      4  0.95  0.05
  2-5  17      5  0.95  0.05
  2-5  18      2  0.95  0.05
  3-5   1      0  0.00  0.00
  3-5   2      0  0.00  0.00
  3-5   3      0  0.00  0.00
  3-5   4      0  0.00  0.00
  3-5   5      0  0.00  0.00
  3-5   6      0  0.00  0.00
  3-5   7      0  0.00  0.00
  3-5   8      0  0.00  0.00
  3-5   9      0  0.00  0.00
  3-5  10      0  0.00  0.00
  3-5  11      0  0.00  0.00
  3-5  12      0  0.00  0.00
  3-5  13      0  0.00  0.00
  3-5  14      0  0.00  0.00
  3-5  15      0  0.00  0.00
  3-5  16      0  0.00  0.00
  3-5  17      0  0.00  0.00
  3-5  18      0  0.00  0.00
 5-10   1     10  0.95  0.05
 5-10   2     25  0.95  0.05
 5-10   3     81  0.95  0.05
 5-10   4    122  0.95  0.05
 5-10   5     33  0.95  0.05
 5-10   6     47  0.95  0.05
 5-10   7     57  0.95  0.05
 5-10   8     26  0.95  0.05
 5-10   9    111  0.95  0.05
 5-10  10     59  0.95  0.05
 5-10  11    111  0.95  0.05
 5-10  12    127  0.95  0.05
 5-10  13     63  0.95  0.05
 5-10  14     19  0.95  0.05
 5-10  15     52  0.95  0.05
 5-10  16     86  0.95  0.05
 5-10  17     69  0.95  0.05
 5-10  18    111  0.95  0.05
10-15   1     43  0.95  0.05
10-15   2     72  0.95  0.05
10-15   3     91  0.95  0.05
10-15   4     61  0.95  0.05
10-15   5     69  0.95  0.05
10-15   6     90  0.95  0.05
10-15   7     87  0.95  0.05
10-15   8    158  0.95  0.05
10-15   9    132  0.95  0.05
10-15  10     89  0.95  0.05
10-15  11    166  0.95  0.05
10-15  12    163  0.95  0.05
10-15  13     82  0.95  0.05
10-15  14     27  0.95  0.05
10-15  15     78  0.95  0.05
10-15  16     91  0.95  0.05
10-15  17     84  0.95  0.05
10-15  18    184  0.95  0.05
15-20   1     15  0.79  0.21
15-20   2     66  0.79  0.21
15-20   3     89  0.79  0.21
15-20   4     51  0.79  0.21
15-20   5     51  0.79  0.21
15-20   6     46  0.79  0.21
15-20   7     81  0.79  0.21
15-20   8    117  0.79  0.21
15-20   9    154  0.79  0.21
15-20  10     66  0.79  0.21
15-20  11    148  0.79  0.21
15-20  12    154  0.79  0.21
15-20  13     69  0.79  0.21
15-20  14     33  0.79  0.21
15-20  15     87  0.79  0.21
15-20  16     70  0.79  0.21
15-20  17     83  0.79  0.21
15-20  18    184  0.79  0.21
20-30   1     35  0.71  0.29
20-30   2    152  0.71  0.29
20-30   3     81  0.71  0.29
20-30   4     54  0.71  0.29
20-30   5    101  0.71  0.29
20-30   6    145  0.71  0.29
20-30   7     72  0.71  0.29
20-30   8    294  0.71  0.29
20-30   9    267  0.71  0.29
20-30  10     83  0.71  0.29
20-30  11    252  0.71  0.29
20-30  12    296  0.71  0.29
20-30  13    123  0.71  0.29
20-30  14     34  0.71  0.29
20-30  15     86  0.71  0.29
20-30  16     74  0.71  0.29
20-30  17    154  0.71  0.29
20-30  18    389  0.71  0.29
30-40   1     44  0.71  0.29
30-40   2     62  0.71  0.29
30-40   3     59  0.71  0.29
30-40   4     30  0.71  0.29
30-40   5     66  0.71  0.29
30-40   6     87  0.71  0.29
30-40   7     41  0.71  0.29
30-40   8    137  0.71  0.29
30-40   9     91  0.71  0.29
30-40  10     56  0.71  0.29
30-40  11    111  0.71  0.29
30-40  12    174  0.71  0.29
30-40  13     99  0.71  0.29
30-40  14     16  0.71  0.29
30-40  15     30  0.71  0.29
30-40  16     43  0.71  0.29
30-40  17     68  0.71  0.29
30-40  18    213  0.71  0.29
40-50   1      5  0.71  0.29
40-50   2     27  0.71  0.29
40-50   3     64  0.71  0.29
40-50   4     40  0.71  0.29
40-50   5     50  0.71  0.29
40-50   6     51  0.71  0.29
40-50   7      8  0.71  0.29
40-50   8     35  0.71  0.29
40-50   9    109  0.71  0.29
40-50  10     48  0.71  0.29
40-50  11    111  0.71  0.29
40-50  12    102  0.71  0.29
40-50  13     61  0.71  0.29
40-50  14     26  0.71  0.29
40-50  15     19  0.71  0.29
40-50  16     32  0.71  0.29
40-50  17     71  0.71  0.29
40-50  18    120  0.71  0.29
50-60   1      1  0.71  0.29
50-60   2     10  0.71  0.29
50-60   3     18  0.71  0.29
50-60   4      8  0.71  0.29
50-60   5     18  0.71  0.29
50-60   6     16  0.71  0.29
50-60   7      4  0.71  0.29
50-60   8     11  0.71  0.29
50-60   9     36  0.71  0.29
50-60  10     11  0.71  0.29
50-60  11     40  0.71  0.29
50-60  12     32  0.71  0.29
50-60  13     30  0.71  0.29
50-60  14     11  0.71  0.29
50-60  15      4  0.71  0.29
50-60  16     14  0.71  0.29
50-60  17     35  0.71  0.29
50-60  18     75  0.71  0.29
60-70   1      0  0.00  0.00
60-70   2      0  0.00  0.00
60-70   3      0  0.00  0.00
60-70   4      0  0.00  0.00
60-70   5      0  0.00  0.00
60-70   6      0  0.00  0.00
60-70   7      0  0.00  0.00
60-70   8      0  0.00  0.00
60-70   9      0  0.00  0.00
60-70  10      0  0.00  0.00
60-70  11      0  0.00  0.00
60-70  12      0  0.00  0.00
60-70  13      0  0.00  0.00
60-70  14      0  0.00  0.00
60-70  15      0  0.00  0.00
60-70  16      0  0.00  0.00
60-70  17      0  0.00  0.00
60-70  18      0  0.00  0.00


   3                   : lake code
Henderson Lk        processed by BH, 06Dec2004
041128                 : date
SIMRAD               2 : 1 = FURUNO FM 22  /  2 = SIMRAD
10   : Sounder Gain    : Sounder Gain
Corrected for size bias
30Nov04/06Dec04/BH/EYM/20069/0/0/0/2/90/24                                                                    

depth / transect / targets / %sockeye / %stickleback

  2-5   1      0  1.00  0.00
  2-5   2      0  1.00  0.00
  2-5   3      0  1.00  0.00
  2-5   4      1  0.96  0.04
  2-5   5      2  0.96  0.04
  2-5   6      3  0.96  0.04
  2-5   7      6  0.96  0.04
  2-5   8      0  1.00  0.00
  2-5   9      0  1.00  0.00
  2-5  10      1  0.96  0.04
  2-5  11      5  0.96  0.04
  2-5  12      1  0.96  0.04
  2-5  13      3  0.96  0.04
  2-5  14      0  1.00  0.00
  2-5  15      4  0.96  0.04
  2-5  16      4  0.96  0.04
  2-5  17      5  0.96  0.04
  2-5  18      2  0.96  0.04
  3-5   1      0  0.00  0.00
  3-5   2      0  0.00  0.00
  3-5   3      0  0.00  0.00
  3-5   4      0  0.00  0.00
  3-5   5      0  0.00  0.00
  3-5   6      0  0.00  0.00
  3-5   7      0  0.00  0.00
  3-5   8      0  0.00  0.00
  3-5   9      0  0.00  0.00
  3-5  10      0  0.00  0.00
  3-5  11      0  0.00  0.00
  3-5  12      0  0.00  0.00
  3-5  13      0  0.00  0.00
  3-5  14      0  0.00  0.00
  3-5  15      0  0.00  0.00
  3-5  16      0  0.00  0.00
  3-5  17      0  0.00  0.00
  3-5  18      0  0.00  0.00
 5-10   1     10  0.96  0.04
 5-10   2     25  0.96  0.04
 5-10   3     81  0.96  0.04
 5-10   4    122  0.96  0.04
 5-10   5     33  0.96  0.04
 5-10   6     47  0.96  0.04
 5-10   7     57  0.96  0.04
 5-10   8     26  0.96  0.04
 5-10   9    111  0.96  0.04
 5-10  10     59  0.96  0.04
 5-10  11    111  0.96  0.04
 5-10  12    127  0.96  0.04
 5-10  13     63  0.96  0.04
 5-10  14     19  0.96  0.04
 5-10  15     52  0.96  0.04
 5-10  16     86  0.96  0.04
 5-10  17     69  0.96  0.04
 5-10  18    111  0.96  0.04
10-15   1     43  0.96  0.04
10-15   2     72  0.96  0.04
10-15   3     91  0.96  0.04
10-15   4     61  0.96  0.04
10-15   5     69  0.96  0.04
10-15   6     90  0.96  0.04
10-15   7     87  0.96  0.04
10-15   8    158  0.96  0.04
10-15   9    132  0.96  0.04
10-15  10     89  0.96  0.04
10-15  11    166  0.96  0.04
10-15  12    163  0.96  0.04
10-15  13     82  0.96  0.04
10-15  14     27  0.96  0.04
10-15  15     78  0.96  0.04
10-15  16     91  0.96  0.04
10-15  17     84  0.96  0.04
10-15  18    184  0.96  0.04
15-20   1     15  0.79  0.21
15-20   2     66  0.79  0.21
15-20   3     89  0.79  0.21
15-20   4     51  0.79  0.21
15-20   5     51  0.79  0.21
15-20   6     46  0.79  0.21
15-20   7     81  0.79  0.21
15-20   8    117  0.79  0.21
15-20   9    154  0.79  0.21
15-20  10     66  0.79  0.21
15-20  11    148  0.79  0.21
15-20  12    154  0.79  0.21
15-20  13     69  0.79  0.21
15-20  14     33  0.79  0.21
15-20  15     87  0.79  0.21
15-20  16     70  0.79  0.21
15-20  17     83  0.79  0.21
15-20  18    184  0.79  0.21
20-30   1     35  0.79  0.21
20-30   2    152  0.79  0.21
20-30   3     81  0.79  0.21
20-30   4     54  0.79  0.21
20-30   5    101  0.79  0.21
20-30   6    145  0.79  0.21
20-30   7     72  0.79  0.21
20-30   8    294  0.79  0.21
20-30   9    267  0.79  0.21
20-30  10     83  0.79  0.21
20-30  11    252  0.79  0.21
20-30  12    296  0.79  0.21
20-30  13    123  0.79  0.21
20-30  14     34  0.79  0.21
20-30  15     86  0.79  0.21
20-30  16     74  0.79  0.21
20-30  17    154  0.79  0.21
20-30  18    389  0.79  0.21
30-40   1     44  0.79  0.21
30-40   2     62  0.79  0.21
30-40   3     59  0.79  0.21
30-40   4     30  0.79  0.21
30-40   5     66  0.79  0.21
30-40   6     87  0.79  0.21
30-40   7     41  0.79  0.21
30-40   8    137  0.79  0.21
30-40   9     91  0.79  0.21
30-40  10     56  0.79  0.21
30-40  11    111  0.79  0.21
30-40  12    174  0.79  0.21
30-40  13     99  0.79  0.21
30-40  14     16  0.79  0.21
30-40  15     30  0.79  0.21
30-40  16     43  0.79  0.21
30-40  17     68  0.79  0.21
30-40  18    213  0.79  0.21
40-50   1      5  0.79  0.21
40-50   2     27  0.79  0.21
40-50   3     64  0.79  0.21
40-50   4     40  0.79  0.21
40-50   5     50  0.79  0.21
40-50   6     51  0.79  0.21
40-50   7      8  0.79  0.21
40-50   8     35  0.79  0.21
40-50   9    109  0.79  0.21
40-50  10     48  0.79  0.21
40-50  11    111  0.79  0.21
40-50  12    102  0.79  0.21
40-50  13     61  0.79  0.21
40-50  14     26  0.79  0.21
40-50  15     19  0.79  0.21
40-50  16     32  0.79  0.21
40-50  17     71  0.79  0.21
40-50  18    120  0.79  0.21
50-60   1      1  0.79  0.21
50-60   2     10  0.79  0.21
50-60   3     18  0.79  0.21
50-60   4      8  0.79  0.21
50-60   5     18  0.79  0.21
50-60   6     16  0.79  0.21
50-60   7      4  0.79  0.21
50-60   8     11  0.79  0.21
50-60   9     36  0.79  0.21
50-60  10     11  0.79  0.21
50-60  11     40  0.79  0.21
50-60  12     32  0.79  0.21
50-60  13     30  0.79  0.21
50-60  14     11  0.79  0.21
50-60  15      4  0.79  0.21
50-60  16     14  0.79  0.21
50-60  17     35  0.79  0.21
50-60  18     75  0.79  0.21
60-70   1      0  0.00  0.00
60-70   2      0  0.00  0.00
60-70   3      0  0.00  0.00
60-70   4      0  0.00  0.00
60-70   5      0  0.00  0.00
60-70   6      0  0.00  0.00
60-70   7      0  0.00  0.00
60-70   8      0  0.00  0.00
60-70   9      0  0.00  0.00
60-70  10      0  0.00  0.00
60-70  11      0  0.00  0.00
60-70  12      0  0.00  0.00
60-70  13      0  0.00  0.00
60-70  14      0  0.00  0.00
60-70  15      0  0.00  0.00
60-70  16      0  0.00  0.00
60-70  17      0  0.00  0.00
60-70  18      0  0.00  0.00


   3                   : lake code
Henderson Lk        processed by BH, 06Dec2004
041129                 : date
SIMRAD               2 : 1 = FURUNO FM 22  /  2 = SIMRAD
10   : Sounder Gain    : Sounder Gain

30Nov04/06Dec04/BH/EYM/20069/0/0/0/2/80/24                                                                    

depth / transect / targets / %sockeye / %stickleback

  2-5   1      0  1.00  0.00
  2-5   2      0  1.00  0.00
  2-5   3      0  1.00  0.00
  2-5   4      1  0.95  0.05
  2-5   5      2  0.95  0.05
  2-5   6      3  0.95  0.05
  2-5   7      6  0.95  0.05
  2-5   8      0  1.00  0.00
  2-5   9      0  1.00  0.00
  2-5  10      1  0.95  0.05
  2-5  11      5  0.95  0.05
  2-5  12      1  0.95  0.05
  2-5  13      3  0.95  0.05
  2-5  14      0  1.00  0.00
  2-5  15      4  0.95  0.05
  2-5  16      4  0.95  0.05
  2-5  17      5  0.95  0.05
  2-5  18      2  0.95  0.05
  3-5   1      0  0.00  0.00
  3-5   2      0  0.00  0.00
  3-5   3      0  0.00  0.00
  3-5   4      0  0.00  0.00
  3-5   5      0  0.00  0.00
  3-5   6      0  0.00  0.00
  3-5   7      0  0.00  0.00
  3-5   8      0  0.00  0.00
  3-5   9      0  0.00  0.00
  3-5  10      0  0.00  0.00
  3-5  11      0  0.00  0.00
  3-5  12      0  0.00  0.00
  3-5  13      0  0.00  0.00
  3-5  14      0  0.00  0.00
  3-5  15      0  0.00  0.00
  3-5  16      0  0.00  0.00
  3-5  17      0  0.00  0.00
  3-5  18      0  0.00  0.00
 5-10   1     10  0.95  0.05
 5-10   2     25  0.95  0.05
 5-10   3     81  0.95  0.05
 5-10   4    122  0.95  0.05
 5-10   5     33  0.95  0.05
 5-10   6     47  0.95  0.05
 5-10   7     57  0.95  0.05
 5-10   8     26  0.95  0.05
 5-10   9    111  0.95  0.05
 5-10  10     59  0.95  0.05
 5-10  11    111  0.95  0.05
 5-10  12    127  0.95  0.05
 5-10  13     63  0.95  0.05
 5-10  14     19  0.95  0.05
 5-10  15     52  0.95  0.05
 5-10  16     86  0.95  0.05
 5-10  17     69  0.95  0.05
 5-10  18    111  0.95  0.05
10-15   1     43  0.95  0.05
10-15   2     72  0.95  0.05
10-15   3     91  0.95  0.05
10-15   4     61  0.95  0.05
10-15   5     69  0.95  0.05
10-15   6     90  0.95  0.05
10-15   7     87  0.95  0.05
10-15   8    158  0.95  0.05
10-15   9    132  0.95  0.05
10-15  10     89  0.95  0.05
10-15  11    166  0.95  0.05
10-15  12    163  0.95  0.05
10-15  13     82  0.95  0.05
10-15  14     27  0.95  0.05
10-15  15     78  0.95  0.05
10-15  16     91  0.95  0.05
10-15  17     84  0.95  0.05
10-15  18    184  0.95  0.05
15-20   1     15  0.75  0.25
15-20   2     66  0.75  0.25
15-20   3     89  0.75  0.25
15-20   4     51  0.75  0.25
15-20   5     51  0.75  0.25
15-20   6     46  0.75  0.25
15-20   7     81  0.75  0.25
15-20   8    117  0.75  0.25
15-20   9    154  0.75  0.25
15-20  10     66  0.75  0.25
15-20  11    148  0.75  0.25
15-20  12    154  0.75  0.25
15-20  13     69  0.75  0.25
15-20  14     33  0.75  0.25
15-20  15     87  0.75  0.25
15-20  16     70  0.75  0.25
15-20  17     83  0.75  0.25
15-20  18    184  0.75  0.25
20-30   1     35  0.65  0.35
20-30   2    152  0.65  0.35
20-30   3     81  0.65  0.35
20-30   4     54  0.65  0.35
20-30   5    101  0.65  0.35
20-30   6    145  0.65  0.35
20-30   7     72  0.65  0.35
20-30   8    294  0.65  0.35
20-30   9    267  0.65  0.35
20-30  10     83  0.65  0.35
20-30  11    252  0.65  0.35
20-30  12    296  0.65  0.35
20-30  13    123  0.65  0.35
20-30  14     34  0.65  0.35
20-30  15     86  0.65  0.35
20-30  16     74  0.65  0.35
20-30  17    154  0.65  0.35
20-30  18    389  0.65  0.35
30-40   1     44  0.65  0.35
30-40   2     62  0.65  0.35
30-40   3     59  0.65  0.35
30-40   4     30  0.65  0.35
30-40   5     66  0.65  0.35
30-40   6     87  0.65  0.35
30-40   7     41  0.65  0.35
30-40   8    137  0.65  0.35
30-40   9     91  0.65  0.35
30-40  10     56  0.65  0.35
30-40  11    111  0.65  0.35
30-40  12    174  0.65  0.35
30-40  13     99  0.65  0.35
30-40  14     16  0.65  0.35
30-40  15     30  0.65  0.35
30-40  16     43  0.65  0.35
30-40  17     68  0.65  0.35
30-40  18    213  0.65  0.35
40-50   1      5  0.65  0.35
40-50   2     27  0.65  0.35
40-50   3     64  0.65  0.35
40-50   4     40  0.65  0.35
40-50   5     50  0.65  0.35
40-50   6     51  0.65  0.35
40-50   7      8  0.65  0.35
40-50   8     35  0.65  0.35
40-50   9    109  0.65  0.35
40-50  10     48  0.65  0.35
40-50  11    111  0.65  0.35
40-50  12    102  0.65  0.35
40-50  13     61  0.65  0.35
40-50  14     26  0.65  0.35
40-50  15     19  0.65  0.35
40-50  16     32  0.65  0.35
40-50  17     71  0.65  0.35
40-50  18    120  0.65  0.35
50-60   1      1  0.65  0.35
50-60   2     10  0.65  0.35
50-60   3     18  0.65  0.35
50-60   4      8  0.65  0.35
50-60   5     18  0.65  0.35
50-60   6     16  0.65  0.35
50-60   7      4  0.65  0.35
50-60   8     11  0.65  0.35
50-60   9     36  0.65  0.35
50-60  10     11  0.65  0.35
50-60  11     40  0.65  0.35
50-60  12     32  0.65  0.35
50-60  13     30  0.65  0.35
50-60  14     11  0.65  0.35
50-60  15      4  0.65  0.35
50-60  16     14  0.65  0.35
50-60  17     35  0.65  0.35
50-60  18     75  0.65  0.35
60-70   1      0  0.00  0.00
60-70   2      0  0.00  0.00
60-70   3      0  0.00  0.00
60-70   4      0  0.00  0.00
60-70   5      0  0.00  0.00
60-70   6      0  0.00  0.00
60-70   7      0  0.00  0.00
60-70   8      0  0.00  0.00
60-70   9      0  0.00  0.00
60-70  10      0  0.00  0.00
60-70  11      0  0.00  0.00
60-70  12      0  0.00  0.00
60-70  13      0  0.00  0.00
60-70  14      0  0.00  0.00
60-70  15      0  0.00  0.00
60-70  16      0  0.00  0.00
60-70  17      0  0.00  0.00
60-70  18      0  0.00  0.00


 250                   : lake code
Heydon_2005         Hanslit-Bachen
050225                 : date
SIMRAD               2 : 1 = FURUNO FM 22  /  2 = SIMRAD
10   : Sounder Gain    : Sounder Gain

25Feb05/16Mar05/BH/EY500                                                                                      

depth / transect / targets / %sockeye / %stickleback

  2-5   1      0  1.00  0.00
  2-5   2      0  1.00  0.00
  2-5   3      1  1.00  0.00
  2-5   4      1  1.00  0.00
  2-5   5      2  1.00  0.00
  2-5   6      4  1.00  0.00
  2-5   7      1  1.00  0.00
  2-5   8      2  1.00  0.00
  3-5   1      0  0.00  0.00
  3-5   2      0  0.00  0.00
  3-5   3      0  0.00  0.00
  3-5   4      0  0.00  0.00
  3-5   5      0  0.00  0.00
  3-5   6      0  0.00  0.00
  3-5   7      0  0.00  0.00
  3-5   8      0  0.00  0.00
 5-10   1      1  1.00  0.00
 5-10   2      2  1.00  0.00
 5-10   3      0  1.00  0.00
 5-10   4      2  1.00  0.00
 5-10   5     12  1.00  0.00
 5-10   6     27  1.00  0.00
 5-10   7     10  1.00  0.00
 5-10   8     13  1.00  0.00
10-15   1      9  1.00  0.00
10-15   2      3  1.00  0.00
10-15   3      1  1.00  0.00
10-15   4      1  1.00  0.00
10-15   5      6  1.00  0.00
10-15   6      7  1.00  0.00
10-15   7      8  1.00  0.00
10-15   8     13  1.00  0.00
15-20   1      5  1.00  0.00
15-20   2      1  1.00  0.00
15-20   3      2  1.00  0.00
15-20   4      4  1.00  0.00
15-20   5      3  1.00  0.00
15-20   6      8  1.00  0.00
15-20   7      3  1.00  0.00
15-20   8      7  1.00  0.00
20-30   1     17  1.00  0.00
20-30   2     15  1.00  0.00
20-30   3     11  1.00  0.00
20-30   4     18  1.00  0.00
20-30   5     10  1.00  0.00
20-30   6     12  1.00  0.00
20-30   7      8  1.00  0.00
20-30   8     21  1.00  0.00
30-40   1     52  1.00  0.00
30-40   2     72  1.00  0.00
30-40   3     50  1.00  0.00
30-40   4     32  1.00  0.00
30-40   5     53  1.00  0.00
30-40   6     39  1.00  0.00
30-40   7     21  1.00  0.00
30-40   8     26  1.00  0.00
40-50   1     86  1.00  0.00
40-50   2     72  1.00  0.00
40-50   3     31  1.00  0.00
40-50   4     40  1.00  0.00
40-50   5     28  1.00  0.00
40-50   6     29  1.00  0.00
40-50   7     12  1.00  0.00
40-50   8     11  1.00  0.00


 247                   : lake code
Nahwitti_2005       Hanslit-Bachen Survey
050118                 : date
SIMRAD               2 : 1 = FURUNO FM 22  /  2 = SIMRAD
10   : Sounder Gain    : Sounder Gain

18Jan05/16Mar05/BH/EY500/0/0/0/2/0/0                                                                          

depth / transect / targets / %sockeye / %stickleback

  2-5   1      2  1.00  0.00
  2-5   2      1  1.00  0.00
  2-5   3      5  1.00  0.00
  2-5   4      2  1.00  0.00
  2-5   5      8  1.00  0.00
  2-5   6     13  1.00  0.00
  2-5   7     12  1.00  0.00
  2-5   8     15  1.00  0.00
  3-5   1      0  0.00  0.00
  3-5   2      0  0.00  0.00
  3-5   3      0  0.00  0.00
  3-5   4      0  0.00  0.00
  3-5   5      0  0.00  0.00
  3-5   6      0  0.00  0.00
  3-5   7      0  0.00  0.00
  3-5   8      0  0.00  0.00
 5-10   1     16  1.00  0.00
 5-10   2     20  1.00  0.00
 5-10   3     29  1.00  0.00
 5-10   4     35  1.00  0.00
 5-10   5     57  1.00  0.00
 5-10   6     82  1.00  0.00
 5-10   7     76  1.00  0.00
 5-10   8     99  1.00  0.00
10-15   1     21  1.00  0.00
10-15   2     16  1.00  0.00
10-15   3     30  1.00  0.00
10-15   4     37  1.00  0.00
10-15   5     83  1.00  0.00
10-15   6    116  1.00  0.00
10-15   7     95  1.00  0.00
10-15   8    104  1.00  0.00
15-20   1      6  1.00  0.00
15-20   2      6  1.00  0.00
15-20   3     14  1.00  0.00
15-20   4     28  1.00  0.00
15-20   5     42  1.00  0.00
15-20   6     66  1.00  0.00
15-20   7     84  1.00  0.00
15-20   8     68  1.00  0.00
20-30   1      6  1.00  0.00
20-30   2      3  1.00  0.00
20-30   3      5  1.00  0.00
20-30   4     12  1.00  0.00
20-30   5     37  1.00  0.00
20-30   6     62  1.00  0.00
20-30   7     86  1.00  0.00
20-30   8     63  1.00  0.00
30-40   1      1  1.00  0.00
30-40   2      0  0.00  0.00
30-40   3      8  1.00  0.00
30-40   4      2  1.00  0.00
30-40   5     17  1.00  0.00
30-40   6     13  1.00  0.00
30-40   7     12  1.00  0.00
30-40   8     10  1.00  0.00
40-50   1      0  0.00  0.00
40-50   2      0  0.00  0.00
40-50   3      0  0.00  0.00
40-50   4      0  0.00  0.00
40-50   5      6  1.00  0.00
40-50   6      3  1.00  0.00
40-50   7      0  0.00  0.00
40-50   8      0  0.00  0.00


 238                   : lake code
Osoyoos Lk (N)      processed by BH, 07Oct04.
040721                 : date
SIMRAD               2 : 1 = FURUNO FM 22  /  2 = SIMRAD
10   : Sounder Gain   : Sounder Gain

                                                                                                              

depth / transect / targets / %sockeye / %stickleback

  2-5   1      5  1.00  0.00
  2-5   2      4  1.00  0.00
  2-5   3      7  1.00  0.00
  2-5   4      4  1.00  0.00
  2-5   5     12  1.00  0.00
  2-5   6      3  1.00  0.00
  2-5   7      2  1.00  0.00
  2-5   8      2  1.00  0.00
  2-5   9      3  1.00  0.00
  2-5  10     14  1.00  0.00
  3-5   1      0  0.00  0.00
  3-5   2      0  0.00  0.00
  3-5   3      0  0.00  0.00
  3-5   4      0  0.00  0.00
  3-5   5      0  0.00  0.00
  3-5   6      0  0.00  0.00
  3-5   7      0  0.00  0.00
  3-5   8      0  0.00  0.00
  3-5   9      0  0.00  0.00
  3-5  10      0  0.00  0.00
 5-10   1      8  1.00  0.00
 5-10   2      8  1.00  0.00
 5-10   3     19  1.00  0.00
 5-10   4     29  1.00  0.00
 5-10   5     12  1.00  0.00
 5-10   6      8  1.00  0.00
 5-10   7     21  1.00  0.00
 5-10   8     15  1.00  0.00
 5-10   9     10  1.00  0.00
 5-10  10     22  1.00  0.00
10-15   1    106  1.00  0.00
10-15   2    188  1.00  0.00
10-15   3    280  1.00  0.00
10-15   4    242  1.00  0.00
10-15   5    128  1.00  0.00
10-15   6    153  1.00  0.00
10-15   7    305  1.00  0.00
10-15   8    224  1.00  0.00
10-15   9    137  1.00  0.00
10-15  10    340  1.00  0.00
15-20   1    106  1.00  0.00
15-20   2    169  1.00  0.00
15-20   3    336  1.00  0.00
15-20   4    188  1.00  0.00
15-20   5    117  1.00  0.00
15-20   6    125  1.00  0.00
15-20   7    216  1.00  0.00
15-20   8    237  1.00  0.00
15-20   9    104  1.00  0.00
15-20  10    386  1.00  0.00
20-30   1     59  1.00  0.00
20-30   2    119  1.00  0.00
20-30   3    138  1.00  0.00
20-30   4    118  1.00  0.00
20-30   5     70  1.00  0.00
20-30   6     75  1.00  0.00
20-30   7    141  1.00  0.00
20-30   8     78  1.00  0.00
20-30   9     78  1.00  0.00
20-30  10    119  1.00  0.00
30-40   1     36  1.00  0.00
30-40   2     73  1.00  0.00
30-40   3     42  1.00  0.00
30-40   4     45  1.00  0.00
30-40   5     35  1.00  0.00
30-40   6     18  1.00  0.00
30-40   7     70  1.00  0.00
30-40   8      0  0.00  0.00
30-40   9      0  0.00  0.00
30-40  10     23  1.00  0.00


 238                   : lake code
Osoyoos Lk (N)      Hanslit-ONFA
041103                 : date
SIMRAD               2 : 1 = FURUNO FM 22  /  2 = SIMRAD
10   : Sounder Gain    : Sounder Gain

3Nov04/18Nov04/BH/EYM/20069/0/0/0/3/100/0                                                                     

depth / transect / targets / %sockeye / %stickleback

  2-5   1      5  1.00  0.00
  2-5   2     11  1.00  0.00
  2-5   3     10  1.00  0.00
  2-5   4      5  1.00  0.00
  2-5   5      4  1.00  0.00
  2-5   6      4  1.00  0.00
  2-5   7     11  1.00  0.00
  2-5   8     12  1.00  0.00
  2-5   9      1  1.00  0.00
  2-5  10      6  1.00  0.00
  3-5   1      0  0.00  0.00
  3-5   2      0  0.00  0.00
  3-5   3      0  0.00  0.00
  3-5   4      0  0.00  0.00
  3-5   5      0  0.00  0.00
  3-5   6      0  0.00  0.00
  3-5   7      0  0.00  0.00
  3-5   8      0  0.00  0.00
  3-5   9      0  0.00  0.00
  3-5  10      0  0.00  0.00
 5-10   1      9  1.00  0.00
 5-10   2     10  1.00  0.00
 5-10   3     30  1.00  0.00
 5-10   4      8  1.00  0.00
 5-10   5      5  1.00  0.00
 5-10   6      6  1.00  0.00
 5-10   7     29  1.00  0.00
 5-10   8     17  1.00  0.00
 5-10   9      8  1.00  0.00
 5-10  10     24  1.00  0.00
10-15   1      9  1.00  0.00
10-15   2      8  1.00  0.00
10-15   3     29  1.00  0.00
10-15   4      4  1.00  0.00
10-15   5      4  1.00  0.00
10-15   6      8  1.00  0.00
10-15   7     25  1.00  0.00
10-15   8     16  1.00  0.00
10-15   9     11  1.00  0.00
10-15  10     20  1.00  0.00
15-20   1     32  1.00  0.00
15-20   2     40  1.00  0.00
15-20   3    125  1.00  0.00
15-20   4     38  1.00  0.00
15-20   5     24  1.00  0.00
15-20   6     33  1.00  0.00
15-20   7    137  1.00  0.00
15-20   8     57  1.00  0.00
15-20   9     24  1.00  0.00
15-20  10     74  1.00  0.00
20-30   1    168  1.00  0.00
20-30   2    358  1.00  0.00
20-30   3    336  1.00  0.00
20-30   4    347  1.00  0.00
20-30   5    115  1.00  0.00
20-30   6    265  1.00  0.00
20-30   7    481  1.00  0.00
20-30   8    268  1.00  0.00
20-30   9    243  1.00  0.00
20-30  10    160  1.00  0.00
30-40   1    150  1.00  0.00
30-40   2    216  1.00  0.00
30-40   3    143  1.00  0.00
30-40   4    183  1.00  0.00
30-40   5      0  0.00  0.00
30-40   6    107  1.00  0.00
30-40   7    249  1.00  0.00
30-40   8     34  1.00  0.00
30-40   9    165  1.00  0.00
30-40  10      0  0.00  0.00


 251                   : lake code
Osoyoos_2005        Hanslit-Alexis Survey
050219                 : date
SIMRAD               2 : 1 = FURUNO FM 22  /  2 = SIMRAD
10   : Sounder Gain    : Sounder Gain

No Trawling/Ey500                                                                                             

depth / transect / targets / %sockeye / %stickleback

  2-5   1      1  1.00  0.00
  2-5   2      5  1.00  0.00
  2-5   3      0  0.00  0.00
  2-5   4      0  0.00  0.00
  2-5   5      3  1.00  0.00
  2-5   6      2  1.00  0.00
  2-5   7      3  1.00  0.00
  2-5   8      0  0.00  0.00
  2-5   9      0  0.00  0.00
  2-5  10      0  0.00  0.00
  2-5  11      7  1.00  0.00
  2-5  12     11  1.00  0.00
  2-5  13     14  1.00  0.00
  2-5  14      0  0.00  0.00
  3-5   1      0  0.00  0.00
  3-5   2      0  0.00  0.00
  3-5   3      0  0.00  0.00
  3-5   4      0  0.00  0.00
  3-5   5      0  0.00  0.00
  3-5   6      0  0.00  0.00
  3-5   7      0  0.00  0.00
  3-5   8      0  0.00  0.00
  3-5   9      0  0.00  0.00
  3-5  10      0  0.00  0.00
  3-5  11      0  0.00  0.00
  3-5  12      0  0.00  0.00
  3-5  13      0  0.00  0.00
  3-5  14      0  0.00  0.00
 5-10   1      6  1.00  0.00
 5-10   2     23  1.00  0.00
 5-10   3      0  0.00  0.00
 5-10   4      0  0.00  0.00
 5-10   5     13  1.00  0.00
 5-10   6     15  1.00  0.00
 5-10   7     11  1.00  0.00
 5-10   8      0  0.00  0.00
 5-10   9      0  0.00  0.00
 5-10  10      0  0.00  0.00
 5-10  11     21  1.00  0.00
 5-10  12     23  1.00  0.00
 5-10  13     27  1.00  0.00
 5-10  14      0  0.00  0.00
10-15   1     11  1.00  0.00
10-15   2     18  1.00  0.00
10-15   3      0  0.00  0.00
10-15   4      0  0.00  0.00
10-15   5      8  1.00  0.00
10-15   6     10  1.00  0.00
10-15   7     19  1.00  0.00
10-15   8      0  0.00  0.00
10-15   9      0  0.00  0.00
10-15  10      0  0.00  0.00
10-15  11     12  1.00  0.00
10-15  12     32  1.00  0.00
10-15  13     47  1.00  0.00
10-15  14      0  0.00  0.00
15-20   1     16  1.00  0.00
15-20   2     29  1.00  0.00
15-20   3      0  0.00  0.00
15-20   4      0  0.00  0.00
15-20   5     16  1.00  0.00
15-20   6     33  1.00  0.00
15-20   7     51  1.00  0.00
15-20   8      0  0.00  0.00
15-20   9      0  0.00  0.00
15-20  10      0  0.00  0.00
15-20  11     42  1.00  0.00
15-20  12     68  1.00  0.00
15-20  13     97  1.00  0.00
15-20  14      0  0.00  0.00
20-30   1    116  1.00  0.00
20-30   2    163  1.00  0.00
20-30   3      0  0.00  0.00
20-30   4      0  0.00  0.00
20-30   5    187  1.00  0.00
20-30   6    174  1.00  0.00
20-30   7    265  1.00  0.00
20-30   8      0  0.00  0.00
20-30   9      0  0.00  0.00
20-30  10      0  0.00  0.00
20-30  11    240  1.00  0.00
20-30  12    453  1.00  0.00
20-30  13    120  1.00  0.00
20-30  14      0  0.00  0.00
30-40   1    174  1.00  0.00
30-40   2    385  1.00  0.00
30-40   3      0  0.00  0.00
30-40   4      0  0.00  0.00
30-40   5    274  1.00  0.00
30-40   6    202  1.00  0.00
30-40   7    453  1.00  0.00
30-40   8      0  0.00  0.00
30-40   9      0  0.00  0.00
30-40  10      0  0.00  0.00
30-40  11    502  1.00  0.00
30-40  12    405  1.00  0.00
30-40  13      0  0.00  0.00
30-40  14      0  0.00  0.00


 249                   : lake code
Phillips_2005       Hanslit-Bachen Survey
050224                 : date
SIMRAD               2 : 1 = FURUNO FM 22  /  2 = SIMRAD
1-   : Sounder Gain    : Sounder Gain

24Feb05/14Mar05/BH/EY500/0/0/0/0/0/0                                                                          

depth / transect / targets / %sockeye / %stickleback

  2-5   1      1  1.00  0.00
  2-5   2      0  1.00  0.00
  2-5   3      0  1.00  0.00
  2-5   4      3  1.00  0.00
  2-5   5      4  1.00  0.00
  2-5   6     53  1.00  0.00
  2-5   7    120  1.00  0.00
  2-5   8     47  1.00  0.00
  3-5   1      0  0.00  0.00
  3-5   2      0  0.00  0.00
  3-5   3      0  0.00  0.00
  3-5   4      0  0.00  0.00
  3-5   5      0  0.00  0.00
  3-5   6      0  0.00  0.00
  3-5   7      0  0.00  0.00
  3-5   8      0  0.00  0.00
 5-10   1      5  1.00  0.00
 5-10   2      3  1.00  0.00
 5-10   3     12  1.00  0.00
 5-10   4     15  1.00  0.00
 5-10   5     19  1.00  0.00
 5-10   6     83  1.00  0.00
 5-10   7    134  1.00  0.00
 5-10   8     70  1.00  0.00
10-15   1     20  1.00  0.00
10-15   2     25  1.00  0.00
10-15   3     38  1.00  0.00
10-15   4     48  1.00  0.00
10-15   5     51  1.00  0.00
10-15   6     92  1.00  0.00
10-15   7     63  1.00  0.00
10-15   8     68  1.00  0.00
15-20   1     30  1.00  0.00
15-20   2     42  1.00  0.00
15-20   3     79  1.00  0.00
15-20   4    156  1.00  0.00
15-20   5    134  1.00  0.00
15-20   6    198  1.00  0.00
15-20   7    180  1.00  0.00
15-20   8    137  1.00  0.00
20-30   1     29  1.00  0.00
20-30   2     74  1.00  0.00
20-30   3     99  1.00  0.00
20-30   4    225  1.00  0.00
20-30   5    176  1.00  0.00
20-30   6    252  1.00  0.00
20-30   7    412  1.00  0.00
20-30   8    265  1.00  0.00
30-40   1      9  1.00  0.00
30-40   2     28  1.00  0.00
30-40   3     24  1.00  0.00
30-40   4     40  1.00  0.00
30-40   5     36  1.00  0.00
30-40   6     42  1.00  0.00
30-40   7     70  1.00  0.00
30-40   8      0  0.00  0.00
40-50   1      5  1.00  0.00
40-50   2     19  1.00  0.00
40-50   3     29  1.00  0.00
40-50   4     25  1.00  0.00
40-50   5     79  1.00  0.00
40-50   6     20  1.00  0.00
40-50   7     26  1.00  0.00
40-50   8      0  0.00  0.00


 252                   : lake code
Quatse_2005         Hanslit-Bachen
050111                 : date
SIMRAD               2 : 1 = FURUNO FM 22  /  2 = SIMRAD
10   : Sounder Gain    : Sounder Gain

11Jan05/1Apr05/BH/EYM/20069/0/0/0/3/0/0/                                                                      

depth / transect / targets / %sockeye / %stickleback

  2-5   1      4  1.00  0.00
  2-5   2      8  1.00  0.00
  2-5   3      4  1.00  0.00
  2-5   4      5  1.00  0.00
  2-5   5      5  1.00  0.00
  2-5   6      4  1.00  0.00
  2-5   7      3  1.00  0.00
  3-5   1      0  0.00  0.00
  3-5   2      0  0.00  0.00
  3-5   3      0  0.00  0.00
  3-5   4      0  0.00  0.00
  3-5   5      0  0.00  0.00
  3-5   6      0  0.00  0.00
  3-5   7      0  0.00  0.00
 5-10   1     34  1.00  0.00
 5-10   2     35  1.00  0.00
 5-10   3     41  1.00  0.00
 5-10   4     43  1.00  0.00
 5-10   5     34  1.00  0.00
 5-10   6     29  1.00  0.00
 5-10   7     29  1.00  0.00
10-15   1     11  1.00  0.00
10-15   2     10  1.00  0.00
10-15   3     13  1.00  0.00
10-15   4      0  0.00  0.00
10-15   5     12  1.00  0.00
10-15   6      3  1.00  0.00
10-15   7     12  1.00  0.00
15-20   1      6  1.00  0.00
15-20   2      2  1.00  0.00
15-20   3      0  0.00  0.00
15-20   4      0  0.00  0.00
15-20   5      9  1.00  0.00
15-20   6      0  0.00  0.00
15-20   7     11  1.00  0.00


 241                   : lake code
Skaha Lk            
040719                 : date
SIMRAD               2 : 1 = FURUNO FM 22  /  2 = SIMRAD
10   : Sounder Gain    : Sounder Gain

                                                                                                              

depth / transect / targets / %sockeye / %stickleback

  2-5   1      1  0.00  1.00
  2-5   2      0  1.00  0.00
  2-5   3      2  0.33  0.67
  2-5   4      1  0.33  0.67
  2-5   5      3  0.33  0.67
  2-5   6      0  1.00  0.00
  2-5   7      1  0.33  0.67
  2-5   8      0  0.00  0.00
  2-5   9      0  0.00  0.00
  3-5   1      0  0.00  0.00
  3-5   2      0  0.00  0.00
  3-5   3      0  0.00  0.00
  3-5   4      0  0.00  0.00
  3-5   5      0  0.00  0.00
  3-5   6      0  0.00  0.00
  3-5   7      0  0.00  0.00
  3-5   8      0  0.00  0.00
  3-5   9      0  0.00  0.00
 5-10   1      8  0.33  0.67
 5-10   2     10  0.33  0.67
 5-10   3      2  0.33  0.67
 5-10   4      0  1.00  0.00
 5-10   5      6  0.33  0.67
 5-10   6     14  0.33  0.67
 5-10   7      3  0.33  0.67
 5-10   8      0  0.00  0.00
 5-10   9      0  0.00  0.00
10-15   1    151  0.33  0.67
10-15   2     72  0.33  0.67
10-15   3     91  0.33  0.67
10-15   4      7  0.33  0.67
10-15   5    186  0.33  0.67
10-15   6    150  0.33  0.67
10-15   7    127  0.33  0.67
10-15   8      0  0.00  0.00
10-15   9      0  0.00  0.00
15-20   1     77  0.33  0.67
15-20   2     14  0.33  0.67
15-20   3     62  0.33  0.67
15-20   4     34  0.33  0.67
15-20   5     66  0.33  0.67
15-20   6    111  0.33  0.67
15-20   7     71  0.33  0.67
15-20   8      0  0.00  0.00
15-20   9      0  0.00  0.00
20-30   1    147  0.33  0.67
20-30   2    113  0.33  0.67
20-30   3    203  0.33  0.67
20-30   4     18  0.33  0.67
20-30   5    172  0.33  0.67
20-30   6    270  0.33  0.67
20-30   7    212  0.33  0.67
20-30   8      0  0.00  0.00
20-30   9      0  0.00  0.00
30-40   1    111  0.33  0.67
30-40   2     75  0.33  0.67
30-40   3     96  0.33  0.67
30-40   4      0  0.00  0.00
30-40   5     48  0.33  0.67
30-40   6    116  0.33  0.67
30-40   7     39  0.33  0.67
30-40   8      0  0.00  0.00
30-40   9      0  0.00  0.00
40-50   1     20  0.33  0.67
40-50   2     19  0.33  0.67
40-50   3     10  0.33  0.67
40-50   4      0  0.00  0.00
40-50   5      7  0.33  0.67
40-50   6     27  0.33  0.67
40-50   7      0  0.00  0.00
40-50   8      0  0.00  0.00
40-50   9      0  0.00  0.00
50-60   1      0  0.00  0.00
50-60   2      3  0.33  0.67
50-60   3      0  1.00  0.00
50-60   4      0  0.00  0.00
50-60   5      0  0.00  0.00
50-60   6      6  0.33  0.67
50-60   7      0  0.00  0.00
50-60   8      0  0.00  0.00
50-60   9      0  0.00  0.00
60-70   1      0  0.00  0.00
60-70   2      0  0.00  0.00
60-70   3      0  0.00  0.00
60-70   4      0  0.00  0.00
60-70   5      0  0.00  0.00
60-70   6      0  0.00  0.00
60-70   7      0  0.00  0.00
60-70   8      0  0.00  0.00
60-70   9      0  0.00  0.00


 241                   : lake code
Skaha Lk            Adult Targets
041104                 : date
SIMRAD               2 : 1 = FURUNO FM 22  /  2 = SIMRAD
10   : Sounder Gain    : Sounder Gain

2Nov04/17Nov04/BH/EYM/20069/0/0/0/16/48/0                                                                     

depth / transect / targets / %sockeye / %stickleback

  2-5   1      0  1.00  0.00
  2-5   2      0  1.00  0.00
  2-5   3      0  1.00  0.00
  2-5   4      0  1.00  0.00
  2-5   5      0  1.00  0.00
  2-5   6      0  1.00  0.00
  2-5   7      0  1.00  0.00
  2-5   8      0  0.00  0.00
  2-5   9      0  0.00  0.00
  3-5   1      0  0.00  0.00
  3-5   2      0  0.00  0.00
  3-5   3      0  0.00  0.00
  3-5   4      0  0.00  0.00
  3-5   5      0  0.00  0.00
  3-5   6      0  0.00  0.00
  3-5   7      0  0.00  0.00
  3-5   8      0  0.00  0.00
  3-5   9      0  0.00  0.00
 5-10   1      4  1.00  0.00
 5-10   2      2  1.00  0.00
 5-10   3      1  1.00  0.00
 5-10   4      0  1.00  0.00
 5-10   5      0  1.00  0.00
 5-10   6      3  1.00  0.00
 5-10   7     10  1.00  0.00
 5-10   8      0  0.00  0.00
 5-10   9      0  0.00  0.00
10-15   1     10  1.00  0.00
10-15   2      8  1.00  0.00
10-15   3      1  1.00  0.00
10-15   4      4  1.00  0.00
10-15   5      1  1.00  0.00
10-15   6      6  1.00  0.00
10-15   7     10  1.00  0.00
10-15   8      0  0.00  0.00
10-15   9      0  0.00  0.00
15-20   1     12  1.00  0.00
15-20   2      7  1.00  0.00
15-20   3      1  1.00  0.00
15-20   4      5  1.00  0.00
15-20   5      0  1.00  0.00
15-20   6     21  1.00  0.00
15-20   7      4  1.00  0.00
15-20   8      0  0.00  0.00
15-20   9      0  0.00  0.00
20-30   1     29  1.00  0.00
20-30   2     11  1.00  0.00
20-30   3      8  1.00  0.00
20-30   4     17  1.00  0.00
20-30   5     13  1.00  0.00
20-30   6     22  1.00  0.00
20-30   7     22  1.00  0.00
20-30   8      0  0.00  0.00
20-30   9      0  0.00  0.00
30-40   1     18  1.00  0.00
30-40   2    114  1.00  0.00
30-40   3     53  1.00  0.00
30-40   4      0  0.00  0.00
30-40   5     24  1.00  0.00
30-40   6    162  1.00  0.00
30-40   7    139  1.00  0.00
30-40   8      0  0.00  0.00
30-40   9      0  0.00  0.00
40-50   1     86  1.00  0.00
40-50   2     87  1.00  0.00
40-50   3     31  1.00  0.00
40-50   4      0  0.00  0.00
40-50   5      0  0.00  0.00
40-50   6    139  1.00  0.00
40-50   7    174  1.00  0.00
40-50   8      0  0.00  0.00
40-50   9      0  0.00  0.00
50-60   1      0  0.00  0.00
50-60   2     30  1.00  0.00
50-60   3      0  0.00  0.00
50-60   4      0  0.00  0.00
50-60   5      0  0.00  0.00
50-60   6     39  1.00  0.00
50-60   7     40  1.00  0.00
50-60   8      0  0.00  0.00
50-60   9      0  0.00  0.00
60-70   1      0  0.00  0.00
60-70   2      0  0.00  0.00
60-70   3      0  0.00  0.00
60-70   4      0  0.00  0.00
60-70   5      0  0.00  0.00
60-70   6      0  0.00  0.00
60-70   7      0  0.00  0.00
60-70   8      0  0.00  0.00
60-70   9      0  0.00  0.00


 241                   : lake code
Skaha Lk            Hanslit-Alexis Survey
050203                 : date
SIMRAD               2 : 1 = FURUNO FM 22  /  2 = SIMRAD
10   : Sounder Gain    : Sounder Gain

3Feb05/10Mar05/BH/EYM/20069/0/0/0/5/60/0                                                                      

depth / transect / targets / %sockeye / %stickleback

  2-5   1      0  1.00  0.00
  2-5   2      0  1.00  0.00
  2-5   3      2  1.00  0.00
  2-5   4      0  1.00  0.00
  2-5   5      0  1.00  0.00
  2-5   6      3  1.00  0.00
  2-5   7      1  1.00  0.00
  2-5   8      0  0.00  0.00
  2-5   9      0  0.00  0.00
  3-5   1      0  0.00  0.00
  3-5   2      0  0.00  0.00
  3-5   3      0  0.00  0.00
  3-5   4      0  0.00  0.00
  3-5   5      0  0.00  0.00
  3-5   6      0  0.00  0.00
  3-5   7      0  0.00  0.00
  3-5   8      0  0.00  0.00
  3-5   9      0  0.00  0.00
 5-10   1      2  1.00  0.00
 5-10   2      0  1.00  0.00
 5-10   3      5  1.00  0.00
 5-10   4      1  1.00  0.00
 5-10   5      5  1.00  0.00
 5-10   6      6  1.00  0.00
 5-10   7      8  1.00  0.00
 5-10   8      0  0.00  0.00
 5-10   9      0  0.00  0.00
10-15   1      9  1.00  0.00
10-15   2      3  1.00  0.00
10-15   3     10  1.00  0.00
10-15   4      1  1.00  0.00
10-15   5     10  1.00  0.00
10-15   6     39  1.00  0.00
10-15   7     19  1.00  0.00
10-15   8      0  0.00  0.00
10-15   9      0  0.00  0.00
15-20   1     27  1.00  0.00
15-20   2     19  1.00  0.00
15-20   3     13  1.00  0.00
15-20   4      4  1.00  0.00
15-20   5     26  1.00  0.00
15-20   6    155  1.00  0.00
15-20   7     40  1.00  0.00
15-20   8      0  0.00  0.00
15-20   9      0  0.00  0.00
20-30   1    426  1.00  0.00
20-30   2    160  1.00  0.00
20-30   3    274  1.00  0.00
20-30   4     23  1.00  0.00
20-30   5    294  1.00  0.00
20-30   6    542  1.00  0.00
20-30   7    203  1.00  0.00
20-30   8      0  0.00  0.00
20-30   9      0  0.00  0.00
30-40   1    683  1.00  0.00
30-40   2    203  1.00  0.00
30-40   3    299  1.00  0.00
30-40   4      0  0.00  0.00
30-40   5    547  1.00  0.00
30-40   6    634  1.00  0.00
30-40   7    178  1.00  0.00
30-40   8      0  0.00  0.00
30-40   9      0  0.00  0.00
40-50   1    281  1.00  0.00
40-50   2    121  1.00  0.00
40-50   3    229  1.00  0.00
40-50   4      0  0.00  0.00
40-50   5    296  1.00  0.00
40-50   6    338  1.00  0.00
40-50   7      0  0.00  0.00
40-50   8      0  0.00  0.00
40-50   9      0  0.00  0.00
50-60   1      0  0.00  0.00
50-60   2      0  0.00  0.00
50-60   3      0  0.00  0.00
50-60   4      0  0.00  0.00
50-60   5      0  0.00  0.00
50-60   6      0  0.00  0.00
50-60   7      0  0.00  0.00
50-60   8      0  0.00  0.00
50-60   9      0  0.00  0.00
60-70   1      0  0.00  0.00
60-70   2      0  0.00  0.00
60-70   3      0  0.00  0.00
60-70   4      0  0.00  0.00
60-70   5      0  0.00  0.00
60-70   6      0  0.00  0.00
60-70   7      0  0.00  0.00
60-70   8      0  0.00  0.00
60-70   9      0  0.00  0.00


   2                   : lake code
Sproat Lk           Hanslit-Bachen Survey
050126                 : date
SIMRAD               2 : 1 = FURUNO FM 22  /  2 = SIMRAD
10   : Sounder Gain    : Sounder Gain

26Jan05/22Mar05/BH/EY500/0/0/0/5/74/0                                                                         

depth / transect / targets / %sockeye / %stickleback

  2-5   1      7  1.00  0.00
  2-5   2      3  1.00  0.00
  2-5   3      3  1.00  0.00
  2-5   4      1  1.00  0.00
  2-5   5      4  1.00  0.00
  2-5   6      6  1.00  0.00
  2-5   7      4  1.00  0.00
  2-5   8      7  1.00  0.00
  2-5   9      5  1.00  0.00
  2-5  10      6  1.00  0.00
  2-5  11      5  1.00  0.00
  3-5   1      0  0.00  0.00
  3-5   2      0  0.00  0.00
  3-5   3      0  0.00  0.00
  3-5   4      0  0.00  0.00
  3-5   5      0  0.00  0.00
  3-5   6      0  0.00  0.00
  3-5   7      0  0.00  0.00
  3-5   8      0  0.00  0.00
  3-5   9      0  0.00  0.00
  3-5  10      0  0.00  0.00
  3-5  11      0  0.00  0.00
 5-10   1     25  1.00  0.00
 5-10   2     30  1.00  0.00
 5-10   3     51  1.00  0.00
 5-10   4     30  1.00  0.00
 5-10   5     28  1.00  0.00
 5-10   6     16  1.00  0.00
 5-10   7     50  1.00  0.00
 5-10   8     44  1.00  0.00
 5-10   9     51  1.00  0.00
 5-10  10     43  1.00  0.00
 5-10  11     45  1.00  0.00
10-15   1     77  1.00  0.00
10-15   2     67  1.00  0.00
10-15   3     87  1.00  0.00
10-15   4    100  1.00  0.00
10-15   5     62  1.00  0.00
10-15   6     40  1.00  0.00
10-15   7    116  1.00  0.00
10-15   8     98  1.00  0.00
10-15   9     99  1.00  0.00
10-15  10    121  1.00  0.00
10-15  11     81  1.00  0.00
15-20   1     63  1.00  0.00
15-20   2     79  1.00  0.00
15-20   3    134  1.00  0.00
15-20   4    177  1.00  0.00
15-20   5    130  1.00  0.00
15-20   6     80  1.00  0.00
15-20   7    214  1.00  0.00
15-20   8    186  1.00  0.00
15-20   9    131  1.00  0.00
15-20  10    197  1.00  0.00
15-20  11    258  1.00  0.00
20-30   1    107  1.00  0.00
20-30   2    151  1.00  0.00
20-30   3    301  1.00  0.00
20-30   4    473  1.00  0.00
20-30   5    411  1.00  0.00
20-30   6    211  1.00  0.00
20-30   7    564  1.00  0.00
20-30   8    334  1.00  0.00
20-30   9    188  1.00  0.00
20-30  10    236  1.00  0.00
20-30  11    681  1.00  0.00
30-40   1     79  1.00  0.00
30-40   2    126  1.00  0.00
30-40   3    250  1.00  0.00
30-40   4    503  1.00  0.00
30-40   5    508  1.00  0.00
30-40   6    140  1.00  0.00
30-40   7    516  1.00  0.00
30-40   8    254  1.00  0.00
30-40   9    113  1.00  0.00
30-40  10    197  1.00  0.00
30-40  11    546  1.00  0.00
40-50   1     42  1.00  0.00
40-50   2     82  1.00  0.00
40-50   3    163  1.00  0.00
40-50   4    485  1.00  0.00
40-50   5    139  1.00  0.00
40-50   6     43  1.00  0.00
40-50   7    492  1.00  0.00
40-50   8    156  1.00  0.00
40-50   9     67  1.00  0.00
40-50  10     85  1.00  0.00
40-50  11    180  1.00  0.00
50-60   1      0  0.00  0.00
50-60   2      0  0.00  0.00
50-60   3      0  0.00  0.00
50-60   4      0  0.00  0.00
50-60   5      0  0.00  0.00
50-60   6      0  0.00  0.00
50-60   7      0  0.00  0.00
50-60   8      0  0.00  0.00
50-60   9      0  0.00  0.00
50-60  10      0  0.00  0.00
50-60  11      0  0.00  0.00
60-70   1      0  0.00  0.00
60-70   2      0  0.00  0.00
60-70   3      0  0.00  0.00
60-70   4      0  0.00  0.00
60-70   5      0  0.00  0.00
60-70   6      0  0.00  0.00
60-70   7      0  0.00  0.00
60-70   8      0  0.00  0.00
60-70   9      0  0.00  0.00
60-70  10      0  0.00  0.00
60-70  11      0  0.00  0.00
70-80   1      0  0.00  0.00
70-80   2      0  0.00  0.00
70-80   3      0  0.00  0.00
70-80   4      0  0.00  0.00
70-80   5      0  0.00  0.00
70-80   6      0  0.00  0.00
70-80   7      0  0.00  0.00
70-80   8      0  0.00  0.00
70-80   9      0  0.00  0.00
70-80  10      0  0.00  0.00
70-80  11      0  0.00  0.00


  66                   : lake code
Tatsamenie Lk       processed by pr, 24Nov04.
041003                 : date
SIMRAD               2 : 1 = FURUNO FM 22  /  2 = SIMRAD
10   : Sounder Gain    : Sounder Gain
not available
Mercer survey. Transect #3.5 not counted.                                                                     

depth / transect / targets / %sockeye / %stickleback

  2-5   1      4  1.00  0.00
  2-5   2      0  1.00  0.00
  2-5   3      0  1.00  0.00
  2-5   4      0  1.00  0.00
  2-5   5      0  1.00  0.00
  2-5   6      2  1.00  0.00
  2-5   7      1  1.00  0.00
  2-5   8      0  0.00  0.00
  2-5   9      0  0.00  0.00
  2-5  10      0  0.00  0.00
  2-5  11      0  0.00  0.00
  2-5  12      0  0.00  0.00
  2-5  13      8  1.00  0.00
  2-5  14      5  1.00  0.00
  2-5  15      2  1.00  0.00
  2-5  16      0  0.00  0.00
  3-5   1      0  0.00  0.00
  3-5   2      0  0.00  0.00
  3-5   3      0  0.00  0.00
  3-5   4      0  0.00  0.00
  3-5   5      0  0.00  0.00
  3-5   6      0  0.00  0.00
  3-5   7      0  0.00  0.00
  3-5   8      0  0.00  0.00
  3-5   9      0  0.00  0.00
  3-5  10      0  0.00  0.00
  3-5  11      0  0.00  0.00
  3-5  12      0  0.00  0.00
  3-5  13      0  0.00  0.00
  3-5  14      0  0.00  0.00
  3-5  15      0  0.00  0.00
  3-5  16      0  0.00  0.00
 5-10   1     14  1.00  0.00
 5-10   2      7  1.00  0.00
 5-10   3     16  1.00  0.00
 5-10   4     18  1.00  0.00
 5-10   5     12  1.00  0.00
 5-10   6     10  1.00  0.00
 5-10   7      6  1.00  0.00
 5-10   8      0  0.00  0.00
 5-10   9      0  0.00  0.00
 5-10  10      0  0.00  0.00
 5-10  11      0  0.00  0.00
 5-10  12      0  0.00  0.00
 5-10  13      2  1.00  0.00
 5-10  14     37  1.00  0.00
 5-10  15     28  1.00  0.00
 5-10  16      0  0.00  0.00
10-15   1     75  1.00  0.00
10-15   2     25  1.00  0.00
10-15   3     27  1.00  0.00
10-15   4     11  1.00  0.00
10-15   5     28  1.00  0.00
10-15   6     22  1.00  0.00
10-15   7     49  1.00  0.00
10-15   8      0  0.00  0.00
10-15   9      0  0.00  0.00
10-15  10      0  0.00  0.00
10-15  11      0  0.00  0.00
10-15  12      0  0.00  0.00
10-15  13     12  1.00  0.00
10-15  14    153  1.00  0.00
10-15  15     97  1.00  0.00
10-15  16      0  0.00  0.00
15-20   1    123  1.00  0.00
15-20   2     61  1.00  0.00
15-20   3     42  1.00  0.00
15-20   4     25  1.00  0.00
15-20   5     33  1.00  0.00
15-20   6     56  1.00  0.00
15-20   7     51  1.00  0.00
15-20   8      0  0.00  0.00
15-20   9      0  0.00  0.00
15-20  10      0  0.00  0.00
15-20  11      0  0.00  0.00
15-20  12      0  0.00  0.00
15-20  13     28  1.00  0.00
15-20  14    340  1.00  0.00
15-20  15    141  1.00  0.00
15-20  16      0  0.00  0.00
20-30   1    438  1.00  0.00
20-30   2    120  1.00  0.00
20-30   3    138  1.00  0.00
20-30   4     74  1.00  0.00
20-30   5     28  1.00  0.00
20-30   6     43  1.00  0.00
20-30   7     81  1.00  0.00
20-30   8      0  0.00  0.00
20-30   9      0  0.00  0.00
20-30  10      0  0.00  0.00
20-30  11      0  0.00  0.00
20-30  12      0  0.00  0.00
20-30  13     30  1.00  0.00
20-30  14   1203  1.00  0.00
20-30  15    375  1.00  0.00
20-30  16      0  0.00  0.00
30-40   1    309  1.00  0.00
30-40   2    185  1.00  0.00
30-40   3    231  1.00  0.00
30-40   4    142  1.00  0.00
30-40   5    116  1.00  0.00
30-40   6     23  1.00  0.00
30-40   7     49  1.00  0.00
30-40   8      0  0.00  0.00
30-40   9      0  0.00  0.00
30-40  10      0  0.00  0.00
30-40  11      0  0.00  0.00
30-40  12      0  0.00  0.00
30-40  13     14  1.00  0.00
30-40  14    858  1.00  0.00
30-40  15    617  1.00  0.00
30-40  16      0  0.00  0.00
40-50   1     35  1.00  0.00
40-50   2     20  1.00  0.00
40-50   3     26  1.00  0.00
40-50   4     78  1.00  0.00
40-50   5     50  1.00  0.00
40-50   6     35  1.00  0.00
40-50   7      0  0.00  0.00
40-50   8      0  0.00  0.00
40-50   9      0  0.00  0.00
40-50  10      0  0.00  0.00
40-50  11      0  0.00  0.00
40-50  12      0  0.00  0.00
40-50  13     16  1.00  0.00
40-50  14    226  1.00  0.00
40-50  15     98  1.00  0.00
40-50  16      0  0.00  0.00
50-60   1     24  1.00  0.00
50-60   2      9  1.00  0.00
50-60   3      1  1.00  0.00
50-60   4      8  1.00  0.00
50-60   5      5  1.00  0.00
50-60   6     10  1.00  0.00
50-60   7      0  0.00  0.00
50-60   8      0  0.00  0.00
50-60   9      0  0.00  0.00
50-60  10      0  0.00  0.00
50-60  11      0  0.00  0.00
50-60  12      0  0.00  0.00
50-60  13      8  1.00  0.00
50-60  14     55  1.00  0.00
50-60  15     14  1.00  0.00
50-60  16      0  0.00  0.00


  67                   : lake code
Trapper Lk          Mercer
040824                 : date
SIMRAD               2 : 1 = FURUNO FM 22  /  2 = SIMRAD
10   : Sounder Gain    : Sounder Gain

                                                                                                              

depth / transect / targets / %sockeye / %stickleback

  2-5   1      0  1.00  0.00
  2-5   2      0  1.00  0.00
  2-5   3      0  1.00  0.00
  2-5   4      5  1.00  0.00
  2-5   5      2  1.00  0.00
  3-5   1      0  0.00  0.00
  3-5   2      0  0.00  0.00
  3-5   3      0  0.00  0.00
  3-5   4      0  0.00  0.00
  3-5   5      0  0.00  0.00
 5-10   1     16  1.00  0.00
 5-10   2      5  1.00  0.00
 5-10   3      8  1.00  0.00
 5-10   4     32  1.00  0.00
 5-10   5     10  1.00  0.00
10-15   1      7  1.00  0.00
10-15   2      5  1.00  0.00
10-15   3      5  1.00  0.00
10-15   4     43  1.00  0.00
10-15   5     28  1.00  0.00
15-20   1      2  1.00  0.00
15-20   2      1  1.00  0.00
15-20   3      0  1.00  0.00
15-20   4      5  1.00  0.00
15-20   5      7  1.00  0.00
20-30   1      0  1.00  0.00
20-30   2      0  1.00  0.00
20-30   3      0  1.00  0.00
20-30   4      0  1.00  0.00
20-30   5      0  1.00  0.00
30-40   1      0  1.00  0.00
30-40   2      0  1.00  0.00
30-40   3      0  1.00  0.00
30-40   4      0  1.00  0.00
30-40   5      0  1.00  0.00
40-50   1      0  0.00  0.00
40-50   2      0  0.00  0.00
40-50   3      0  0.00  0.00
40-50   4      0  0.00  0.00
40-50   5      0  0.00  0.00
50-60   1      0  0.00  0.00
50-60   2      0  0.00  0.00
50-60   3      0  0.00  0.00
50-60   4      0  0.00  0.00
50-60   5      0  0.00  0.00


 175                   : lake code
Tuya Lk             Hanslit-Ferguson Survey
040912                 : date
SIMRAD               2 : 1 = FURUNO FM 22  /  2 = SIMRAD
10   : Sounder Gain    : Sounder Gain

12Sep04/9Nov04/BH/EYM/20069/0/0/0/0/0/0/0                                                                     

depth / transect / targets / %sockeye / %stickleback

  2-5   1      0  1.00  0.00
  2-5   2      3  1.00  0.00
  2-5   3      7  1.00  0.00
  2-5   4      2  1.00  0.00
  2-5   5      0  1.00  0.00
  2-5   6      0  1.00  0.00
  2-5   7      0  1.00  0.00
  2-5   8      0  1.00  0.00
  2-5   9      0  1.00  0.00
  2-5  10      0  1.00  0.00
  3-5   1      0  0.00  0.00
  3-5   2      0  0.00  0.00
  3-5   3      0  0.00  0.00
  3-5   4      0  0.00  0.00
  3-5   5      0  0.00  0.00
  3-5   6      0  0.00  0.00
  3-5   7      0  0.00  0.00
  3-5   8      0  0.00  0.00
  3-5   9      0  0.00  0.00
  3-5  10      0  0.00  0.00
 5-10   1      0  1.00  0.00
 5-10   2     14  1.00  0.00
 5-10   3     34  1.00  0.00
 5-10   4     84  1.00  0.00
 5-10   5      0  1.00  0.00
 5-10   6      0  1.00  0.00
 5-10   7      2  1.00  0.00
 5-10   8      1  1.00  0.00
 5-10   9      5  1.00  0.00
 5-10  10      5  1.00  0.00
10-15   1      1  1.00  0.00
10-15   2     16  1.00  0.00
10-15   3    116  1.00  0.00
10-15   4    252  1.00  0.00
10-15   5      0  0.00  0.00
10-15   6      1  1.00  0.00
10-15   7      9  1.00  0.00
10-15   8      2  1.00  0.00
10-15   9      1  1.00  0.00
10-15  10      3  1.00  0.00
15-20   1     10  1.00  0.00
15-20   2     35  1.00  0.00
15-20   3    118  1.00  0.00
15-20   4    102  1.00  0.00
15-20   5      0  0.00  0.00
15-20   6      4  1.00  0.00
15-20   7      7  1.00  0.00
15-20   8     21  1.00  0.00
15-20   9      2  1.00  0.00
15-20  10      1  1.00  0.00
20-30   1      2  1.00  0.00
20-30   2     15  1.00  0.00
20-30   3     27  1.00  0.00
20-30   4      7  1.00  0.00
20-30   5      0  0.00  0.00
20-30   6      0  0.00  0.00
20-30   7      2  1.00  0.00
20-30   8      6  1.00  0.00
20-30   9      4  1.00  0.00
20-30  10      0  1.00  0.00
30-40   1      0  1.00  0.00
30-40   2      0  1.00  0.00
30-40   3      0  1.00  0.00
30-40   4      0  1.00  0.00
30-40   5      0  0.00  0.00
30-40   6      0  0.00  0.00
30-40   7      0  1.00  0.00
30-40   8      0  1.00  0.00
30-40   9      2  1.00  0.00
30-40  10      0  1.00  0.00
40-50   1      0  0.00  0.00
40-50   2      0  0.00  0.00
40-50   3      0  0.00  0.00
40-50   4      0  0.00  0.00
40-50   5      0  0.00  0.00
40-50   6      0  0.00  0.00
40-50   7      0  0.00  0.00
40-50   8      0  0.00  0.00
40-50   9      0  0.00  0.00
40-50  10      0  0.00  0.00


 241                   : lake code
Skaha Lk            Hanslit-Hill Survey
041102                 : date
SIMRAD               2 : 1 = FURUNO FM 22  /  2 = SIMRAD
10   : Sounder Gain    : Sounder Gain

2Nov04/17Nov04/BH/EYM/20069/0/0/0/16/48/0                                                                     

depth / transect / targets / %sockeye / %stickleback

  2-5   1      4  1.00  0.00
  2-5   2      1  1.00  0.00
  2-5   3      2  1.00  0.00
  2-5   4      0  1.00  0.00
  2-5   5      0  1.00  0.00
  2-5   6      1  1.00  0.00
  2-5   7     11  1.00  0.00
  2-5   8      0  0.00  0.00
  2-5   9      0  0.00  0.00
  3-5   1      0  0.00  0.00
  3-5   2      0  0.00  0.00
  3-5   3      0  0.00  0.00
  3-5   4      0  0.00  0.00
  3-5   5      0  0.00  0.00
  3-5   6      0  0.00  0.00
  3-5   7      0  0.00  0.00
  3-5   8      0  0.00  0.00
  3-5   9      0  0.00  0.00
 5-10   1     12  1.00  0.00
 5-10   2     15  1.00  0.00
 5-10   3      6  1.00  0.00
 5-10   4     15  1.00  0.00
 5-10   5      2  1.00  0.00
 5-10   6     15  1.00  0.00
 5-10   7     36  1.00  0.00
 5-10   8      0  0.00  0.00
 5-10   9      0  0.00  0.00
10-15   1     19  1.00  0.00
10-15   2     22  1.00  0.00
10-15   3      5  1.00  0.00
10-15   4     19  1.00  0.00
10-15   5      6  1.00  0.00
10-15   6     16  1.00  0.00
10-15   7     41  1.00  0.00
10-15   8      0  0.00  0.00
10-15   9      0  0.00  0.00
15-20   1     24  1.00  0.00
15-20   2     31  1.00  0.00
15-20   3     10  1.00  0.00
15-20   4     27  1.00  0.00
15-20   5     16  1.00  0.00
15-20   6     28  1.00  0.00
15-20   7     73  1.00  0.00
15-20   8      0  0.00  0.00
15-20   9      0  0.00  0.00
20-30   1     51  1.00  0.00
20-30   2    169  1.00  0.00
20-30   3     84  1.00  0.00
20-30   4     61  1.00  0.00
20-30   5    115  1.00  0.00
20-30   6    217  1.00  0.00
20-30   7    282  1.00  0.00
20-30   8      0  0.00  0.00
20-30   9      0  0.00  0.00
30-40   1    111  1.00  0.00
30-40   2    236  1.00  0.00
30-40   3    104  1.00  0.00
30-40   4      0  0.00  0.00
30-40   5     67  1.00  0.00
30-40   6    419  1.00  0.00
30-40   7    408  1.00  0.00
30-40   8      0  0.00  0.00
30-40   9      0  0.00  0.00
40-50   1    103  0.00  0.00
40-50   2    133  1.00  0.00
40-50   3     54  1.00  0.00
40-50   4      0  0.00  0.00
40-50   5      0  0.00  0.00
40-50   6    167  1.00  0.00
40-50   7    208  1.00  0.00
40-50   8      0  0.00  0.00
40-50   9      0  0.00  0.00
50-60   1      0  0.00  0.00
50-60   2     46  1.00  0.00
50-60   3      0  0.00  0.00
50-60   4      0  0.00  0.00
50-60   5      0  0.00  0.00
50-60   6     46  1.00  0.00
50-60   7     35  1.00  0.00
50-60   8      0  0.00  0.00
50-60   9      0  0.00  0.00
60-70   1      0  0.00  0.00
60-70   2      0  0.00  0.00
60-70   3      0  0.00  0.00
60-70   4      0  0.00  0.00
60-70   5      0  0.00  0.00
60-70   6      0  0.00  0.00
60-70   7      0  0.00  0.00
60-70   8      0  0.00  0.00
60-70   9      0  0.00  0.00


  23                   : lake code
Vernon Lk           Hanslit-Herriot Survey
040817                 : date
SIMRAD               2 : 1 = FURUNO FM 22  /  2 = SIMRAD
   : Sounder Gain      : Sounder Gain

                                                                                                              

depth / transect / targets / %sockeye / %stickleback

  2-5   1      0  1.00  0.00
  2-5   2      0  1.00  0.00
  2-5   3      0  1.00  0.00
  2-5   4      1  1.00  0.00
  2-5   5      0  1.00  0.00
  2-5   6      0  1.00  0.00
  2-5   7      4  1.00  0.00
  3-5   1      0  0.00  0.00
  3-5   2      0  0.00  0.00
  3-5   3      0  0.00  0.00
  3-5   4      0  0.00  0.00
  3-5   5      0  0.00  0.00
  3-5   6      0  0.00  0.00
  3-5   7      0  0.00  0.00
 5-10   1      4  1.00  0.00
 5-10   2      3  1.00  0.00
 5-10   3      2  1.00  0.00
 5-10   4     13  1.00  0.00
 5-10   5      2  1.00  0.00
 5-10   6      2  1.00  0.00
 5-10   7     28  1.00  0.00
10-15   1     99  1.00  0.00
10-15   2    108  1.00  0.00
10-15   3     57  1.00  0.00
10-15   4     30  1.00  0.00
10-15   5    256  1.00  0.00
10-15   6     90  1.00  0.00
10-15   7    116  1.00  0.00
15-20   1    102  1.00  0.00
15-20   2    129  1.00  0.00
15-20   3    102  1.00  0.00
15-20   4     25  1.00  0.00
15-20   5    296  1.00  0.00
15-20   6    165  1.00  0.00
15-20   7    160  1.00  0.00
20-30   1     62  1.00  0.00
20-30   2    103  1.00  0.00
20-30   3    133  1.00  0.00
20-30   4     54  1.00  0.00
20-30   5    205  1.00  0.00
20-30   6    177  1.00  0.00
20-30   7    166  1.00  0.00
30-40   1     26  1.00  0.00
30-40   2     80  1.00  0.00
30-40   3     99  1.00  0.00
30-40   4     90  1.00  0.00
30-40   5    114  1.00  0.00
30-40   6    130  1.00  0.00
30-40   7    160  1.00  0.00
40-50   1     10  1.00  0.00
40-50   2     47  1.00  0.00
40-50   3     48  1.00  0.00
40-50   4     76  1.00  0.00
40-50   5     50  1.00  0.00
40-50   6     71  1.00  0.00
40-50   7     95  1.00  0.00
50-60   1      2  1.00  0.00
50-60   2      1  1.00  0.00
50-60   3      3  1.00  0.00
50-60   4      2  1.00  0.00
50-60   5      5  1.00  0.00
50-60   6      8  1.00  0.00
50-60   7      9  1.00  0.00


  23                   : lake code
Vernon Lk           
040919                 : date
SIMRAD               2 : 1 = FURUNO FM 22  /  2 = SIMRAD
10   : Sounder Gain    : Sounder Gain

                                                                                                              

depth / transect / targets / %sockeye / %stickleback

  2-5   1      1  1.00  0.00
  2-5   2      1  1.00  0.00
  2-5   3      3  1.00  0.00
  2-5   4      6  1.00  0.00
  2-5   5      1  1.00  0.00
  2-5   6      2  1.00  0.00
  2-5   7     23  1.00  0.00
  3-5   1      0  0.00  0.00
  3-5   2      0  0.00  0.00
  3-5   3      0  0.00  0.00
  3-5   4      0  0.00  0.00
  3-5   5      0  0.00  0.00
  3-5   6      0  0.00  0.00
  3-5   7      0  0.00  0.00
 5-10   1      1  1.00  0.00
 5-10   2      5  1.00  0.00
 5-10   3     21  1.00  0.00
 5-10   4     17  1.00  0.00
 5-10   5      6  1.00  0.00
 5-10   6     22  1.00  0.00
 5-10   7     64  1.00  0.00
10-15   1     17  1.00  0.00
10-15   2     34  1.00  0.00
10-15   3     49  1.00  0.00
10-15   4     14  1.00  0.00
10-15   5     55  1.00  0.00
10-15   6     65  1.00  0.00
10-15   7    160  1.00  0.00
15-20   1     57  1.00  0.00
15-20   2    112  1.00  0.00
15-20   3    165  1.00  0.00
15-20   4     20  1.00  0.00
15-20   5    192  1.00  0.00
15-20   6    211  1.00  0.00
15-20   7    296  1.00  0.00
20-30   1     82  1.00  0.00
20-30   2    104  1.00  0.00
20-30   3     82  1.00  0.00
20-30   4     18  1.00  0.00
20-30   5    212  1.00  0.00
20-30   6    151  1.00  0.00
20-30   7    127  1.00  0.00
30-40   1     13  1.00  0.00
30-40   2     25  1.00  0.00
30-40   3     22  1.00  0.00
30-40   4     90  1.00  0.00
30-40   5     37  1.00  0.00
30-40   6     31  1.00  0.00
30-40   7     64  1.00  0.00
40-50   1     15  1.00  0.00
40-50   2    117  1.00  0.00
40-50   3     17  1.00  0.00
40-50   4     81  1.00  0.00
40-50   5     22  1.00  0.00
40-50   6     29  1.00  0.00
40-50   7     63  1.00  0.00
50-60   1      9  1.00  0.00
50-60   2     27  1.00  0.00
50-60   3     36  1.00  0.00
50-60   4     42  1.00  0.00
50-60   5     48  1.00  0.00
50-60   6     59  1.00  0.00
50-60   7     93  1.00  0.00


  23                   : lake code
Vernon Lk           
041020                 : date
SIMRAD               2 : 1 = FURUNO FM 22  /  2 = SIMRAD
10   : Sounder Gain    : Sounder Gain

                                                                                                              

depth / transect / targets / %sockeye / %stickleback

  2-5   1      1  1.00  0.00
  2-5   2      1  1.00  0.00
  2-5   3      6  1.00  0.00
  2-5   4      0  1.00  0.00
  2-5   5      2  1.00  0.00
  2-5   6      0  1.00  0.00
  2-5   7      5  1.00  0.00
  3-5   1      0  0.00  0.00
  3-5   2      0  0.00  0.00
  3-5   3      0  0.00  0.00
  3-5   4      0  0.00  0.00
  3-5   5      0  0.00  0.00
  3-5   6      0  0.00  0.00
  3-5   7      0  0.00  0.00
 5-10   1     14  1.00  0.00
 5-10   2      8  1.00  0.00
 5-10   3     24  1.00  0.00
 5-10   4      9  1.00  0.00
 5-10   5      6  1.00  0.00
 5-10   6     13  1.00  0.00
 5-10   7     24  1.00  0.00
10-15   1     27  1.00  0.00
10-15   2     36  1.00  0.00
10-15   3     40  1.00  0.00
10-15   4     21  1.00  0.00
10-15   5     37  1.00  0.00
10-15   6     65  1.00  0.00
10-15   7     28  1.00  0.00
15-20   1     47  1.00  0.00
15-20   2    104  1.00  0.00
15-20   3     59  1.00  0.00
15-20   4     11  1.00  0.00
15-20   5    132  1.00  0.00
15-20   6    143  1.00  0.00
15-20   7     29  1.00  0.00
20-30   1     74  1.00  0.00
20-30   2    159  1.00  0.00
20-30   3     90  1.00  0.00
20-30   4     16  1.00  0.00
20-30   5    277  1.00  0.00
20-30   6    203  1.00  0.00
20-30   7     95  1.00  0.00
30-40   1     46  1.00  0.00
30-40   2     73  1.00  0.00
30-40   3    118  1.00  0.00
30-40   4     19  1.00  0.00
30-40   5    126  1.00  0.00
30-40   6    113  1.00  0.00
30-40   7    112  1.00  0.00
40-50   1     32  1.00  0.00
40-50   2     69  1.00  0.00
40-50   3     94  1.00  0.00
40-50   4     36  1.00  0.00
40-50   5    124  1.00  0.00
40-50   6    157  1.00  0.00
40-50   7    252  1.00  0.00
50-60   1     36  1.00  0.00
50-60   2     78  1.00  0.00
50-60   3    103  1.00  0.00
50-60   4     90  1.00  0.00
50-60   5    110  1.00  0.00
50-60   6    177  1.00  0.00
50-60   7    246  1.00  0.00


 253                   : lake code
Village Bay_2005    Hanslit-Bachen
050125                 : date
SIMRAD               2 : 1 = FURUNO FM 22  /  2 = SIMRAD
10   : Sounder Gain    : Sounder Gain

25Jan05/11Mar05/BH/EY500/0/0/0/2/0/0                                                                          

depth / transect / targets / %sockeye / %stickleback

  2-5   1      1  1.00  0.00
  2-5   2      0  1.00  0.00
  2-5   3      2  1.00  0.00
  2-5   4      2  1.00  0.00
  2-5   5      4  1.00  0.00
  2-5   6      7  1.00  0.00
  2-5   7      4  1.00  0.00
  2-5   8      3  1.00  0.00
  2-5   9      1  1.00  0.00
  2-5  10      0  1.00  0.00
  3-5   1      0  0.00  0.00
  3-5   2      0  0.00  0.00
  3-5   3      0  0.00  0.00
  3-5   4      0  0.00  0.00
  3-5   5      0  0.00  0.00
  3-5   6      0  0.00  0.00
  3-5   7      0  0.00  0.00
  3-5   8      0  0.00  0.00
  3-5   9      0  0.00  0.00
  3-5  10      0  0.00  0.00
 5-10   1      4  1.00  0.00
 5-10   2      4  1.00  0.00
 5-10   3      6  1.00  0.00
 5-10   4     11  1.00  0.00
 5-10   5     22  1.00  0.00
 5-10   6     10  1.00  0.00
 5-10   7     12  1.00  0.00
 5-10   8     10  1.00  0.00
 5-10   9      2  1.00  0.00
 5-10  10      1  1.00  0.00
10-15   1      1  1.00  0.00
10-15   2      8  1.00  0.00
10-15   3     23  1.00  0.00
10-15   4     27  1.00  0.00
10-15   5     23  1.00  0.00
10-15   6     18  1.00  0.00
10-15   7     19  1.00  0.00
10-15   8     18  1.00  0.00
10-15   9      7  1.00  0.00
10-15  10      1  1.00  0.00
15-20   1     11  1.00  0.00
15-20   2      7  1.00  0.00
15-20   3     21  1.00  0.00
15-20   4     50  1.00  0.00
15-20   5     40  1.00  0.00
15-20   6     20  1.00  0.00
15-20   7     14  1.00  0.00
15-20   8     15  1.00  0.00
15-20   9      4  1.00  0.00
15-20  10      5  1.00  0.00
20-30   1     12  1.00  0.00
20-30   2      8  1.00  0.00
20-30   3     41  1.00  0.00
20-30   4     67  1.00  0.00
20-30   5     43  1.00  0.00
20-30   6     20  1.00  0.00
20-30   7     22  1.00  0.00
20-30   8     15  1.00  0.00
20-30   9     10  1.00  0.00
20-30  10     15  1.00  0.00
30-40   1      9  1.00  0.00
30-40   2     16  1.00  0.00
30-40   3     53  1.00  0.00
30-40   4     52  1.00  0.00
30-40   5     41  1.00  0.00
30-40   6     32  1.00  0.00
30-40   7     28  1.00  0.00
30-40   8     30  1.00  0.00
30-40   9     25  1.00  0.00
30-40  10     22  1.00  0.00
40-50   1      0  0.00  0.00
40-50   2      0  0.00  0.00
40-50   3      0  0.00  0.00
40-50   4     44  1.00  0.00
40-50   5     35  1.00  0.00
40-50   6     15  1.00  0.00
40-50   7      0  0.00  0.00
40-50   8      0  0.00  0.00
40-50   9      0  0.00  0.00
40-50  10      0  0.00  0.00


  22                   : lake code
Woss Lk             Hanslit-Bachen Survey
040616                 : date
SIMRAD               2 : 1 = FURUNO FM 22  /  2 = SIMRAD
10   : Sounder Gain    : Sounder Gain

                                                                                                              

depth / transect / targets / %sockeye / %stickleback

  2-5   1     19  1.00  0.00
  2-5   2     21  1.00  0.00
  2-5   3     29  1.00  0.00
  2-5   4      0  1.00  0.00
  2-5   5      0  1.00  0.00
  2-5   6      0  1.00  0.00
  2-5   7      3  1.00  0.00
  2-5   8     20  1.00  0.00
  2-5   9     22  1.00  0.00
  2-5  10      0  0.00  0.00
  2-5  11      0  0.00  0.00
  2-5  12      0  0.00  0.00
  2-5  13      0  0.00  0.00
  2-5  14      0  0.00  0.00
  3-5   1      0  0.00  0.00
  3-5   2      0  0.00  0.00
  3-5   3      0  0.00  0.00
  3-5   4      0  0.00  0.00
  3-5   5      0  0.00  0.00
  3-5   6      0  0.00  0.00
  3-5   7      0  0.00  0.00
  3-5   8      0  0.00  0.00
  3-5   9      0  0.00  0.00
  3-5  10      0  0.00  0.00
  3-5  11      0  0.00  0.00
  3-5  12      0  0.00  0.00
  3-5  13      0  0.00  0.00
  3-5  14      0  0.00  0.00
 5-10   1     86  1.00  0.00
 5-10   2     18  1.00  0.00
 5-10   3     44  1.00  0.00
 5-10   4      1  1.00  0.00
 5-10   5      0  1.00  0.00
 5-10   6      2  1.00  0.00
 5-10   7     25  1.00  0.00
 5-10   8     45  1.00  0.00
 5-10   9     35  1.00  0.00
 5-10  10      0  0.00  0.00
 5-10  11      0  0.00  0.00
 5-10  12      0  0.00  0.00
 5-10  13      0  0.00  0.00
 5-10  14      0  0.00  0.00
10-15   1    145  1.00  0.00
10-15   2     13  1.00  0.00
10-15   3     27  1.00  0.00
10-15   4     20  1.00  0.00
10-15   5      0  1.00  0.00
10-15   6      5  1.00  0.00
10-15   7     25  1.00  0.00
10-15   8     16  1.00  0.00
10-15   9     16  1.00  0.00
10-15  10      0  0.00  0.00
10-15  11      0  0.00  0.00
10-15  12      0  0.00  0.00
10-15  13      0  0.00  0.00
10-15  14      0  0.00  0.00
15-20   1    182  1.00  0.00
15-20   2     21  1.00  0.00
15-20   3     23  1.00  0.00
15-20   4     36  1.00  0.00
15-20   5      2  1.00  0.00
15-20   6     35  1.00  0.00
15-20   7     14  1.00  0.00
15-20   8     22  1.00  0.00
15-20   9     62  1.00  0.00
15-20  10      0  0.00  0.00
15-20  11      0  0.00  0.00
15-20  12      0  0.00  0.00
15-20  13      0  0.00  0.00
15-20  14      0  0.00  0.00
20-30   1    150  1.00  0.00
20-30   2     50  1.00  0.00
20-30   3     33  1.00  0.00
20-30   4     20  1.00 10.00
20-30   5     15  1.00  0.00
20-30   6     42  1.00  0.00
20-30   7     12  1.00  0.00
20-30   8     38  1.00  0.00
20-30   9     34  1.00  0.00
20-30  10      0  0.00  0.00
20-30  11      0  0.00  0.00
20-30  12      0  0.00  0.00
20-30  13      0  0.00  0.00
20-30  14      0  0.00  0.00
30-40   1     18  1.00  0.00
30-40   2     18  1.00  0.00
30-40   3      9  1.00  0.00
30-40   4      1  1.00  0.00
30-40   5      1  1.00  0.00
30-40   6      4  1.00  0.00
30-40   7      4  1.00  0.00
30-40   8     29  1.00  0.00
30-40   9     12  1.00  0.00
30-40  10      0  0.00  0.00
30-40  11      0  0.00  0.00
30-40  12      0  0.00  0.00
30-40  13      0  0.00  0.00
30-40  14      0  0.00  0.00
40-50   1      4  1.00  0.00
40-50   2      3  1.00  0.00
40-50   3      0  1.00  0.00
40-50   4      6  1.00  0.00
40-50   5      3  1.00  0.00
40-50   6      5  1.00  0.00
40-50   7      5  1.00  0.00
40-50   8      1  1.00  0.00
40-50   9      1  1.00  0.00
40-50  10      0  0.00  0.00
40-50  11      0  0.00  0.00
40-50  12      0  0.00  0.00
40-50  13      0  0.00  0.00
40-50  14      0  0.00  0.00
50-60   1      3  1.00  0.00
50-60   2      0  1.00  0.00
50-60   3      0  1.00  0.00
50-60   4      0  1.00  0.00
50-60   5      0  1.00  0.00
50-60   6      1  1.00  0.00
50-60   7      1  1.00  0.00
50-60   8      0  1.00  0.00
50-60   9      1  1.00  0.00
50-60  10      0  0.00  0.00
50-60  11      0  0.00  0.00
50-60  12      0  0.00  0.00
50-60  13      0  0.00  0.00
50-60  14      0  0.00  0.00
60-70   1      0  0.00  0.00
60-70   2      0  0.00  0.00
60-70   3      0  0.00  0.00
60-70   4      0  0.00  0.00
60-70   5      0  0.00  0.00
60-70   6      0  0.00  0.00
60-70   7      0  0.00  0.00
60-70   8      0  0.00  0.00
60-70   9      0  0.00  0.00
60-70  10      0  0.00  0.00
60-70  11      0  0.00  0.00
60-70  12      0  0.00  0.00
60-70  13      0  0.00  0.00
60-70  14      0  0.00  0.00
70-80   1      0  0.00  0.00
70-80   2      0  0.00  0.00
70-80   3      0  0.00  0.00
70-80   4      0  0.00  0.00
70-80   5      0  0.00  0.00
70-80   6      0  0.00  0.00
70-80   7      0  0.00  0.00
70-80   8      0  0.00  0.00
70-80   9      0  0.00  0.00
70-80  10      0  0.00  0.00
70-80  11      0  0.00  0.00
70-80  12      0  0.00  0.00
70-80  13      0  0.00  0.00
70-80  14      0  0.00  0.00


  22                   : lake code
Woss Lk             
040818                 : date
SIMRAD               2 : 1 = FURUNO FM 22  /  2 = SIMRAD
10   : Sounder Gain    : Sounder Gain

                                                                                                              

depth / transect / targets / %sockeye / %stickleback

  2-5   1      5  1.00  0.00
  2-5   2      5  1.00  0.00
  2-5   3      0  1.00  0.00
  2-5   4      1  1.00  0.00
  2-5   5      2  1.00  0.00
  2-5   6      3  1.00  0.00
  2-5   7      1  1.00  0.00
  2-5   8      6  1.00  0.00
  2-5   9      9  1.00  0.00
  2-5  10      0  0.00  0.00
  2-5  11      0  0.00  0.00
  2-5  12      0  0.00  0.00
  2-5  13      0  0.00  0.00
  2-5  14      0  0.00  0.00
  3-5   1      0  0.00  0.00
  3-5   2      0  0.00  0.00
  3-5   3      0  0.00  0.00
  3-5   4      0  0.00  0.00
  3-5   5      0  0.00  0.00
  3-5   6      0  0.00  0.00
  3-5   7      0  0.00  0.00
  3-5   8      0  0.00  0.00
  3-5   9      0  0.00  0.00
  3-5  10      0  0.00  0.00
  3-5  11      0  0.00  0.00
  3-5  12      0  0.00  0.00
  3-5  13      0  0.00  0.00
  3-5  14      0  0.00  0.00
 5-10   1     17  1.00  0.00
 5-10   2     10  1.00  0.00
 5-10   3      7  1.00  0.00
 5-10   4     12  1.00  0.00
 5-10   5      4  1.00  0.00
 5-10   6      5  1.00  0.00
 5-10   7     10  1.00  0.00
 5-10   8      5  1.00  0.00
 5-10   9     20  1.00  0.00
 5-10  10      0  0.00  0.00
 5-10  11      0  0.00  0.00
 5-10  12      0  0.00  0.00
 5-10  13      0  0.00  0.00
 5-10  14      0  0.00  0.00
10-15   1     25  1.00  0.00
10-15   2     10  1.00  0.00
10-15   3      7  1.00  0.00
10-15   4     13  1.00  0.00
10-15   5      8  1.00  0.00
10-15   6      1  1.00  0.00
10-15   7     13  1.00  0.00
10-15   8      8  1.00  0.00
10-15   9      9  1.00  0.00
10-15  10      0  0.00  0.00
10-15  11      0  0.00  0.00
10-15  12      0  0.00  0.00
10-15  13      0  0.00  0.00
10-15  14      0  0.00  0.00
15-20   1     25  1.00  0.00
15-20   2     13  1.00  0.00
15-20   3     13  1.00  0.00
15-20   4     18  1.00  0.00
15-20   5      6  1.00  0.00
15-20   6     11  1.00  0.00
15-20   7     20  1.00  0.00
15-20   8     21  1.00  0.00
15-20   9     12  1.00  0.00
15-20  10      0  0.00  0.00
15-20  11      0  0.00  0.00
15-20  12      0  0.00  0.00
15-20  13      0  0.00  0.00
15-20  14      0  0.00  0.00
20-30   1    330  1.00  0.00
20-30   2    251  1.00  0.00
20-30   3    126  1.00  0.00
20-30   4     31  1.00  0.00
20-30   5      3  1.00  0.00
20-30   6     17  1.00  0.00
20-30   7     80  1.00  0.00
20-30   8    260  1.00  0.00
20-30   9    199  1.00  0.00
20-30  10      0  0.00  0.00
20-30  11      0  0.00  0.00
20-30  12      0  0.00  0.00
20-30  13      0  0.00  0.00
20-30  14      0  0.00  0.00
30-40   1    136  1.00  0.00
30-40   2    103  1.00  0.00
30-40   3     97  1.00  0.00
30-40   4     31  1.00  0.00
30-40   5     18  1.00  0.00
30-40   6     18  1.00  0.00
30-40   7     24  1.00  0.00
30-40   8    129  1.00  0.00
30-40   9     68  1.00  0.00
30-40  10      0  0.00  0.00
30-40  11      0  0.00  0.00
30-40  12      0  0.00  0.00
30-40  13      0  0.00  0.00
30-40  14      0  0.00  0.00
40-50   1     35  1.00  0.00
40-50   2     10  1.00  0.00
40-50   3      8  1.00  0.00
40-50   4      8  1.00  0.00
40-50   5     19  1.00  0.00
40-50   6     11  1.00  0.00
40-50   7      2  1.00  0.00
40-50   8     12  1.00  0.00
40-50   9      6  1.00  0.00
40-50  10      0  0.00  0.00
40-50  11      0  0.00  0.00
40-50  12      0  0.00  0.00
40-50  13      0  0.00  0.00
40-50  14      0  0.00  0.00
50-60   1      6  1.00  0.00
50-60   2      2  1.00  0.00
50-60   3      0  1.00  0.00
50-60   4      3  1.00  0.00
50-60   5     23  1.00  0.00
50-60   6      1  1.00  0.00
50-60   7      4  1.00  0.00
50-60   8      2  1.00  0.00
50-60   9      2  1.00  0.00
50-60  10      0  0.00  0.00
50-60  11      0  0.00  0.00
50-60  12      0  0.00  0.00
50-60  13      0  0.00  0.00
50-60  14      0  0.00  0.00
60-70   1      0  0.00  0.00
60-70   2      0  0.00  0.00
60-70   3      0  0.00  0.00
60-70   4      0  0.00  0.00
60-70   5      0  0.00  0.00
60-70   6      0  0.00  0.00
60-70   7      0  0.00  0.00
60-70   8      0  0.00  0.00
60-70   9      0  0.00  0.00
60-70  10      0  0.00  0.00
60-70  11      0  0.00  0.00
60-70  12      0  0.00  0.00
60-70  13      0  0.00  0.00
60-70  14      0  0.00  0.00
70-80   1      0  0.00  0.00
70-80   2      0  0.00  0.00
70-80   3      0  0.00  0.00
70-80   4      0  0.00  0.00
70-80   5      0  0.00  0.00
70-80   6      0  0.00  0.00
70-80   7      0  0.00  0.00
70-80   8      0  0.00  0.00
70-80   9      0  0.00  0.00
70-80  10      0  0.00  0.00
70-80  11      0  0.00  0.00
70-80  12      0  0.00  0.00
70-80  13      0  0.00  0.00
70-80  14      0  0.00  0.00


  22                   : lake code
Woss Lk             
041019                 : date
SIMRAD               2 : 1 = FURUNO FM 22  /  2 = SIMRAD
   : Sounder Gain      : Sounder Gain

                                                                                                              

depth / transect / targets / %sockeye / %stickleback

  2-5   1      2  1.00  0.00
  2-5   2      1  1.00  0.00
  2-5   3      1  1.00  0.00
  2-5   4      4  1.00  0.00
  2-5   5      1  1.00  0.00
  2-5   6      5  1.00  0.00
  2-5   7      3  1.00  0.00
  2-5   8      3  1.00  0.00
  2-5   9      1  1.00  0.00
  2-5  10      0  0.00  0.00
  2-5  11      0  0.00  0.00
  2-5  12      0  0.00  0.00
  2-5  13      0  0.00  0.00
  2-5  14      0  0.00  0.00
  3-5   1      0  0.00  0.00
  3-5   2      0  0.00  0.00
  3-5   3      0  0.00  0.00
  3-5   4      0  0.00  0.00
  3-5   5      0  0.00  0.00
  3-5   6      0  0.00  0.00
  3-5   7      0  0.00  0.00
  3-5   8      0  0.00  0.00
  3-5   9      0  0.00  0.00
  3-5  10      0  0.00  0.00
  3-5  11      0  0.00  0.00
  3-5  12      0  0.00  0.00
  3-5  13      0  0.00  0.00
  3-5  14      0  0.00  0.00
 5-10   1      4  1.00  0.00
 5-10   2      7  1.00  0.00
 5-10   3     19  1.00  0.00
 5-10   4     18  1.00  0.00
 5-10   5      2  1.00  0.00
 5-10   6      7  1.00  0.00
 5-10   7      9  1.00  0.00
 5-10   8      8  1.00  0.00
 5-10   9      8  1.00  0.00
 5-10  10      0  0.00  0.00
 5-10  11      0  0.00  0.00
 5-10  12      0  0.00  0.00
 5-10  13      0  0.00  0.00
 5-10  14      0  0.00  0.00
10-15   1     28  1.00  0.00
10-15   2     64  1.00  0.00
10-15   3     39  1.00  0.00
10-15   4     15  1.00  0.00
10-15   5      6  1.00  0.00
10-15   6      3  1.00  0.00
10-15   7      9  1.00  0.00
10-15   8     37  1.00  0.00
10-15   9     21  1.00  0.00
10-15  10      0  0.00  0.00
10-15  11      0  0.00  0.00
10-15  12      0  0.00  0.00
10-15  13      0  0.00  0.00
10-15  14      0  0.00  0.00
15-20   1     33  1.00  0.00
15-20   2     45  1.00  0.00
15-20   3     53  1.00  0.00
15-20   4     11  1.00  0.00
15-20   5      5  1.00  0.00
15-20   6     11  1.00  0.00
15-20   7     14  1.00  0.00
15-20   8     64  1.00  0.00
15-20   9     16  1.00  0.00
15-20  10      0  0.00  0.00
15-20  11      0  0.00  0.00
15-20  12      0  0.00  0.00
15-20  13      0  0.00  0.00
15-20  14      0  0.00  0.00
20-30   1    146  1.00  0.00
20-30   2     86  1.00  0.00
20-30   3    122  1.00  0.00
20-30   4     42  1.00  0.00
20-30   5     21  1.00  0.00
20-30   6     25  1.00  0.00
20-30   7     31  1.00  0.00
20-30   8    154  1.00  0.00
20-30   9     59  1.00  0.00
20-30  10      0  0.00  0.00
20-30  11      0  0.00  0.00
20-30  12      0  0.00  0.00
20-30  13      0  0.00  0.00
20-30  14      0  0.00  0.00
30-40   1     74  1.00  0.00
30-40   2    103  1.00  0.00
30-40   3     47  1.00  0.00
30-40   4     56  1.00  0.00
30-40   5     36  1.00  0.00
30-40   6     64  1.00  0.00
30-40   7     28  1.00  0.00
30-40   8     84  1.00  0.00
30-40   9     56  1.00  0.00
30-40  10      0  0.00  0.00
30-40  11      0  0.00  0.00
30-40  12      0  0.00  0.00
30-40  13      0  0.00  0.00
30-40  14      0  0.00  0.00
40-50   1     26  1.00  0.00
40-50   2     25  1.00  0.00
40-50   3     24  1.00  0.00
40-50   4     10  1.00  0.00
40-50   5     11  1.00  0.00
40-50   6     20  1.00  0.00
40-50   7     14  1.00  0.00
40-50   8     22  1.00  0.00
40-50   9     16  1.00  0.00
40-50  10      0  0.00  0.00
40-50  11      0  0.00  0.00
40-50  12      0  0.00  0.00
40-50  13      0  0.00  0.00
40-50  14      0  0.00  0.00
50-60   1      6  1.00  0.00
50-60   2      8  1.00  0.00
50-60   3     10  1.00  0.00
50-60   4      6  1.00  0.00
50-60   5      5  1.00  0.00
50-60   6      7  1.00  0.00
50-60   7     11  1.00  0.00
50-60   8     11  1.00  0.00
50-60   9      3  1.00  0.00
50-60  10      0  0.00  0.00
50-60  11      0  0.00  0.00
50-60  12      0  0.00  0.00
50-60  13      0  0.00  0.00
50-60  14      0  0.00  0.00
60-70   1      0  0.00  0.00
60-70   2      0  0.00  0.00
60-70   3      0  0.00  0.00
60-70   4      0  0.00  0.00
60-70   5      0  0.00  0.00
60-70   6      0  0.00  0.00
60-70   7      0  0.00  0.00
60-70   8      0  0.00  0.00
60-70   9      0  0.00  0.00
60-70  10      0  0.00  0.00
60-70  11      0  0.00  0.00
60-70  12      0  0.00  0.00
60-70  13      0  0.00  0.00
60-70  14      0  0.00  0.00
70-80   1      0  0.00  0.00
70-80   2      0  0.00  0.00
70-80   3      0  0.00  0.00
70-80   4      0  0.00  0.00
70-80   5      0  0.00  0.00
70-80   6      0  0.00  0.00
70-80   7      0  0.00  0.00
70-80   8      0  0.00  0.00
70-80   9      0  0.00  0.00
70-80  10      0  0.00  0.00
70-80  11      0  0.00  0.00
70-80  12      0  0.00  0.00
70-80  13      0  0.00  0.00
70-80  14      0  0.00  0.00


  22                   : lake code
Woss Lk             
040920                 : date
SIMRAD               2 : 1 = FURUNO FM 22  /  2 = SIMRAD
10   : Sounder Gain    : Sounder Gain

                                                                                                              

depth / transect / targets / %sockeye / %stickleback

  2-5   1      0  1.00  0.00
  2-5   2      0  1.00  0.00
  2-5   3      5  1.00  0.00
  2-5   4      2  1.00  0.00
  2-5   5      3  1.00  0.00
  2-5   6      7  1.00  0.00
  2-5   7      2  1.00  0.00
  2-5   8     11  1.00  0.00
  2-5   9      0  1.00  0.00
  2-5  10      0  0.00  0.00
  2-5  11      0  0.00  0.00
  2-5  12      0  0.00  0.00
  2-5  13      0  0.00  0.00
  2-5  14      0  0.00  0.00
  3-5   1      0  0.00  0.00
  3-5   2      0  0.00  0.00
  3-5   3      0  0.00  0.00
  3-5   4      0  0.00  0.00
  3-5   5      0  0.00  0.00
  3-5   6      0  0.00  0.00
  3-5   7      0  0.00  0.00
  3-5   8      0  0.00  0.00
  3-5   9      0  0.00  0.00
  3-5  10      0  0.00  0.00
  3-5  11      0  0.00  0.00
  3-5  12      0  0.00  0.00
  3-5  13      0  0.00  0.00
  3-5  14      0  0.00  0.00
 5-10   1     10  1.00  0.00
 5-10   2     16  1.00  0.00
 5-10   3     21  1.00  0.00
 5-10   4      8  1.00  0.00
 5-10   5      7  1.00  0.00
 5-10   6      6  1.00  0.00
 5-10   7      3  1.00  0.00
 5-10   8     34  1.00  0.00
 5-10   9      7  1.00  0.00
 5-10  10      0  0.00  0.00
 5-10  11      0  0.00  0.00
 5-10  12      0  0.00  0.00
 5-10  13      0  0.00  0.00
 5-10  14      0  0.00  0.00
10-15   1     30  1.00  0.00
10-15   2     18  1.00  0.00
10-15   3     26  1.00  0.00
10-15   4      6  1.00  0.00
10-15   5      7  1.00  0.00
10-15   6      1  1.00  0.00
10-15   7      6  1.00  0.00
10-15   8     38  1.00  0.00
10-15   9     22  1.00  0.00
10-15  10      0  0.00  0.00
10-15  11      0  0.00  0.00
10-15  12      0  0.00  0.00
10-15  13      0  0.00  0.00
10-15  14      0  0.00  0.00
15-20   1     36  1.00  0.00
15-20   2     21  1.00  0.00
15-20   3     55  1.00  0.00
15-20   4      4  1.00  0.00
15-20   5      8  1.00  0.00
15-20   6      7  1.00  0.00
15-20   7     15  1.00  0.00
15-20   8     46  1.00  0.00
15-20   9     20  1.00  0.00
15-20  10      0  0.00  0.00
15-20  11      0  0.00  0.00
15-20  12      0  0.00  0.00
15-20  13      0  0.00  0.00
15-20  14      0  0.00  0.00
20-30   1    177  1.00  0.00
20-30   2    172  1.00  0.00
20-30   3    117  1.00  0.00
20-30   4     13  1.00  0.00
20-30   5     19  1.00  0.00
20-30   6      8  1.00  0.00
20-30   7     34  1.00  0.00
20-30   8    156  1.00  0.00
20-30   9    154  1.00  0.00
20-30  10      0  0.00  0.00
20-30  11      0  0.00  0.00
20-30  12      0  0.00  0.00
20-30  13      0  0.00  0.00
20-30  14      0  0.00  0.00
30-40   1    147  1.00  0.00
30-40   2     81  1.00  0.00
30-40   3     31  1.00  0.00
30-40   4      6  1.00  0.00
30-40   5      9  1.00  0.00
30-40   6     14  1.00  0.00
30-40   7      8  1.00  0.00
30-40   8     69  1.00  0.00
30-40   9    117  1.00  0.00
30-40  10      0  0.00  0.00
30-40  11      0  0.00  0.00
30-40  12      0  0.00  0.00
30-40  13      0  0.00  0.00
30-40  14      0  0.00  0.00
40-50   1     23  1.00  0.00
40-50   2     11  1.00  0.00
40-50   3     13  1.00  0.00
40-50   4      2  1.00  0.00
40-50   5      8  1.00  0.00
40-50   6      2  1.00  0.00
40-50   7      0  1.00  0.00
40-50   8     21  1.00  0.00
40-50   9     15  1.00  0.00
40-50  10      0  0.00  0.00
40-50  11      0  0.00  0.00
40-50  12      0  0.00  0.00
40-50  13      0  0.00  0.00
40-50  14      0  0.00  0.00
50-60   1      6  1.00  0.00
50-60   2      3  1.00  0.00
50-60   3     10  1.00  0.00
50-60   4      5  1.00  0.00
50-60   5      0  1.00  0.00
50-60   6      2  1.00  0.00
50-60   7      0  1.00  0.00
50-60   8      9  1.00  0.00
50-60   9      1  1.00  0.00
50-60  10      0  0.00  0.00
50-60  11      0  0.00  0.00
50-60  12      0  0.00  0.00
50-60  13      0  0.00  0.00
50-60  14      0  0.00  0.00
60-70   1      0  0.00  0.00
60-70   2      0  0.00  0.00
60-70   3      0  0.00  0.00
60-70   4      0  0.00  0.00
60-70   5      0  0.00  0.00
60-70   6      0  0.00  0.00
60-70   7      0  0.00  0.00
60-70   8      0  0.00  0.00
60-70   9      0  0.00  0.00
60-70  10      0  0.00  0.00
60-70  11      0  0.00  0.00
60-70  12      0  0.00  0.00
60-70  13      0  0.00  0.00
60-70  14      0  0.00  0.00
70-80   1      0  0.00  0.00
70-80   2      0  0.00  0.00
70-80   3      0  0.00  0.00
70-80   4      0  0.00  0.00
70-80   5      0  0.00  0.00
70-80   6      0  0.00  0.00
70-80   7      0  0.00  0.00
70-80   8      0  0.00  0.00
70-80   9      0  0.00  0.00
70-80  10      0  0.00  0.00
70-80  11      0  0.00  0.00
70-80  12      0  0.00  0.00
70-80  13      0  0.00  0.00
70-80  14      0  0.00  0.00


 241                   : lake code
Skaha Lk            processed by pr, 10Aug2005.
040511                 : date
SIMRAD               2 : 1 = FURUNO FM 22  /  2 = SIMRAD
10   : Sounder Gain    : Sounder Gain
30pctcld,lghtNE,At4;ST9.3deg
Small & large targets                                                                                         

depth / transect / targets / %sockeye / %stickleback

  2-5   1      4  1.00  0.00
  2-5   2      3  1.00  0.00
  2-5   3      0  1.00  0.00
  2-5   4      2  1.00  0.00
  2-5   5      0  0.00  0.00
  2-5   6      4  1.00  0.00
  2-5   7      1  1.00  0.00
  2-5   8      0  0.00  0.00
  2-5   9      0  0.00  0.00
  3-5   1      0  0.00  0.00
  3-5   2      0  0.00  0.00
  3-5   3      0  0.00  0.00
  3-5   4      0  0.00  0.00
  3-5   5      0  0.00  0.00
  3-5   6      0  0.00  0.00
  3-5   7      0  0.00  0.00
  3-5   8      0  0.00  0.00
  3-5   9      0  0.00  0.00
 5-10   1     14  1.00  0.00
 5-10   2     50  1.00  0.00
 5-10   3     23  1.00  0.00
 5-10   4     29  1.00  0.00
 5-10   5      0  0.00  0.00
 5-10   6     34  1.00  0.00
 5-10   7     25  1.00  0.00
 5-10   8      0  0.00  0.00
 5-10   9      0  0.00  0.00
10-15   1     25  1.00  0.00
10-15   2    113  1.00  0.00
10-15   3    148  1.00  0.00
10-15   4    145  1.00  0.00
10-15   5      0  0.00  0.00
10-15   6     95  1.00  0.00
10-15   7    120  1.00  0.00
10-15   8      0  0.00  0.00
10-15   9      0  0.00  0.00
15-20   1     55  1.00  0.00
15-20   2     74  1.00  0.00
15-20   3     80  1.00  0.00
15-20   4     55  1.00  0.00
15-20   5      0  0.00  0.00
15-20   6     63  1.00  0.00
15-20   7     42  1.00  0.00
15-20   8      0  0.00  0.00
15-20   9      0  0.00  0.00
20-30   1    129  1.00  0.00
20-30   2    322  1.00  0.00
20-30   3    288  1.00  0.00
20-30   4    108  1.00  0.00
20-30   5      0  0.00  0.00
20-30   6    281  1.00  0.00
20-30   7    155  1.00  0.00
20-30   8      0  0.00  0.00
20-30   9      0  0.00  0.00
30-40   1     46  1.00  0.00
30-40   2    318  1.00  0.00
30-40   3    293  1.00  0.00
30-40   4     53  1.00  0.00
30-40   5      0  0.00  0.00
30-40   6    342  1.00  0.00
30-40   7    173  1.00  0.00
30-40   8      0  0.00  0.00
30-40   9      0  0.00  0.00
40-50   1     45  1.00  0.00
40-50   2    129  1.00  0.00
40-50   3    141  1.00  0.00
40-50   4      0  1.00  0.00
40-50   5      0  0.00  0.00
40-50   6    219  1.00  0.00
40-50   7     47  1.00  0.00
40-50   8      0  0.00  0.00
40-50   9      0  0.00  0.00
50-60   1      5  1.00  0.00
50-60   2     34  1.00  0.00
50-60   3     68  1.00  0.00
50-60   4      0  1.00  0.00
50-60   5      0  0.00  0.00
50-60   6     27  1.00  0.00
50-60   7     21  1.00  0.00
50-60   8      0  0.00  0.00
50-60   9      0  0.00  0.00
60-70   1      0  0.00  0.00
60-70   2      0  0.00  0.00
60-70   3      0  0.00  0.00
60-70   4      0  0.00  0.00
60-70   5      0  0.00  0.00
60-70   6      0  0.00  0.00
60-70   7      0  0.00  0.00
60-70   8      0  0.00  0.00
60-70   9      0  0.00  0.00


 241                   : lake code
Skaha Lk            processed by pr, 10Aug2005.
040512                 : date
SIMRAD               2 : 1 = FURUNO FM 22  /  2 = SIMRAD
10   : Sounder Gain   : Sounder Gain
30%cld;lghtNEwnd;AT4;ST9.3degC.
Small targets only.                                                                                           

depth / transect / targets / %sockeye / %stickleback

  2-5   1      4  1.00  0.00
  2-5   2      3  1.00  0.00
  2-5   3      0  1.00  0.00
  2-5   4      2  1.00  0.00
  2-5   5      0  0.00  0.00
  2-5   6      4  1.00  0.00
  2-5   7      1  1.00  0.00
  2-5   8      0  0.00  0.00
  2-5   9      0  0.00  0.00
  3-5   1      0  0.00  0.00
  3-5   2      0  0.00  0.00
  3-5   3      0  0.00  0.00
  3-5   4      0  0.00  0.00
  3-5   5      0  0.00  0.00
  3-5   6      0  0.00  0.00
  3-5   7      0  0.00  0.00
  3-5   8      0  0.00  0.00
  3-5   9      0  0.00  0.00
 5-10   1     14  1.00  0.00
 5-10   2     50  1.00  0.00
 5-10   3     23  1.00  0.00
 5-10   4     29  1.00  0.00
 5-10   5      0  0.00  0.00
 5-10   6     31  1.00  0.00
 5-10   7     24  1.00  0.00
 5-10   8      0  0.00  0.00
 5-10   9      0  0.00  0.00
10-15   1     14  1.00  0.00
10-15   2     88  1.00  0.00
10-15   3    133  1.00  0.00
10-15   4    133  1.00  0.00
10-15   5      0  0.00  0.00
10-15   6     84  1.00  0.00
10-15   7    105  1.00  0.00
10-15   8      0  0.00  0.00
10-15   9      0  0.00  0.00
15-20   1     34  1.00  0.00
15-20   2     48  1.00  0.00
15-20   3     71  1.00  0.00
15-20   4     46  1.00  0.00
15-20   5      0  0.00  0.00
15-20   6     49  1.00  0.00
15-20   7     38  1.00  0.00
15-20   8      0  0.00  0.00
15-20   9      0  0.00  0.00
20-30   1     85  1.00  0.00
20-30   2    168  1.00  0.00
20-30   3    162  1.00  0.00
20-30   4     78  1.00  0.00
20-30   5      0  0.00  0.00
20-30   6    143  1.00  0.00
20-30   7    109  1.00  0.00
20-30   8      0  0.00  0.00
20-30   9      0  0.00  0.00
30-40   1     29  1.00  0.00
30-40   2    159  1.00  0.00
30-40   3    146  1.00  0.00
30-40   4     30  1.00  0.00
30-40   5      0  0.00  0.00
30-40   6    184  1.00  0.00
30-40   7     97  1.00  0.00
30-40   8      0  0.00  0.00
30-40   9      0  0.00  0.00
40-50   1     25  1.00  0.00
40-50   2     69  1.00  0.00
40-50   3     56  1.00  0.00
40-50   4      0  1.00  0.00
40-50   5      0  0.00  0.00
40-50   6    171  1.00  0.00
40-50   7     16  1.00  0.00
40-50   8      0  0.00  0.00
40-50   9      0  0.00  0.00
50-60   1      3  1.00  0.00
50-60   2     16  1.00  0.00
50-60   3     22  1.00  0.00
50-60   4      0  1.00  0.00
50-60   5      0  0.00  0.00
50-60   6     18  1.00  0.00
50-60   7      6  1.00  0.00
50-60   8      0  0.00  0.00
50-60   9      0  0.00  0.00
60-70   1      0  0.00  0.00
60-70   2      0  0.00  0.00
60-70   3      0  0.00  0.00
60-70   4      0  0.00  0.00
60-70   5      0  0.00  0.00
60-70   6      0  0.00  0.00
60-70   7      0  0.00  0.00
60-70   8      0  0.00  0.00
60-70   9      0  0.00  0.00
