

   1                   : lake code
GCL                 Rankin-Hanslit Survey
011204                 : date
SIMRAD               2 : 1 = FURUNO FM 22  /  2 = SIMRAD
24.50   : Sounder Ga   : Sounder Gain
EY500 Used
4Dec01/22Jan02/BH/EY500/0/0/0/11/123/18                                                                       

depth / transect / targets / %sockeye / %stickleback

  2-5   1      0  0.82  0.18
  2-5   2      0  0.82  0.18
  2-5   3      0  0.82  0.18
  2-5   4      0  0.82  0.18
  2-5   5      0  0.82  0.18
  2-5   6      1  0.82  0.18
  3-5   1      0  0.00  0.00
  3-5   2      0  0.00  0.00
  3-5   3      0  0.00  0.00
  3-5   4      0  0.00  0.00
  3-5   5      0  0.00  0.00
  3-5   6      0  0.00  0.00
 5-10   1     20  0.82  0.18
 5-10   2     70  0.82  0.18
 5-10   3     22  0.82  0.18
 5-10   4     47  0.82  0.18
 5-10   5     47  0.82  0.18
 5-10   6     10  0.82  0.18
10-15   1     44  0.95  0.05
10-15   2    112  0.95  0.05
10-15   3     27  0.95  0.05
10-15   4     74  0.95  0.05
10-15   5     61  0.95  0.05
10-15   6      7  0.95  0.05
15-20   1     84  0.96  0.04
15-20   2    125  0.96  0.04
15-20   3     42  0.96  0.04
15-20   4     93  0.96  0.04
15-20   5     51  0.96  0.04
15-20   6     18  0.96  0.04
20-30   1    151  0.85  0.15
20-30   2    213  0.85  0.15
20-30   3    124  0.85  0.15
20-30   4    234  0.85  0.15
20-30   5    144  0.85  0.15
20-30   6    177  0.85  0.15
30-40   1     63  0.80  0.20
30-40   2     91  0.80  0.20
30-40   3    243  0.80  0.20
30-40   4    446  0.80  0.20
30-40   5    266  0.80  0.20
30-40   6    155  0.80  0.20
40-50   1     10  0.80  0.20
40-50   2     30  0.80  0.20
40-50   3     22  0.80  0.20
40-50   4     42  0.80  0.20
40-50   5     34  0.80  0.20
40-50   6     11  0.80  0.20
50-60   1      0  0.00  0.00
50-60   2      0  0.00  0.00
50-60   3      0  0.00  0.00
50-60   4      0  0.00  0.00
50-60   5      0  0.00  0.00
50-60   6      0  0.00  0.00
60-70   1      0  0.00  0.00
60-70   2      0  0.00  0.00
60-70   3      0  0.00  0.00
60-70   4      0  0.00  0.00
60-70   5      0  0.00  0.00
60-70   6      0  0.00  0.00
70-80   1      0  0.00  0.00
70-80   2      0  0.00  0.00
70-80   3      0  0.00  0.00
70-80   4      0  0.00  0.00
70-80   5      0  0.00  0.00
70-80   6      0  0.00  0.00
80-90   1      0  0.00  0.00
80-90   2      0  0.00  0.00
80-90   3      0  0.00  0.00
80-90   4      0  0.00  0.00
80-90   5      0  0.00  0.00
80-90   6      0  0.00  0.00
90-100  1      0  0.00  0.00
90-100  2      0  0.00  0.00
90-100  3      0  0.00  0.00
90-100  4      0  0.00  0.00
90-100  5      0  0.00  0.00
90-100  6      0  0.00  0.00


   1                   : lake code
GCL                 Rankin-Hanslit Survey
011205                 : date
SIMRAD               2 : 1 = FURUNO FM 22  /  2 = SIMRAD
24.50   : Sounder Ga   : Sounder Gain
EY500 Used
4Dec01/22Jan02/BH/EY500/0/0/0/11/123/18. Adjusted for size selectivity.                                       

depth / transect / targets / %sockeye / %stickleback

  2-5   1      0  0.95  0.05
  2-5   2      0  0.95  0.05
  2-5   3      0  0.95  0.05
  2-5   4      0  0.95  0.05
  2-5   5      0  0.95  0.05
  2-5   6      1  0.95  0.05
  3-5   1      0  0.00  0.00
  3-5   2      0  0.00  0.00
  3-5   3      0  0.00  0.00
  3-5   4      0  0.00  0.00
  3-5   5      0  0.00  0.00
  3-5   6      0  0.00  0.00
 5-10   1     20  0.95  0.05
 5-10   2     70  0.95  0.05
 5-10   3     22  0.95  0.05
 5-10   4     47  0.95  0.05
 5-10   5     47  0.95  0.05
 5-10   6     10  0.95  0.05
10-15   1     44  0.99  0.01
10-15   2    112  0.99  0.01
10-15   3     27  0.99  0.01
10-15   4     74  0.99  0.01
10-15   5     61  0.99  0.01
10-15   6      7  0.99  0.01
15-20   1     84  0.99  0.01
15-20   2    125  0.99  0.01
15-20   3     42  0.99  0.01
15-20   4     93  0.99  0.01
15-20   5     51  0.99  0.01
15-20   6     18  0.99  0.01
20-30   1    151  0.96  0.04
20-30   2    213  0.96  0.04
20-30   3    124  0.96  0.04
20-30   4    234  0.96  0.04
20-30   5    144  0.96  0.04
20-30   6    177  0.96  0.04
30-40   1     63  0.94  0.06
30-40   2     91  0.94  0.06
30-40   3    243  0.94  0.06
30-40   4    446  0.94  0.06
30-40   5    266  0.94  0.06
30-40   6    155  0.94  0.06
40-50   1     10  0.94  0.06
40-50   2     30  0.94  0.06
40-50   3     22  0.94  0.06
40-50   4     42  0.94  0.06
40-50   5     34  0.94  0.06
40-50   6     11  0.94  0.06
50-60   1      0  0.00  0.00
50-60   2      0  0.00  0.00
50-60   3      0  0.00  0.00
50-60   4      0  0.00  0.00
50-60   5      0  0.00  0.00
50-60   6      0  0.00  0.00
60-70   1      0  0.00  0.00
60-70   2      0  0.00  0.00
60-70   3      0  0.00  0.00
60-70   4      0  0.00  0.00
60-70   5      0  0.00  0.00
60-70   6      0  0.00  0.00
70-80   1      0  0.00  0.00
70-80   2      0  0.00  0.00
70-80   3      0  0.00  0.00
70-80   4      0  0.00  0.00
70-80   5      0  0.00  0.00
70-80   6      0  0.00  0.00
80-90   1      0  0.00  0.00
80-90   2      0  0.00  0.00
80-90   3      0  0.00  0.00
80-90   4      0  0.00  0.00
80-90   5      0  0.00  0.00
80-90   6      0  0.00  0.00
90-100  1      0  0.00  0.00
90-100  2      0  0.00  0.00
90-100  3      0  0.00  0.00
90-100  4      0  0.00  0.00
90-100  5      0  0.00  0.00
90-100  6      0  0.00  0.00


   1                   : lake code
GCL                 Rankin-Hanslit Survey
020310                 : date
SIMRAD               2 : 1 = FURUNO FM 22  /  2 = SIMRAD
10   : Sounder Gain    : Sounder Gain

10Mar02/20Mar02/BH/EYM/20069/0/0/0/9/44/8                                                                     

depth / transect / targets / %sockeye / %stickleback

  2-5   1      0  0.88  0.12
  2-5   2      0  0.88  0.12
  2-5   3      1  0.88  0.12
  2-5   4      2  0.88  0.12
  2-5   5      1  0.88  0.12
  2-5   6      0  0.88  0.12
  3-5   1      0  0.00  0.00
  3-5   2      0  0.00  0.00
  3-5   3      0  0.00  0.00
  3-5   4      0  0.00  0.00
  3-5   5      0  0.00  0.00
  3-5   6      0  0.00  0.00
 5-10   1      8  0.88  0.12
 5-10   2     39  0.88  0.12
 5-10   3     23  0.88  0.12
 5-10   4     36  0.88  0.12
 5-10   5     46  0.88  0.12
 5-10   6     26  0.88  0.12
10-15   1     24  0.88  0.12
10-15   2     52  0.88  0.12
10-15   3     25  0.88  0.12
10-15   4    128  0.88  0.12
10-15   5    132  0.88  0.12
10-15   6     88  0.88  0.12
15-20   1     37  0.80  0.20
15-20   2     84  0.80  0.20
15-20   3     48  0.80  0.20
15-20   4    132  0.80  0.20
15-20   5    117  0.80  0.20
15-20   6    132  0.80  0.20
20-30   1     84  1.00  0.00
20-30   2     99  1.00  0.00
20-30   3     84  1.00  0.00
20-30   4    171  1.00  0.00
20-30   5    148  1.00  0.00
20-30   6    134  1.00  0.00
30-40   1     89  1.00  0.00
30-40   2    124  1.00  0.00
30-40   3     84  1.00  0.00
30-40   4    102  1.00  0.00
30-40   5    131  1.00  0.00
30-40   6    156  1.00  0.00
40-50   1     60  1.00  0.00
40-50   2    122  1.00  0.00
40-50   3     83  1.00  0.00
40-50   4    120  1.00  0.00
40-50   5     98  1.00  0.00
40-50   6    114  1.00  0.00
50-60   1     56  1.00  0.00
50-60   2    129  1.00  0.00
50-60   3     88  1.00  0.00
50-60   4     76  1.00  0.00
50-60   5     75  1.00  0.00
50-60   6     78  1.00  0.00
60-70   1     55  1.00  0.00
60-70   2    126  1.00  0.00
60-70   3     78  1.00  0.00
60-70   4     59  1.00  0.00
60-70   5     79  1.00  0.00
60-70   6      0  0.00  0.00
70-80   1     12  1.00  0.00
70-80   2     62  1.00  0.00
70-80   3     27  1.00  0.00
70-80   4     11  1.00  0.00
70-80   5     76  1.00  0.00
70-80   6      0  0.00  0.00
80-90   1      7  1.00  0.00
80-90   2     24  1.00  0.00
80-90   3      7  1.00  0.00
80-90   4      1  1.00  0.00
80-90   5     11  1.00  0.00
80-90   6      0  0.00  0.00
90-100  1      7  1.00  0.00
90-100  2      0  0.00  0.00
90-100  3      0  0.00  0.00
90-100  4      0  0.00  0.00
90-100  5      0  0.00  0.00
90-100  6      0  0.00  0.00


   3                   : lake code
Henderson Lk        Hanslit-Rankin Survey
011029                 : date
SIMRAD               2 : 1 = FURUNO FM 22  /  2 = SIMRAD
24.50   : Sounder Ga   : Sounder Gain
EY500 Used
29Oct01/25Jan02/BH/EY500/0/0/0/10/261/5                                                                       

depth / transect / targets / %sockeye / %stickleback

  2-5   1      1  1.00  0.00
  2-5   2      0  1.00  0.00
  2-5   3      5  1.00  0.00
  2-5   4      0  1.00  0.00
  2-5   5      0  1.00  0.00
  2-5   6      0  1.00  0.00
  2-5   7      2  1.00  0.00
  2-5   8     10  1.00  0.00
  2-5   9      2  1.00  0.00
  2-5  10      1  1.00  0.00
  2-5  11      4  1.00  0.00
  2-5  12      5  1.00  0.00
  2-5  13      4  1.00  0.00
  2-5  14      5  1.00  0.00
  2-5  15      8  1.00  0.00
  2-5  16      4  1.00  0.00
  2-5  17      5  1.00  0.00
  2-5  18      5  1.00  0.00
  3-5   1      0  0.00  0.00
  3-5   2      0  0.00  0.00
  3-5   3      0  0.00  0.00
  3-5   4      0  0.00  0.00
  3-5   5      0  0.00  0.00
  3-5   6      0  0.00  0.00
  3-5   7      0  0.00  0.00
  3-5   8      0  0.00  0.00
  3-5   9      0  0.00  0.00
  3-5  10      0  0.00  0.00
  3-5  11      0  0.00  0.00
  3-5  12      0  0.00  0.00
  3-5  13      0  0.00  0.00
  3-5  14      0  0.00  0.00
  3-5  15      0  0.00  0.00
  3-5  16      0  0.00  0.00
  3-5  17      0  0.00  0.00
  3-5  18      0  0.00  0.00
 5-10   1     17  1.00  0.00
 5-10   2      7  1.00  0.00
 5-10   3     21  1.00  0.00
 5-10   4     25  1.00  0.00
 5-10   5     18  1.00  0.00
 5-10   6     11  1.00  0.00
 5-10   7     10  1.00  0.00
 5-10   8     66  1.00  0.00
 5-10   9     27  1.00  0.00
 5-10  10     24  1.00  0.00
 5-10  11     22  1.00  0.00
 5-10  12     80  1.00  0.00
 5-10  13    114  1.00  0.00
 5-10  14     27  1.00  0.00
 5-10  15     60  1.00  0.00
 5-10  16     50  1.00  0.00
 5-10  17     40  1.00  0.00
 5-10  18     51  1.00  0.00
10-15   1     10  1.00  0.00
10-15   2     16  1.00  0.00
10-15   3     16  1.00  0.00
10-15   4     25  1.00  0.00
10-15   5     39  1.00  0.00
10-15   6     34  1.00  0.00
10-15   7     19  1.00  0.00
10-15   8     45  1.00  0.00
10-15   9     32  1.00  0.00
10-15  10     56  1.00  0.00
10-15  11     42  1.00  0.00
10-15  12    126  1.00  0.00
10-15  13    217  1.00  0.00
10-15  14     56  1.00  0.00
10-15  15    104  1.00  0.00
10-15  16    125  1.00  0.00
10-15  17     97  1.00  0.00
10-15  18    145  1.00  0.00
15-20   1     16  1.00  0.00
15-20   2     22  1.00  0.00
15-20   3     34  1.00  0.00
15-20   4     36  1.00  0.00
15-20   5     66  1.00  0.00
15-20   6     46  1.00  0.00
15-20   7     47  1.00  0.00
15-20   8    206  1.00  0.00
15-20   9     68  1.00  0.00
15-20  10     94  1.00  0.00
15-20  11     90  1.00  0.00
15-20  12    179  1.00  0.00
15-20  13    195  1.00  0.00
15-20  14     72  1.00  0.00
15-20  15    143  1.00  0.00
15-20  16    179  1.00  0.00
15-20  17    171  1.00  0.00
15-20  18    189  1.00  0.00
20-30   1     81  1.00  0.00
20-30   2    164  1.00  0.00
20-30   3    253  1.00  0.00
20-30   4    199  1.00  0.00
20-30   5    397  1.00  0.00
20-30   6    400  1.00  0.00
20-30   7    263  1.00  0.00
20-30   8    206  1.00  0.00
20-30   9    479  1.00  0.00
20-30  10    387  1.00  0.00
20-30  11    866  1.00  0.00
20-30  12   1059  1.00  0.00
20-30  13    907  1.00  0.00
20-30  14    414  1.00  0.00
20-30  15    630  1.00  0.00
20-30  16    874  1.00  0.00
20-30  17    634  1.00  0.00
20-30  18    864  1.00  0.00
30-40   1     60  0.80  0.20
30-40   2    116  0.80  0.20
30-40   3    228  0.80  0.20
30-40   4    196  0.80  0.20
30-40   5    340  0.80  0.20
30-40   6    464  0.80  0.20
30-40   7    108  0.80  0.20
30-40   8    196  0.80  0.20
30-40   9    320  0.80  0.20
30-40  10    321  0.80  0.20
30-40  11    863  0.80  0.20
30-40  12   1191  0.80  0.20
30-40  13    730  0.80  0.20
30-40  14    336  0.80  0.20
30-40  15    450  0.80  0.20
30-40  16    595  0.80  0.20
30-40  17    567  0.80  0.20
30-40  18   1022  0.80  0.20
40-50   1      6  0.80  0.20
40-50   2     14  0.80  0.20
40-50   3     27  0.80  0.20
40-50   4     18  0.80  0.20
40-50   5     81  0.80  0.20
40-50   6    136  0.80  0.20
40-50   7     19  0.80  0.20
40-50   8     17  0.80  0.20
40-50   9     33  0.80  0.20
40-50  10     25  0.80  0.20
40-50  11    122  0.80  0.20
40-50  12    439  0.80  0.20
40-50  13    167  0.80  0.20
40-50  14     76  0.80  0.20
40-50  15    115  0.80  0.20
40-50  16    141  0.80  0.20
40-50  17    187  0.80  0.20
40-50  18    327  0.80  0.20
50-60   1      0  0.00  0.00
50-60   2      0  0.00  0.00
50-60   3      0  0.00  0.00
50-60   4      0  0.00  0.00
50-60   5      0  0.00  0.00
50-60   6      0  0.00  0.00
50-60   7      0  0.00  0.00
50-60   8      0  0.00  0.00
50-60   9      0  0.00  0.00
50-60  10      0  0.00  0.00
50-60  11      0  0.00  0.00
50-60  12      0  0.00  0.00
50-60  13      0  0.00  0.00
50-60  14      0  0.00  0.00
50-60  15      0  0.00  0.00
50-60  16      0  0.00  0.00
50-60  17      0  0.00  0.00
50-60  18      0  0.00  0.00
60-70   1      0  0.00  0.00
60-70   2      0  0.00  0.00
60-70   3      0  0.00  0.00
60-70   4      0  0.00  0.00
60-70   5      0  0.00  0.00
60-70   6      0  0.00  0.00
60-70   7      0  0.00  0.00
60-70   8      0  0.00  0.00
60-70   9      0  0.00  0.00
60-70  10      0  0.00  0.00
60-70  11      0  0.00  0.00
60-70  12      0  0.00  0.00
60-70  13      0  0.00  0.00
60-70  14      0  0.00  0.00
60-70  15      0  0.00  0.00
60-70  16      0  0.00  0.00
60-70  17      0  0.00  0.00
60-70  18      0  0.00  0.00


  40                   : lake code
KCA                 Hanslit-Taylor Survey
020225                 : date
SIMRAD               2 : 1 = FURUNO FM 22  /  2 = SIMRAD
10   : Sounder Gain    : Sounder Gain

25Feb02/25Mar02/BH/EYM/20069/0/0/0/17/185/114                                                                 

depth / transect / targets / %sockeye / %stickleback

  2-5   1      5  0.32  0.68
  2-5   2     17  0.32  0.68
  2-5   3      8  0.32  0.68
  2-5   4      6  0.32  0.68
  2-5   5     21  0.32  0.68
  2-5   6      5  0.32  0.68
  2-5   7      0  0.32  0.68
  2-5   8      0  0.00  0.00
  2-5   9      0  0.00  0.00
  2-5  10      0  0.00  0.00
  2-5  11      0  0.00  0.00
  2-5  12      0  0.00  0.00
  2-5  13      0  0.00  0.00
  2-5  14      0  0.00  0.00
  2-5  15      0  0.00  0.00
  2-5  16      0  0.00  0.00
  3-5   1      0  0.00  0.00
  3-5   2      0  0.00  0.00
  3-5   3      0  0.00  0.00
  3-5   4      0  0.00  0.00
  3-5   5      0  0.00  0.00
  3-5   6      0  0.00  0.00
  3-5   7      0  0.00  0.00
  3-5   8      0  0.00  0.00
  3-5   9      0  0.00  0.00
  3-5  10      0  0.00  0.00
  3-5  11      0  0.00  0.00
  3-5  12      0  0.00  0.00
  3-5  13      0  0.00  0.00
  3-5  14      0  0.00  0.00
  3-5  15      0  0.00  0.00
  3-5  16      0  0.00  0.00
 5-10   1     13  0.32  0.68
 5-10   2    121  0.32  0.68
 5-10   3     78  0.32  0.68
 5-10   4     34  0.32  0.68
 5-10   5     70  0.32  0.68
 5-10   6     32  0.32  0.68
 5-10   7     24  0.32  0.68
 5-10   8      0  0.00  0.00
 5-10   9      0  0.00  0.00
 5-10  10      0  0.00  0.00
 5-10  11      0  0.00  0.00
 5-10  12      0  0.00  0.00
 5-10  13      0  0.00  0.00
 5-10  14      0  0.00  0.00
 5-10  15      0  0.00  0.00
 5-10  16      0  0.00  0.00
10-15   1     63  0.49  0.51
10-15   2    458  0.49  0.51
10-15   3    226  0.49  0.51
10-15   4     59  0.49  0.51
10-15   5    136  0.49  0.51
10-15   6    110  0.49  0.51
10-15   7     35  0.49  0.51
10-15   8      0  0.00  0.00
10-15   9      0  0.00  0.00
10-15  10      0  0.00  0.00
10-15  11      0  0.00  0.00
10-15  12      0  0.00  0.00
10-15  13      0  0.00  0.00
10-15  14      0  0.00  0.00
10-15  15      0  0.00  0.00
10-15  16      0  0.00  0.00
15-20   1     70  0.81  0.19
15-20   2    393  0.81  0.19
15-20   3    142  0.81  0.19
15-20   4     41  0.81  0.19
15-20   5     78  0.81  0.19
15-20   6     60  0.81  0.19
15-20   7     32  0.81  0.19
15-20   8      0  0.00  0.00
15-20   9      0  0.00  0.00
15-20  10      0  0.00  0.00
15-20  11      0  0.00  0.00
15-20  12      0  0.00  0.00
15-20  13      0  0.00  0.00
15-20  14      0  0.00  0.00
15-20  15      0  0.00  0.00
15-20  16      0  0.00  0.00
20-30   1     74  0.93  0.07
20-30   2    322  0.93  0.07
20-30   3    137  0.93  0.07
20-30   4     47  0.93  0.07
20-30   5     94  0.93  0.07
20-30   6    114  0.93  0.07
20-30   7     61  0.93  0.07
20-30   8      0  0.00  0.00
20-30   9      0  0.00  0.00
20-30  10      0  0.00  0.00
20-30  11      0  0.00  0.00
20-30  12      0  0.00  0.00
20-30  13      0  0.00  0.00
20-30  14      0  0.00  0.00
20-30  15      0  0.00  0.00
20-30  16      0  0.00  0.00
30-40   1     75  0.98  0.02
30-40   2    319  0.98  0.02
30-40   3    134  0.98  0.02
30-40   4     55  0.98  0.02
30-40   5     63  0.98  0.02
30-40   6     81  0.98  0.02
30-40   7     56  0.98  0.02
30-40   8      0  0.00  0.00
30-40   9      0  0.00  0.00
30-40  10      0  0.00  0.00
30-40  11      0  0.00  0.00
30-40  12      0  0.00  0.00
30-40  13      0  0.00  0.00
30-40  14      0  0.00  0.00
30-40  15      0  0.00  0.00
30-40  16      0  0.00  0.00
40-50   1     71  0.98  0.02
40-50   2    523  0.98  0.02
40-50   3    242  0.98  0.02
40-50   4    114  0.98  0.02
40-50   5     66  0.98  0.02
40-50   6     96  0.98  0.02
40-50   7     59  0.98  0.02
40-50   8      0  0.00  0.00
40-50   9      0  0.00  0.00
40-50  10      0  0.00  0.00
40-50  11      0  0.00  0.00
40-50  12      0  0.00  0.00
40-50  13      0  0.00  0.00
40-50  14      0  0.00  0.00
40-50  15      0  0.00  0.00
40-50  16      0  0.00  0.00
50-60   1     43  0.98  0.02
50-60   2    201  0.98  0.02
50-60   3    169  0.98  0.02
50-60   4     61  0.98  0.02
50-60   5     18  0.98  0.02
50-60   6     42  0.98  0.02
50-60   7     28  0.98  0.02
50-60   8      0  0.00  0.00
50-60   9      0  0.00  0.00
50-60  10      0  0.00  0.00
50-60  11      0  0.00  0.00
50-60  12      0  0.00  0.00
50-60  13      0  0.00  0.00
50-60  14      0  0.00  0.00
50-60  15      0  0.00  0.00
50-60  16      0  0.00  0.00
60-70   1      0  0.00  0.00
60-70   2      0  0.00  0.00
60-70   3      0  0.00  0.00
60-70   4      0  0.00  0.00
60-70   5      0  0.00  0.00
60-70   6      0  0.00  0.00
60-70   7      0  0.00  0.00
60-70   8      0  0.00  0.00
60-70   9      0  0.00  0.00
60-70  10      0  0.00  0.00
60-70  11      0  0.00  0.00
60-70  12      0  0.00  0.00
60-70  13      0  0.00  0.00
60-70  14      0  0.00  0.00
60-70  15      0  0.00  0.00
60-70  16      0  0.00  0.00


  41                   : lake code
KMA                 Hanslit-Taylor Survey
020225                 : date
SIMRAD               2 : 1 = FURUNO FM 22  /  2 = SIMRAD
10   : Sounder Gain    : Sounder Gain

25Feb02/25Mar02/BH/EYM/20069/0/0/0/18/91/193                                                                  

depth / transect / targets / %sockeye / %stickleback

  2-5   1     13  0.23  0.77
  2-5   2      7  0.23  0.77
  2-5   3      8  0.23  0.77
  2-5   4     28  0.23  0.77
  2-5   5     31  0.23  0.77
  2-5   6     22  0.23  0.77
  2-5   7     25  0.23  0.77
  2-5   8      0  0.00  0.00
  2-5   9      0  0.00  0.00
  2-5  10      0  0.00  0.00
  2-5  11      0  0.00  0.00
  2-5  12      0  0.00  0.00
  2-5  13      0  0.00  0.00
  2-5  14      0  0.00  0.00
  2-5  15      0  0.00  0.00
  3-5   1      0  0.00  0.00
  3-5   2      0  0.00  0.00
  3-5   3      0  0.00  0.00
  3-5   4      0  0.00  0.00
  3-5   5      0  0.00  0.00
  3-5   6      0  0.00  0.00
  3-5   7      0  0.00  0.00
  3-5   8      0  0.00  0.00
  3-5   9      0  0.00  0.00
  3-5  10      0  0.00  0.00
  3-5  11      0  0.00  0.00
  3-5  12      0  0.00  0.00
  3-5  13      0  0.00  0.00
  3-5  14      0  0.00  0.00
  3-5  15      0  0.00  0.00
 5-10   1     77  0.23  0.77
 5-10   2    151  0.23  0.77
 5-10   3     65  0.23  0.77
 5-10   4    257  0.23  0.77
 5-10   5    450  0.23  0.77
 5-10   6    256  0.23  0.77
 5-10   7    160  0.23  0.77
 5-10   8      0  0.00  0.00
 5-10   9      0  0.00  0.00
 5-10  10      0  0.00  0.00
 5-10  11      0  0.00  0.00
 5-10  12      0  0.00  0.00
 5-10  13      0  0.00  0.00
 5-10  14      0  0.00  0.00
 5-10  15      0  0.00  0.00
10-15   1    207  0.44  0.66
10-15   2    398  0.44  0.66
10-15   3    335  0.44  0.66
10-15   4    410  0.44  0.66
10-15   5    353  0.44  0.66
10-15   6    144  0.44  0.66
10-15   7    117  0.44  0.66
10-15   8      0  0.00  0.00
10-15   9      0  0.00  0.00
10-15  10      0  0.00  0.00
10-15  11      0  0.00  0.00
10-15  12      0  0.00  0.00
10-15  13      0  0.00  0.00
10-15  14      0  0.00  0.00
10-15  15      0  0.00  0.00
15-20   1    274  0.29  0.71
15-20   2    152  0.29  0.71
15-20   3    141  0.29  0.71
15-20   4    151  0.29  0.71
15-20   5     87  0.29  0.71
15-20   6     60  0.29  0.71
15-20   7     19  0.29  0.71
15-20   8      0  0.00  0.00
15-20   9      0  0.00  0.00
15-20  10      0  0.00  0.00
15-20  11      0  0.00  0.00
15-20  12      0  0.00  0.00
15-20  13      0  0.00  0.00
15-20  14      0  0.00  0.00
15-20  15      0  0.00  0.00
20-30   1    235  0.35  0.65
20-30   2    215  0.35  0.65
20-30   3    231  0.35  0.65
20-30   4    314  0.35  0.65
20-30   5    242  0.35  0.65
20-30   6     80  0.35  0.65
20-30   7      0  0.00  0.00
20-30   8      0  0.00  0.00
20-30   9      0  0.00  0.00
20-30  10      0  0.00  0.00
20-30  11      0  0.00  0.00
20-30  12      0  0.00  0.00
20-30  13      0  0.00  0.00
20-30  14      0  0.00  0.00
20-30  15      0  0.00  0.00
30-40   1     71  0.35  0.65
30-40   2    121  0.35  0.65
30-40   3    137  0.35  0.65
30-40   4    125  0.35  0.65
30-40   5    168  0.35  0.65
30-40   6      0  0.00  0.00
30-40   7      0  0.00  0.00
30-40   8      0  0.00  0.00
30-40   9      0  0.00  0.00
30-40  10      0  0.00  0.00
30-40  11      0  0.00  0.00
30-40  12      0  0.00  0.00
30-40  13      0  0.00  0.00
30-40  14      0  0.00  0.00
30-40  15      0  0.00  0.00
40-50   1     30  0.35  0.65
40-50   2     71  0.35  0.65
40-50   3     59  0.35  0.65
40-50   4     31  0.35  0.65
40-50   5     28  0.35  0.65
40-50   6      0  0.00  0.00
40-50   7      0  0.00  0.00
40-50   8      0  0.00  0.00
40-50   9      0  0.00  0.00
40-50  10      0  0.00  0.00
40-50  11      0  0.00  0.00
40-50  12      0  0.00  0.00
40-50  13      0  0.00  0.00
40-50  14      0  0.00  0.00
40-50  15      0  0.00  0.00
50-60   1      3  0.35  0.65
50-60   2     35  0.35  0.65
50-60   3     18  0.35  0.65
50-60   4     15  0.35  0.65
50-60   5      0  0.00  0.00
50-60   6      0  0.00  0.00
50-60   7      0  0.00  0.00
50-60   8      0  0.00  0.00
50-60   9      0  0.00  0.00
50-60  10      0  0.00  0.00
50-60  11      0  0.00  0.00
50-60  12      0  0.00  0.00
50-60  13      0  0.00  0.00
50-60  14      0  0.00  0.00
50-60  15      0  0.00  0.00
60-70   1      0  0.00  0.00
60-70   2      0  0.00  0.00
60-70   3      0  0.00  0.00
60-70   4      0  0.00  0.00
60-70   5      0  0.00  0.00
60-70   6      0  0.00  0.00
60-70   7      0  0.00  0.00
60-70   8      0  0.00  0.00
60-70   9      0  0.00  0.00
60-70  10      0  0.00  0.00
60-70  11      0  0.00  0.00
60-70  12      0  0.00  0.00
60-70  13      0  0.00  0.00
60-70  14      0  0.00  0.00
60-70  15      0  0.00  0.00


 801                   : lake code
Long Lk (A)         processed by Barry 19Nov2001.
011116                 : date
SIMRAD               2 : 1 = FURUNO FM 22  /  2 = SIMRAD
2   : Sounder Gain
o/c, 0tomodrain&wnd,AT10,ST11.7,mn4/5.
ey500//17/14/429                                                                                              

depth / transect / targets / %sockeye / %stickleback

  2-5   1      2  0.01  0.99
  2-5   2      0  0.00  1.00
  2-5   3     14  0.01  0.99
  2-5   4      7  0.01  0.99
  2-5   5      3  0.01  0.99
  2-5   6      7  0.01  0.99
  2-5   7      8  0.01  0.99
  2-5   8     18  0.01  0.99
  2-5   9     20  0.01  0.99
  3-5   1      0  0.00  0.00
  3-5   2      0  0.00  0.00
  3-5   3      0  0.00  0.00
  3-5   4      0  0.00  0.00
  3-5   5      0  0.00  0.00
  3-5   6      0  0.00  0.00
  3-5   7      0  0.00  0.00
  3-5   8      0  0.00  0.00
  3-5   9      0  0.00  0.00
 5-10   1      7  0.01  0.99
 5-10   2     46  0.01  0.99
 5-10   3     35  0.01  0.99
 5-10   4     41  0.01  0.99
 5-10   5     49  0.01  0.99
 5-10   6     49  0.01  0.99
 5-10   7     76  0.01  0.99
 5-10   8     79  0.01  0.99
 5-10   9    157  0.01  0.99
10-15   1     10  0.11  0.89
10-15   2      9  0.11  0.89
10-15   3     24  0.11  0.89
10-15   4     25  0.11  0.89
10-15   5     55  0.11  0.89
10-15   6     63  0.11  0.89
10-15   7     43  0.11  0.89
10-15   8     72  0.11  0.89
10-15   9    208  0.11  0.89
15-20   1     10  0.04  0.96
15-20   2      2  0.04  0.96
15-20   3     13  0.04  0.96
15-20   4     24  0.04  0.96
15-20   5     59  0.04  0.96
15-20   6     40  0.04  0.96
15-20   7     25  0.04  0.96
15-20   8     42  0.04  0.96
15-20   9    156  0.04  0.96
20-30   1     12  0.00  1.00
20-30   2      7  0.00  1.00
20-30   3     38  0.00  1.00
20-30   4     54  0.00  1.00
20-30   5     73  0.00  1.00
20-30   6     77  0.00  1.00
20-30   7     68  0.00  1.00
20-30   8     91  0.00  1.00
20-30   9    149  0.00  1.00
30-40   1     31  0.00  1.00
30-40   2     16  0.00  1.00
30-40   3     34  0.00  1.00
30-40   4     17  0.00  1.00
30-40   5     35  0.00  1.00
30-40   6     67  0.00  1.00
30-40   7     90  0.00  1.00
30-40   8     68  0.00  1.00
30-40   9     74  0.00  1.00
40-50   1     29  0.00  1.00
40-50   2      2  0.00  1.00
40-50   3     12  0.00  1.00
40-50   4      1  0.00  1.00
40-50   5      8  0.00  1.00
40-50   6     33  0.00  1.00
40-50   7     37  0.00  1.00
40-50   8     30  0.00  1.00
40-50   9     35  0.00  1.00
50-60   1      0  0.00  0.00
50-60   2      3  0.00  1.00
50-60   3      5  0.00  1.00
50-60   4      1  0.00  1.00
50-60   5     11  0.00  1.00
50-60   6      0  0.00  0.00
50-60   7      7  0.00  1.00
50-60   8     27  0.00  1.00
50-60   9     37  0.00  1.00
60-70   1      0  0.00  0.00
60-70   2      0  0.00  0.00
60-70   3      0  0.00  0.00
60-70   4      0  0.00  0.00
60-70   5      0  0.00  0.00
60-70   6      0  0.00  0.00
60-70   7      0  0.00  0.00
60-70   8      0  0.00  0.00
60-70   9      0  0.00  0.00


 801                   : lake code
Long Lk (A)         Hanslit - Bachen Survey
020212                 : date
SIMRAD               2 : 1 = FURUNO FM 22  /  2 = SIMRAD
10   : Sounder Gain    : Sounder Gain
EY500 Used
12Feb02/16Apr02/BH/EY500/0/0/0/39/2/153                                                                       

depth / transect / targets / %sockeye / %stickleback

  2-5   1      0  0.00  1.00
  2-5   2      0  0.00  1.00
  2-5   3      0  0.00  1.00
  2-5   4      0  0.00  1.00
  2-5   5      1  0.00  1.00
  2-5   6      4  0.00  1.00
  2-5   7      0  0.00  1.00
  2-5   8      0  0.00  1.00
  2-5   9      3  0.00  1.00
  3-5   1      0  0.00  0.00
  3-5   2      0  0.00  0.00
  3-5   3      0  0.00  0.00
  3-5   4      0  0.00  0.00
  3-5   5      0  0.00  0.00
  3-5   6      0  0.00  0.00
  3-5   7      0  0.00  0.00
  3-5   8      0  0.00  0.00
  3-5   9      0  0.00  0.00
 5-10   1      0  0.00  1.00
 5-10   2      2  0.00  1.00
 5-10   3      2  0.00  1.00
 5-10   4      2  0.00  1.00
 5-10   5      3  0.00  1.00
 5-10   6      8  0.00  1.00
 5-10   7      9  0.00  1.00
 5-10   8      3  0.00  1.00
 5-10   9     13  0.00  1.00
10-15   1      0  0.25  0.75
10-15   2      3  0.25  0.75
10-15   3     11  0.25  0.75
10-15   4     54  0.25  0.75
10-15   5    123  0.25  0.75
10-15   6    176  0.25  0.75
10-15   7     16  0.25  0.75
10-15   8     35  0.25  0.75
10-15   9    137  0.25  0.75
15-20   1      8  0.00  1.00
15-20   2      3  0.00  1.00
15-20   3      9  0.00  1.00
15-20   4     28  0.00  1.00
15-20   5     61  0.00  1.00
15-20   6     19  0.00  1.00
15-20   7     22  0.00  1.00
15-20   8     41  0.00  1.00
15-20   9    138  0.00  1.00
20-30   1     19  0.00  1.00
20-30   2      8  0.00  1.00
20-30   3     46  0.00  1.00
20-30   4     85  0.00  1.00
20-30   5    197  0.00  1.00
20-30   6    106  0.00  1.00
20-30   7     69  0.00  1.00
20-30   8    186  0.00  1.00
20-30   9    565  0.00  1.00
30-40   1     79  0.00  1.00
30-40   2     29  0.00  1.00
30-40   3     56  0.00  1.00
30-40   4    200  0.00  1.00
30-40   5    543  0.00  1.00
30-40   6    321  0.00  1.00
30-40   7    126  0.00  1.00
30-40   8    261  0.00  1.00
30-40   9   1302  0.00  1.00
40-50   1     60  0.00  1.00
40-50   2     13  0.00  1.00
40-50   3     24  0.00  1.00
40-50   4     77  0.00  1.00
40-50   5    388  0.00  1.00
40-50   6    188  0.00  1.00
40-50   7     76  0.00  1.00
40-50   8     98  0.00  1.00
40-50   9    842  0.00  1.00
50-60   1      0  0.00  0.00
50-60   2      0  0.00  0.00
50-60   3      0  0.00  0.00
50-60   4      0  0.00  0.00
50-60   5      0  0.00  0.00
50-60   6      0  0.00  0.00
50-60   7      0  0.00  0.00
50-60   8      0  0.00  0.00
50-60   9      0  0.00  0.00
60-70   1      0  0.00  0.00
60-70   2      0  0.00  0.00
60-70   3      0  0.00  0.00
60-70   4      0  0.00  0.00
60-70   5      0  0.00  0.00
60-70   6      0  0.00  0.00
60-70   7      0  0.00  0.00
60-70   8      0  0.00  0.00
60-70   9      0  0.00  0.00


 802                   : lake code
Long Lk (B)         processed by bh on 19Novv2001.
011116                 : date
SIMRAD               2 : 1 = FURUNO FM 22  /  2 = SIMRAD
10   : Sounder Gain
see Long (A)
see Long (A)                                                                                                  

depth / transect / targets / %sockeye / %stickleback

  2-5   1      1  0.00  1.00
  2-5   2      2  0.00  1.00
  2-5   3     20  0.00  1.00
  2-5   4      7  0.00  1.00
  2-5   5     10  0.00  1.00
  2-5   6     31  0.00  1.00
  2-5   7     14  0.00  1.00
  3-5   1      0  0.00  0.00
  3-5   2      0  0.00  0.00
  3-5   3      0  0.00  0.00
  3-5   4      0  0.00  0.00
  3-5   5      0  0.00  0.00
  3-5   6      0  0.00  0.00
  3-5   7      0  0.00  0.00
 5-10   1     28  0.11  0.89
 5-10   2     12  0.11  0.89
 5-10   3     40  0.11  0.89
 5-10   4     90  0.11  0.89
 5-10   5     57  0.11  0.89
 5-10   6    119  0.11  0.89
 5-10   7     92  0.11  0.89
10-15   1     53  0.05  0.95
10-15   2     23  0.05  0.95
10-15   3     86  0.05  0.95
10-15   4    120  0.05  0.95
10-15   5    132  0.05  0.95
10-15   6    229  0.05  0.95
10-15   7    149  0.05  0.95
15-20   1     67  0.01  0.99
15-20   2     26  0.01  0.99
15-20   3    163  0.01  0.99
15-20   4     48  0.01  0.99
15-20   5    129  0.01  0.99
15-20   6    246  0.01  0.99
15-20   7     99  0.01  0.99
20-30   1    156  0.00  1.00
20-30   2     64  0.00  1.00
20-30   3    252  0.00  1.00
20-30   4     65  0.00  1.00
20-30   5    150  0.00  1.00
20-30   6    254  0.00  1.00
20-30   7    124  0.00  1.00
30-40   1     64  0.00  1.00
30-40   2     51  0.00  1.00
30-40   3     65  0.00  1.00
30-40   4     25  0.00  1.00
30-40   5    113  0.00  1.00
30-40   6      0  0.00  0.00
30-40   7     37  0.00  1.00
40-50   1     15  0.00  1.00
40-50   2      2  0.00  1.00
40-50   3     13  0.00  1.00
40-50   4      8  0.00  1.00
40-50   5     24  0.00  1.00
40-50   6     23  0.00  1.00
40-50   7     23  0.00  1.00
50-60   1      2  0.00  1.00
50-60   2      2  0.00  1.00
50-60   3      9  0.00  1.00
50-60   4      4  0.00  1.00
50-60   5      1  0.00  1.00
50-60   6     19  0.00  1.00
50-60   7     14  0.00  1.00
60-70   1      0  0.00  0.00
60-70   2      0  0.00  0.00
60-70   3      0  0.00  0.00
60-70   4      0  0.00  0.00
60-70   5      0  0.00  0.00
60-70   6      0  0.00  0.00
60-70   7      0  0.00  0.00


 802                   : lake code
Long Lk (B)         Hanslit-Bachen Survey
020212                 : date
SIMRAD               2 : 1 = FURUNO FM 22  /  2 = SIMRAD
10   : Sounder Gain   : Sounder Gain

12Feb02/17Apr02/BH/EY500/0/0/0/39/2/153                                                                       

depth / transect / targets / %sockeye / %stickleback

  2-5   1      0  0.00  1.00
  2-5   2      0  0.00  1.00
  2-5   3      0  0.00  0.00
  2-5   4      0  0.00  1.00
  2-5   5      1  0.00  1.00
  2-5   6      4  0.00  1.00
  2-5   7      1  0.00  1.00
  3-5   1      0  0.00  0.00
  3-5   2      0  0.00  0.00
  3-5   3      0  0.00  0.00
  3-5   4      0  0.00  0.00
  3-5   5      0  0.00  0.00
  3-5   6      0  0.00  0.00
  3-5   7      0  0.00  0.00
 5-10   1      4  0.00  1.00
 5-10   2      6  0.00  1.00
 5-10   3      0  0.00  0.00
 5-10   4     17  0.00  1.00
 5-10   5      8  0.00  1.00
 5-10   6     21  0.00  1.00
 5-10   7     57  0.00  1.00
10-15   1     25  0.00  1.00
10-15   2     57  0.00  1.00
10-15   3      0  0.00  0.00
10-15   4    230  0.00  1.00
10-15   5    104  0.00  1.00
10-15   6    195  0.00  1.00
10-15   7    561  0.00  1.00
15-20   1     27  0.00  1.00
15-20   2     53  0.00  1.00
15-20   3      0  0.00  0.00
15-20   4    157  0.00  1.00
15-20   5    136  0.00  1.00
15-20   6    269  0.00  1.00
15-20   7    522  0.00  1.00
20-30   1     75  0.00  1.00
20-30   2     99  0.00  1.00
20-30   3      0  0.00  0.00
20-30   4    561  0.00  1.00
20-30   5    250  0.00  1.00
20-30   6    687  0.00  1.00
20-30   7   1112  0.00  1.00
30-40   1    104  0.02  0.98
30-40   2    110  0.02  0.98
30-40   3      0  0.00  0.00
30-40   4    839  0.02  0.98
30-40   5    291  0.02  0.98
30-40   6   1128  0.02  0.98
30-40   7   1501  0.02  0.98
40-50   1     38  0.02  0.98
40-50   2     49  0.02  0.98
40-50   3      0  0.00  0.00
40-50   4    192  0.02  0.98
40-50   5    100  0.02  0.98
40-50   6    722  0.02  0.98
40-50   7    741  0.02  0.98
50-60   1      0  0.00  0.00
50-60   2      0  0.00  0.00
50-60   3      0  0.00  0.00
50-60   4      0  0.00  0.00
50-60   5      0  0.00  0.00
50-60   6      0  0.00  0.00
50-60   7      0  0.00  0.00
60-70   1      0  0.00  0.00
60-70   2      0  0.00  0.00
60-70   3      0  0.00  0.00
60-70   4      0  0.00  0.00
60-70   5      0  0.00  0.00
60-70   6      0  0.00  0.00
60-70   7      0  0.00  0.00


  44                   : lake code
Muriel Lk           Hanslit-Taylor Survey
020301                 : date
SIMRAD               2 : 1 = FURUNO FM 22  /  2 = SIMRAD
10   : Sounder Gain    : Sounder Gain

1Mar02/21Mar02/BH/EYM20069/0/0/0/6/68/3                                                                       

depth / transect / targets / %sockeye / %stickleback

  2-5   1      0  1.00  0.00
  2-5   2      1  1.00  0.00
  2-5   3      2  1.00  0.00
  2-5   4      9  1.00  0.00
  2-5   5      4  1.00  0.00
  2-5   6      9  1.00  0.00
  2-5   7     12  1.00  0.00
  2-5   8     17  1.00  0.00
  2-5   9      1  1.00  0.00
  2-5  10      1  1.00  0.00
  3-5   1      0  0.00  0.00
  3-5   2      0  0.00  0.00
  3-5   3      0  0.00  0.00
  3-5   4      0  0.00  0.00
  3-5   5      0  0.00  0.00
  3-5   6      0  0.00  0.00
  3-5   7      0  0.00  0.00
  3-5   8      0  0.00  0.00
  3-5   9      0  0.00  0.00
  3-5  10      0  0.00  0.00
 5-10   1      5  1.00  0.00
 5-10   2      5  1.00  0.00
 5-10   3     12  1.00  0.00
 5-10   4     36  1.00  0.00
 5-10   5     32  1.00  0.00
 5-10   6     14  1.00  0.00
 5-10   7     52  1.00  0.00
 5-10   8     92  1.00  0.00
 5-10   9     33  1.00  0.00
 5-10  10     26  1.00  0.00
10-15   1     21  1.00  0.00
10-15   2     49  1.00  0.00
10-15   3     43  1.00  0.00
10-15   4    147  1.00  0.00
10-15   5     66  1.00  0.00
10-15   6     19  1.00  0.00
10-15   7     52  1.00  0.00
10-15   8    104  1.00  0.00
10-15   9     94  1.00  0.00
10-15  10     42  1.00  0.00
15-20   1     15  1.00  0.00
15-20   2     60  1.00  0.00
15-20   3     26  1.00  0.00
15-20   4     73  1.00  0.00
15-20   5     60  1.00  0.00
15-20   6     23  1.00  0.00
15-20   7     56  1.00  0.00
15-20   8     68  1.00  0.00
15-20   9     89  1.00  0.00
15-20  10      3  1.00  0.00
20-30   1      1  1.00  0.00
20-30   2     21  1.00  0.00
20-30   3     13  1.00  0.00
20-30   4     29  1.00  0.00
20-30   5     46  1.00  0.00
20-30   6     16  1.00  0.00
20-30   7     30  1.00  0.00
20-30   8     27  1.00  0.00
20-30   9     58  1.00  0.00
20-30  10      0  1.00  0.00
30-40   1      0  0.00  0.00
30-40   2      0  1.00  0.00
30-40   3      0  1.00  0.00
30-40   4      0  1.00  0.00
30-40   5      3  1.00  0.00
30-40   6      2  1.00  0.00
30-40   7      0  1.00  0.00
30-40   8      0  1.00  0.00
30-40   9      2  1.00  0.00
30-40  10      0  1.00  0.00
40-50   1      0  0.00  0.00
40-50   2      0  0.00  0.00
40-50   3      0  0.00  0.00
40-50   4      0  0.00  0.00
40-50   5      0  0.00  0.00
40-50   6      0  0.00  0.00
40-50   7      0  0.00  0.00
40-50   8      0  0.00  0.00
40-50   9      0  0.00  0.00
40-50  10      0  0.00  0.00


  21                   : lake code
Nimpkish Lk         Hanslit-Bachen Survey
011211                 : date
SIMRAD               2 : 1 = FURUNO FM 22  /  2 = SIMRAD
24.50   : Sounder Ga   : Sounder Gain
Transects 1,2 and 3 were done but no data was reco
11Dec01/6Feb02/BH/EY500/0/0/0/6/60/70                                                                         

depth / transect / targets / %sockeye / %stickleback

  2-5   1      0  0.00  0.00
  2-5   2      0  0.00  0.00
  2-5   3      0  0.00  0.00
  2-5   4      1  0.75  0.25
  2-5   5      0  0.75  0.25
  2-5   6      1  0.75  0.25
  2-5   7      0  0.75  0.25
  2-5   8      2  0.75  0.25
  3-5   1      0  0.00  0.00
  3-5   2      0  0.00  0.00
  3-5   3      0  0.00  0.00
  3-5   4      0  0.00  0.00
  3-5   5      0  0.00  0.00
  3-5   6      0  0.00  0.00
  3-5   7      0  0.00  0.00
  3-5   8      0  0.00  0.00
 5-10   1      0  0.00  0.00
 5-10   2      0  0.00  0.00
 5-10   3      0  0.00  0.00
 5-10   4      8  0.75  0.25
 5-10   5     20  0.75  0.25
 5-10   6     19  0.75  0.25
 5-10   7     37  0.75  0.25
 5-10   8     29  0.75  0.25
10-15   1      0  0.00  0.00
10-15   2      0  0.00  0.00
10-15   3      0  0.00  0.00
10-15   4      9  0.72  0.25
10-15   5      4  0.72  0.25
10-15   6     24  0.72  0.25
10-15   7     80  0.72  0.25
10-15   8     62  0.72  0.25
15-20   1      0  0.00  0.00
15-20   2      0  0.00  0.00
15-20   3      0  0.00  0.00
15-20   4      6  0.14  0.86
15-20   5      5  0.14  0.86
15-20   6     25  0.14  0.86
15-20   7     93  0.14  0.86
15-20   8     73  0.14  0.86
20-30   1      0  0.00  0.00
20-30   2      0  0.00  0.00
20-30   3      0  0.00  0.00
20-30   4     17  0.10  0.90
20-30   5     25  0.10  0.90
20-30   6     55  0.10  0.90
20-30   7    185  0.10  0.90
20-30   8    261  0.10  0.90
30-40   1      0  0.00  0.00
30-40   2      0  0.00  0.00
30-40   3      0  0.00  0.00
30-40   4     37  0.10  0.90
30-40   5     77  0.10  0.90
30-40   6     79  0.10  0.90
30-40   7    175  0.10  0.90
30-40   8    292  0.10  0.90
40-50   1      0  0.00  0.00
40-50   2      0  0.00  0.00
40-50   3      0  0.00  0.00
40-50   4     55  0.10  0.90
40-50   5     91  0.10  0.90
40-50   6     84  0.10  0.90
40-50   7    116  0.10  0.90
40-50   8    201  0.10  0.90
50-60   1      0  0.00  0.00
50-60   2      0  0.00  0.00
50-60   3      0  0.00  0.00
50-60   4      0  0.00  0.00
50-60   5      0  0.00  0.00
50-60   6      0  0.00  0.00
50-60   7      0  0.00  0.00
50-60   8      0  0.00  0.00
60-70   1      0  0.00  0.00
60-70   2      0  0.00  0.00
60-70   3      0  0.00  0.00
60-70   4      0  0.00  0.00
60-70   5      0  0.00  0.00
60-70   6      0  0.00  0.00
60-70   7      0  0.00  0.00
60-70   8      0  0.00  0.00
70-80   1      0  0.00  0.00
70-80   2      0  0.00  0.00
70-80   3      0  0.00  0.00
70-80   4      0  0.00  0.00
70-80   5      0  0.00  0.00
70-80   6      0  0.00  0.00
70-80   7      0  0.00  0.00
70-80   8      0  0.00  0.00


 238                   : lake code
Osoyoos Lk (N)      Hanslit-ONFC Survey
010611                 : date
SIMRAD               2 : 1 = FURUNO FM 22  /  2 = SIMRAD
24.50   : Sounder Ga   : Sounder Gain
EY500 Used
11Jun01/31Jan02/BH/EY500/0/0/0/6/399                                                                          

depth / transect / targets / %sockeye / %stickleback

  2-5   1      8  1.00  0.00
  2-5   2      4  1.00  0.00
  2-5   3      0  1.00  0.00
  2-5   4      3  1.00  0.00
  2-5   5      4  1.00  0.00
  2-5   6      9  1.00  0.00
  2-5   7      5  1.00  0.00
  2-5   8      6  1.00  0.00
  2-5   9      5  1.00  0.00
  2-5  10      4  1.00  0.00
  3-5   1      0  0.00  0.00
  3-5   2      0  0.00  0.00
  3-5   3      0  0.00  0.00
  3-5   4      0  0.00  0.00
  3-5   5      0  0.00  0.00
  3-5   6      0  0.00  0.00
  3-5   7      0  0.00  0.00
  3-5   8      0  0.00  0.00
  3-5   9      0  0.00  0.00
  3-5  10      0  0.00  0.00
 5-10   1     35  1.00  0.00
 5-10   2     50  1.00  0.00
 5-10   3   1066  1.00  0.00
 5-10   4     11  1.00  0.00
 5-10   5     35  1.00  0.00
 5-10   6     68  1.00  0.00
 5-10   7     35  1.00  0.00
 5-10   8     37  1.00  0.00
 5-10   9     14  1.00  0.00
 5-10  10     16  1.00  0.00
10-15   1    353  1.00  0.00
10-15   2    949  1.00  0.00
10-15   3    912  1.00  0.00
10-15   4    736  1.00  0.00
10-15   5    659  1.00  0.00
10-15   6    820  1.00  0.00
10-15   7   1076  1.00  0.00
10-15   8   1074  1.00  0.00
10-15   9    588  1.00  0.00
10-15  10    583  1.00  0.00
15-20   1    917  1.00  0.00
15-20   2   1134  1.00  0.00
15-20   3    163  1.00  0.00
15-20   4    633  1.00  0.00
15-20   5   1039  1.00  0.00
15-20   6   2040  1.00  0.00
15-20   7   1117  1.00  0.00
15-20   8    696  1.00  0.00
15-20   9    398  1.00  0.00
15-20  10    588  1.00  0.00
20-30   1    228  1.00  0.00
20-30   2    226  1.00  0.00
20-30   3      0  0.00  0.00
20-30   4    138  1.00  0.00
20-30   5    296  1.00  0.00
20-30   6    507  1.00  0.00
20-30   7    285  1.00  0.00
20-30   8    258  1.00  0.00
20-30   9    139  1.00  0.00
20-30  10    207  1.00  0.00
30-40   1      9  1.00  0.00
30-40   2     25  1.00  0.00
30-40   3      1  1.00  0.00
30-40   4     13  1.00  0.00
30-40   5     11  1.00  0.00
30-40   6     32  1.00  0.00
30-40   7      9  1.00  0.00
30-40   8      0  1.00  0.00
30-40   9     16  1.00  0.00
30-40  10      3  1.00  0.00


 238                   : lake code
Osoyoos Lk (N)      Hanslit-ONFC Survey
010725                 : date
SIMRAD               2 : 1 = FURUNO FM 22  /  2 = SIMRAD
24.50   : Sounder Ga   : Sounder Gain
EY500 Used
25Jul01/29Jan02/BH/EY500/0/0/0/3/383/0                                                                        

depth / transect / targets / %sockeye / %stickleback

  2-5   1      0  1.00  0.00
  2-5   2      2  1.00  0.00
  2-5   3      2  1.00  0.00
  2-5   4      1  1.00  0.00
  2-5   5      1  1.00  0.00
  2-5   6      0  1.00  0.00
  2-5   7      6  1.00  0.00
  2-5   8      1  1.00  0.00
  2-5   9      0  1.00  0.00
  2-5  10      3  1.00  0.00
  3-5   1      0  0.00  0.00
  3-5   2      0  0.00  0.00
  3-5   3      0  0.00  0.00
  3-5   4      0  0.00  0.00
  3-5   5      0  0.00  0.00
  3-5   6      0  0.00  0.00
  3-5   7      0  0.00  0.00
  3-5   8      0  0.00  0.00
  3-5   9      0  0.00  0.00
  3-5  10      0  0.00  0.00
 5-10   1      1  1.00  0.00
 5-10   2      6  1.00  0.00
 5-10   3      7  1.00  0.00
 5-10   4      7  1.00  0.00
 5-10   5      8  1.00  0.00
 5-10   6      4  1.00  0.00
 5-10   7     11  1.00  0.00
 5-10   8      6  1.00  0.00
 5-10   9      0  1.00  0.00
 5-10  10      6  1.00  0.00
10-15   1     30  1.00  0.00
10-15   2     67  1.00  0.00
10-15   3    277  1.00  0.00
10-15   4    149  1.00  0.00
10-15   5     66  1.00  0.00
10-15   6     59  1.00  0.00
10-15   7    134  1.00  0.00
10-15   8    116  1.00  0.00
10-15   9     97  1.00  0.00
10-15  10    116  1.00  0.00
15-20   1    296  1.00  0.00
15-20   2    673  1.00  0.00
15-20   3   1121  1.00  0.00
15-20   4    953  1.00  0.00
15-20   5    420  1.00  0.00
15-20   6    622  1.00  0.00
15-20   7    827  1.00  0.00
15-20   8    677  1.00  0.00
15-20   9    580  1.00  0.00
15-20  10    509  1.00  0.00
20-30   1   1048  1.00  0.00
20-30   2    951  1.00  0.00
20-30   3   1548  1.00  0.00
20-30   4   1952  1.00  0.00
20-30   5   1463  1.00  0.00
20-30   6   1787  1.00  0.00
20-30   7   1674  1.00  0.00
20-30   8   1581  1.00  0.00
20-30   9    994  1.00  0.00
20-30  10    434  1.00  0.00
30-40   1    212  1.00  0.00
30-40   2    610  1.00  0.00
30-40   3    303  1.00  0.00
30-40   4    450  1.00  0.00
30-40   5    465  1.00  0.00
30-40   6    189  1.00  0.00
30-40   7    380  1.00  0.00
30-40   8     55  1.00  0.00
30-40   9    205  1.00  0.00
30-40  10      0  0.00  0.00


 238                   : lake code
Osoyoos Lk (N)      Hanslit-ONFC Survey
011126                 : date
SIMRAD               2 : 1 = FURUNO FM 22  /  2 = SIMRAD
24.50   : Sounder Ga   : Sounder Gain
EY500 Used
26Nov01/4Feb02/BH/EY500/0/0/0/4/621/0                                                                         

depth / transect / targets / %sockeye / %stickleback

  2-5   1     18  1.00  0.00
  2-5   2     18  1.00  0.00
  2-5   3     26  1.00  0.00
  2-5   4     13  1.00  0.00
  2-5   5      9  1.00  0.00
  2-5   6     22  1.00  0.00
  2-5   7      8  1.00  0.00
  2-5   8     21  1.00  0.00
  2-5   9     12  1.00  0.00
  2-5  10     47  1.00  0.00
  3-5   1      0  0.00  0.00
  3-5   2      0  0.00  0.00
  3-5   3      0  0.00  0.00
  3-5   4      0  0.00  0.00
  3-5   5      0  0.00  0.00
  3-5   6      0  0.00  0.00
  3-5   7      0  0.00  0.00
  3-5   8      0  0.00  0.00
  3-5   9      0  0.00  0.00
  3-5  10      0  0.00  0.00
 5-10   1     25  1.00  0.00
 5-10   2     62  1.00  0.00
 5-10   3    146  1.00  0.00
 5-10   4     81  1.00  0.00
 5-10   5     35  1.00  0.00
 5-10   6     54  1.00  0.00
 5-10   7     74  1.00  0.00
 5-10   8    152  1.00  0.00
 5-10   9     93  1.00  0.00
 5-10  10    249  1.00  0.00
10-15   1     26  1.00  0.00
10-15   2     70  1.00  0.00
10-15   3    328  1.00  0.00
10-15   4     99  1.00  0.00
10-15   5     62  1.00  0.00
10-15   6    109  1.00  0.00
10-15   7    143  1.00  0.00
10-15   8    371  1.00  0.00
10-15   9    118  1.00  0.00
10-15  10    308  1.00  0.00
15-20   1     66  1.00  0.00
15-20   2    210  1.00  0.00
15-20   3    497  1.00  0.00
15-20   4    157  1.00  0.00
15-20   5    141  1.00  0.00
15-20   6    188  1.00  0.00
15-20   7    306  1.00  0.00
15-20   8    613  1.00  0.00
15-20   9    185  1.00  0.00
15-20  10    657  1.00  0.00
20-30   1    521  1.00  0.00
20-30   2   1038  1.00  0.00
20-30   3    939  1.00  0.00
20-30   4   1010  1.00  0.00
20-30   5    813  1.00  0.00
20-30   6    953  1.00  0.00
20-30   7   1103  1.00  0.00
20-30   8   1100  1.00  0.00
20-30   9    995  1.00  0.00
20-30  10   1854  1.00  0.00
30-40   1    424  1.00  0.00
30-40   2   1300  1.00  0.00
30-40   3    420  1.00  0.00
30-40   4    919  1.00  0.00
30-40   5    759  1.00  0.00
30-40   6    674  1.00  0.00
30-40   7    873  1.00  0.00
30-40   8      0  0.00  0.00
30-40   9   1071  1.00  0.00
30-40  10   1300  1.00  0.00


 241                   : lake code
Skaha Lk            Hanslit-ONFC Survey
010614                 : date
SIMRAD               2 : 1 = FURUNO FM 22  /  2 = SIMRAD
24.50   : Sounder Ga   : Sounder Gain
EY500 Used
14Jun01/30Jan02/BH/EY500/0/0/0/5/1/0                                                                          

depth / transect / targets / %sockeye / %stickleback

  2-5   1      1  1.00  0.00
  2-5   2      2  1.00  0.00
  2-5   3      2  1.00  0.00
  2-5   4      4  1.00  0.00
  2-5   5      0  0.00  0.00
  2-5   6      0  0.00  0.00
  3-5   1      0  0.00  0.00
  3-5   2      0  0.00  0.00
  3-5   3      0  0.00  0.00
  3-5   4      0  0.00  0.00
  3-5   5      0  0.00  0.00
  3-5   6      0  0.00  0.00
 5-10   1     22  1.00  0.00
 5-10   2      3  1.00  0.00
 5-10   3      4  1.00  0.00
 5-10   4      1  1.00  0.00
 5-10   5      0  0.00  0.00
 5-10   6      0  0.00  0.00
10-15   1     17  1.00  0.00
10-15   2     11  1.00  0.00
10-15   3     54  1.00  0.00
10-15   4      1  1.00  0.00
10-15   5      0  0.00  0.00
10-15   6      0  0.00  0.00
15-20   1     26  1.00  0.00
15-20   2     30  1.00  0.00
15-20   3     32  1.00  0.00
15-20   4     11  1.00  0.00
15-20   5      0  0.00  0.00
15-20   6      0  0.00  0.00
20-30   1    125  1.00  0.00
20-30   2    157  1.00  0.00
20-30   3    179  1.00  0.00
20-30   4     28  1.00  0.00
20-30   5      0  0.00  0.00
20-30   6      0  0.00  0.00
30-40   1    149  1.00  0.00
30-40   2    183  1.00  0.00
30-40   3    149  1.00  0.00
30-40   4      0  1.00  0.00
30-40   5      0  0.00  0.00
30-40   6      0  0.00  0.00
40-50   1     32  1.00  0.00
40-50   2     29  1.00  0.00
40-50   3     18  1.00  0.00
40-50   4      0  1.00  0.00
40-50   5      0  0.00  0.00
40-50   6      0  0.00  0.00
50-60   1      0  0.00  0.00
50-60   2      0  0.00  0.00
50-60   3      0  0.00  0.00
50-60   4      0  0.00  0.00
50-60   5      0  0.00  0.00
50-60   6      0  0.00  0.00
60-70   1      0  0.00  0.00
60-70   2      0  0.00  0.00
60-70   3      0  0.00  0.00
60-70   4      0  0.00  0.00
60-70   5      0  0.00  0.00
60-70   6      0  0.00  0.00


 241                   : lake code
Skaha Lk            Hanslit-ONFC Survey
010723                 : date
SIMRAD               2 : 1 = FURUNO FM 22  /  2 = SIMRAD
24.50   : Sounder Ga   : Sounder Gain
EY500 Used
23Jul01/30Jan02/BH/EY500/0/0/0/0/0                                                                            

depth / transect / targets / %sockeye / %stickleback

  2-5   1      4  1.00  0.00
  2-5   2      0  1.00  0.00
  2-5   3      0  1.00  0.00
  2-5   4      2  1.00  0.00
  2-5   5      0  0.00  0.00
  2-5   6      0  0.00  0.00
  3-5   1      0  0.00  0.00
  3-5   2      0  0.00  0.00
  3-5   3      0  0.00  0.00
  3-5   4      0  0.00  0.00
  3-5   5      0  0.00  0.00
  3-5   6      0  0.00  0.00
 5-10   1      9  1.00  0.00
 5-10   2      0  1.00  0.00
 5-10   3      0  1.00  0.00
 5-10   4      1  1.00  0.00
 5-10   5      0  0.00  0.00
 5-10   6      0  0.00  0.00
10-15   1     75  1.00  0.00
10-15   2     22  1.00  0.00
10-15   3     25  1.00  0.00
10-15   4      8  1.00  0.00
10-15   5      0  0.00  0.00
10-15   6      0  0.00  0.00
15-20   1     81  1.00  0.00
15-20   2     36  1.00  0.00
15-20   3     96  1.00  0.00
15-20   4     46  1.00  0.00
15-20   5      0  0.00  0.00
15-20   6      0  0.00  0.00
20-30   1    170  1.00  0.00
20-30   2    144  1.00  0.00
20-30   3    144  1.00  0.00
20-30   4     59  1.00  0.00
20-30   5      0  0.00  0.00
20-30   6      0  0.00  0.00
30-40   1    370  1.00  0.00
30-40   2    269  1.00  0.00
30-40   3    217  1.00  0.00
30-40   4      0  1.00  0.00
30-40   5      0  0.00  0.00
30-40   6      0  0.00  0.00
40-50   1     53  1.00  0.00
40-50   2     46  1.00  0.00
40-50   3     11  1.00  0.00
40-50   4      0  1.00  0.00
40-50   5      0  0.00  0.00
40-50   6      0  0.00  0.00
50-60   1      0  0.00  0.00
50-60   2      0  0.00  0.00
50-60   3      0  0.00  0.00
50-60   4      0  0.00  0.00
50-60   5      0  0.00  0.00
50-60   6      0  0.00  0.00
60-70   1      0  0.00  0.00
60-70   2      0  0.00  0.00
60-70   3      0  0.00  0.00
60-70   4      0  0.00  0.00
60-70   5      0  0.00  0.00
60-70   6      0  0.00  0.00


 241                   : lake code
Skaha Lk            Hanslit-ONFC Survey
011019                 : date
SIMRAD               2 : 1 = FURUNO FM 22  /  2 = SIMRAD
24.50   : Sounder Ga   : Sounder Gain
EY500 Used
19Oct01/30Jan02/BH/EY500/0/0/0/0/0/                                                                           

depth / transect / targets / %sockeye / %stickleback

  2-5   1      2  1.00  0.00
  2-5   2      1  1.00  0.00
  2-5   3      1  1.00  0.00
  2-5   4      0  1.00  0.00
  2-5   5      0  0.00  0.00
  2-5   6      0  0.00  0.00
  3-5   1      0  0.00  0.00
  3-5   2      0  0.00  0.00
  3-5   3      0  0.00  0.00
  3-5   4      0  0.00  0.00
  3-5   5      0  0.00  0.00
  3-5   6      0  0.00  0.00
 5-10   1      4  1.00  0.00
 5-10   2      0  1.00  0.00
 5-10   3      3  1.00  0.00
 5-10   4      1  1.00  0.00
 5-10   5      0  0.00  0.00
 5-10   6      0  0.00  0.00
10-15   1      8  1.00  0.00
10-15   2      5  1.00  0.00
10-15   3      6  1.00  0.00
10-15   4      3  1.00  0.00
10-15   5      0  0.00  0.00
10-15   6      0  0.00  0.00
15-20   1      9  1.00  0.00
15-20   2     13  1.00  0.00
15-20   3     12  1.00  0.00
15-20   4      4  1.00  0.00
15-20   5      0  0.00  0.00
15-20   6      0  0.00  0.00
20-30   1     44  1.00  0.00
20-30   2     71  1.00  0.00
20-30   3     49  1.00  0.00
20-30   4     30  1.00  0.00
20-30   5      0  0.00  0.00
20-30   6      0  0.00  0.00
30-40   1    155  1.00  0.00
30-40   2    265  1.00  0.00
30-40   3    250  1.00  0.00
30-40   4      0  0.00  0.00
30-40   5      0  0.00  0.00
30-40   6      0  0.00  0.00
40-50   1    365  1.00  0.00
40-50   2    488  1.00  0.00
40-50   3    272  1.00  0.00
40-50   4      0  0.00  0.00
40-50   5      0  0.00  0.00
40-50   6      0  0.00  0.00
50-60   1      0  0.00  0.00
50-60   2      0  0.00  0.00
50-60   3      0  0.00  0.00
50-60   4      0  0.00  0.00
50-60   5      0  0.00  0.00
50-60   6      0  0.00  0.00
60-70   1      0  0.00  0.00
60-70   2      0  0.00  0.00
60-70   3      0  0.00  0.00
60-70   4      0  0.00  0.00
60-70   5      0  0.00  0.00
60-70   6      0  0.00  0.00


   2                   : lake code
Sproat Lk           Rankin-Hanslit Survey
011205                 : date
SIMRAD               2 : 1 = FURUNO FM 22  /  2 = SIMRAD
24.50   : Sounder Ga   : Sounder Gain
Simrad EY500 
5Dec01/22Jan02/BH/EY500/0/0/0/10/275/75                                                                       

depth / transect / targets / %sockeye / %stickleback

  2-5   1      6  1.00  0.00
  2-5   2     13  1.00  0.00
  2-5   3      8  1.00  0.00
  2-5   4     11  1.00  0.00
  2-5   5      4  1.00  0.00
  2-5   6      1  1.00  0.00
  2-5   7      3  1.00  0.00
  2-5   8      2  1.00  0.00
  2-5   9      5  1.00  0.00
  2-5  10      5  1.00  0.00
  2-5  11      0  1.00  0.00
  3-5   1      0  0.00  0.00
  3-5   2      0  0.00  0.00
  3-5   3      0  0.00  0.00
  3-5   4      0  0.00  0.00
  3-5   5      0  0.00  0.00
  3-5   6      0  0.00  0.00
  3-5   7      0  0.00  0.00
  3-5   8      0  0.00  0.00
  3-5   9      0  0.00  0.00
  3-5  10      0  0.00  0.00
  3-5  11      0  0.00  0.00
 5-10   1     75  1.00  0.00
 5-10   2     74  1.00  0.00
 5-10   3    108  1.00  0.00
 5-10   4    128  1.00  0.00
 5-10   5     44  1.00  0.00
 5-10   6     20  1.00  0.00
 5-10   7     22  1.00  0.00
 5-10   8     44  1.00  0.00
 5-10   9     37  1.00  0.00
 5-10  10     39  1.00  0.00
 5-10  11     16  1.00  0.00
10-15   1     89  1.00  0.00
10-15   2    136  1.00  0.00
10-15   3    206  1.00  0.00
10-15   4    237  1.00  0.00
10-15   5    113  1.00  0.00
10-15   6     63  1.00  0.00
10-15   7     58  1.00  0.00
10-15   8    116  1.00  0.00
10-15   9     75  1.00  0.00
10-15  10    100  1.00  0.00
10-15  11     53  1.00  0.00
15-20   1     93  1.00  0.00
15-20   2    126  1.00  0.00
15-20   3    254  1.00  0.00
15-20   4    334  1.00  0.00
15-20   5    265  1.00  0.00
15-20   6    142  1.00  0.00
15-20   7     94  1.00  0.00
15-20   8    252  1.00  0.00
15-20   9    159  1.00  0.00
15-20  10    199  1.00  0.00
15-20  11    173  1.00  0.00
20-30   1    113  1.00  0.00
20-30   2    187  1.00  0.00
20-30   3    525  1.00  0.00
20-30   4    759  1.00  0.00
20-30   5    543  1.00  0.00
20-30   6    501  1.00  0.00
20-30   7    181  1.00  0.00
20-30   8    479  1.00  0.00
20-30   9    473  1.00  0.00
20-30  10    501  1.00  0.00
20-30  11    915  0.50  0.50
30-40   1     21  1.00  0.00
30-40   2     50  1.00  0.00
30-40   3    177  1.00  0.00
30-40   4    342  1.00  0.00
30-40   5    254  1.00  0.00
30-40   6    227  1.00  0.00
30-40   7    108  1.00  0.00
30-40   8    376  1.00  0.00
30-40   9    228  1.00  0.00
30-40  10    310  1.00  0.00
30-40  11    420  0.50  0.50
40-50   1      4  1.00  0.00
40-50   2     17  1.00  0.00
40-50   3     51  1.00  0.00
40-50   4     90  1.00  0.00
40-50   5     18  1.00  0.00
40-50   6     17  1.00  0.00
40-50   7     28  1.00  0.00
40-50   8     82  1.00  0.00
40-50   9     17  1.00  0.00
40-50  10     33  1.00  0.00
40-50  11    121  0.50  0.50
50-60   1      0  0.00  0.00
50-60   2      0  0.00  0.00
50-60   3      0  0.00  0.00
50-60   4      0  0.00  0.00
50-60   5      0  0.00  0.00
50-60   6      0  0.00  0.00
50-60   7      0  0.00  0.00
50-60   8      0  0.00  0.00
50-60   9      0  0.00  0.00
50-60  10      0  0.00  0.00
50-60  11      0  0.00  0.00
60-70   1      0  0.00  0.00
60-70   2      0  0.00  0.00
60-70   3      0  0.00  0.00
60-70   4      0  0.00  0.00
60-70   5      0  0.00  0.00
60-70   6      0  0.00  0.00
60-70   7      0  0.00  0.00
60-70   8      0  0.00  0.00
60-70   9      0  0.00  0.00
60-70  10      0  0.00  0.00
60-70  11      0  0.00  0.00
70-80   1      0  0.00  0.00
70-80   2      0  0.00  0.00
70-80   3      0  0.00  0.00
70-80   4      0  0.00  0.00
70-80   5      0  0.00  0.00
70-80   6      0  0.00  0.00
70-80   7      0  0.00  0.00
70-80   8      0  0.00  0.00
70-80   9      0  0.00  0.00
70-80  10      0  0.00  0.00
70-80  11      0  0.00  0.00


  66                   : lake code
Tatsamenie Lk       processed by BH, 22Nov2001.
010818                 : date
SIMRAD               2 : 1 = FURUNO FM 22  /  2 = SIMRAD
10 (EY500)   : Sound   : Sounder Gain
cloud,lghtwnd,nomn,AT9,ST15.
18Aug2001/22Nov2001/bh/ey500//0/0/0/7/317/0.                                                                  

depth / transect / targets / %sockeye / %stickleback

  2-5   1      1  1.00  0.00
  2-5   2      4  1.00  0.00
  2-5   3     28  1.00  0.00
  2-5   4      8  1.00  0.00
  2-5   5     13  1.00  0.00
  2-5   6      2  1.00  0.00
  2-5   7      0  1.00  0.00
  2-5   8      3  1.00  0.00
  2-5   9     10  1.00  0.00
  2-5  10      5  1.00  0.00
  2-5  11     21  1.00  0.00
  2-5  12      5  1.00  0.00
  2-5  13      0  1.00  0.00
  2-5  14      0  0.00  0.00
  2-5  15      0  0.00  0.00
  2-5  16      0  0.00  0.00
  3-5   1      0  0.00  0.00
  3-5   2      0  0.00  0.00
  3-5   3      0  0.00  0.00
  3-5   4      0  0.00  0.00
  3-5   5      0  0.00  0.00
  3-5   6      0  0.00  0.00
  3-5   7      0  0.00  0.00
  3-5   8      0  0.00  0.00
  3-5   9      0  0.00  0.00
  3-5  10      0  0.00  0.00
  3-5  11      0  0.00  0.00
  3-5  12      0  0.00  0.00
  3-5  13      0  0.00  0.00
  3-5  14      0  0.00  0.00
  3-5  15      0  0.00  0.00
  3-5  16      0  0.00  0.00
 5-10   1      2  1.00  0.00
 5-10   2     10  1.00  0.00
 5-10   3     87  1.00  0.00
 5-10   4     51  1.00  0.00
 5-10   5     11  1.00  0.00
 5-10   6     17  1.00  0.00
 5-10   7      1  1.00  0.00
 5-10   8     12  1.00  0.00
 5-10   9     57  1.00  0.00
 5-10  10     50  1.00  0.00
 5-10  11     54  1.00  0.00
 5-10  12     23  1.00  0.00
 5-10  13      5  1.00  0.00
 5-10  14      0  0.00  0.00
 5-10  15      0  0.00  0.00
 5-10  16      0  0.00  0.00
10-15   1      0  1.00  0.00
10-15   2      2  1.00  0.00
10-15   3     15  1.00  0.00
10-15   4     59  1.00  0.00
10-15   5      4  1.00  0.00
10-15   6     19  1.00  0.00
10-15   7      0  1.00  0.00
10-15   8      4  1.00  0.00
10-15   9     11  1.00  0.00
10-15  10     42  1.00  0.00
10-15  11     52  1.00  0.00
10-15  12      9  1.00  0.00
10-15  13      6  1.00  0.00
10-15  14      0  0.00  0.00
10-15  15      0  0.00  0.00
10-15  16      0  0.00  0.00
15-20   1      0  1.00  0.00
15-20   2      0  1.00  0.00
15-20   3      2  1.00  0.00
15-20   4     13  1.00  0.00
15-20   5     24  1.00  0.00
15-20   6      5  1.00  0.00
15-20   7      0  1.00  0.00
15-20   8      0  1.00  0.00
15-20   9      1  1.00  0.00
15-20  10      4  1.00  0.00
15-20  11      6  1.00  0.00
15-20  12      1  1.00  0.00
15-20  13     32  1.00  0.00
15-20  14      0  0.00  0.00
15-20  15      0  0.00  0.00
15-20  16      0  0.00  0.00
20-30   1      0  1.00  0.00
20-30   2      0  1.00  0.00
20-30   3      0  1.00  0.00
20-30   4      0  1.00  0.00
20-30   5      0  1.00  0.00
20-30   6      0  1.00  0.00
20-30   7      0  1.00  0.00
20-30   8      1  1.00  0.00
20-30   9      0  1.00  0.00
20-30  10      0  1.00  0.00
20-30  11      0  1.00  0.00
20-30  12      0  1.00  0.00
20-30  13      0  1.00  0.00
20-30  14      0  0.00  0.00
20-30  15      0  0.00  0.00
20-30  16      0  0.00  0.00
30-40   1      0  1.00  0.00
30-40   2      0  1.00  0.00
30-40   3      0  1.00  0.00
30-40   4      0  1.00  0.00
30-40   5      0  1.00  0.00
30-40   6      0  1.00  0.00
30-40   7      0  1.00  0.00
30-40   8      0  1.00  0.00
30-40   9      0  1.00  0.00
30-40  10      0  1.00  0.00
30-40  11      0  1.00  0.00
30-40  12      0  1.00  0.00
30-40  13      0  1.00  0.00
30-40  14      0  1.00  0.00
30-40  15      0  1.00  0.00
30-40  16      0  1.00  0.00
40-50   1      0  1.00  0.00
40-50   2      0  1.00  0.00
40-50   3      0  1.00  0.00
40-50   4      0  1.00  0.00
40-50   5      0  1.00  0.00
40-50   6      0  1.00  0.00
40-50   7      0  1.00  0.00
40-50   8      0  1.00  0.00
40-50   9      0  1.00  0.00
40-50  10      0  1.00  0.00
40-50  11      0  1.00  0.00
40-50  12      0  1.00  0.00
40-50  13      0  1.00  0.00
40-50  14      0  0.00  0.00
40-50  15      0  0.00  0.00
40-50  16      0  0.00  0.00
50-60   1      0  0.00  0.00
50-60   2      0  0.00  0.00
50-60   3      0  0.00  0.00
50-60   4      0  0.00  0.00
50-60   5      0  0.00  0.00
50-60   6      0  0.00  0.00
50-60   7      0  0.00  0.00
50-60   8      0  0.00  0.00
50-60   9      0  0.00  0.00
50-60  10      0  0.00  0.00
50-60  11      0  0.00  0.00
50-60  12      0  0.00  0.00
50-60  13      0  0.00  0.00
50-60  14      0  0.00  0.00
50-60  15      0  0.00  0.00
50-60  16      0  0.00  0.00


  66                   : lake code
Tatsamenie Lk       Mercer Survey
010920                 : date
SIMRAD               2 : 1 = FURUNO FM 22  /  2 = SIMRAD
10   : Sounder Gain    : Sounder Gain

20Sep01/22Nov01/BH/EYM/20069                                                                                  

depth / transect / targets / %sockeye / %stickleback

  2-5   1      4  1.00  0.00
  2-5   2      1  1.00  0.00
  2-5   3      2  1.00  0.00
  2-5   4      0  1.00  0.00
  2-5   5      0  1.00  0.00
  2-5   6      0  1.00  0.00
  2-5   7      0  1.00  0.00
  2-5   8      0  0.00  0.00
  2-5   9      0  0.00  0.00
  2-5  10      0  0.00  0.00
  2-5  11      0  0.00  0.00
  2-5  12      0  0.00  0.00
  2-5  13      0  0.00  0.00
  2-5  14      0  0.00  0.00
  2-5  15      0  0.00  0.00
  2-5  16      0  0.00  0.00
  3-5   1      0  0.00  0.00
  3-5   2      0  0.00  0.00
  3-5   3      0  0.00  0.00
  3-5   4      0  0.00  0.00
  3-5   5      0  0.00  0.00
  3-5   6      0  0.00  0.00
  3-5   7      0  0.00  0.00
  3-5   8      0  0.00  0.00
  3-5   9      0  0.00  0.00
  3-5  10      0  0.00  0.00
  3-5  11      0  0.00  0.00
  3-5  12      0  0.00  0.00
  3-5  13      0  0.00  0.00
  3-5  14      0  0.00  0.00
  3-5  15      0  0.00  0.00
  3-5  16      0  0.00  0.00
 5-10   1     59  1.00  0.00
 5-10   2     34  1.00  0.00
 5-10   3     31  1.00  0.00
 5-10   4     24  1.00  0.00
 5-10   5      7  1.00  0.00
 5-10   6      3  1.00  0.00
 5-10   7      3  1.00  0.00
 5-10   8      0  0.00  0.00
 5-10   9      0  0.00  0.00
 5-10  10      0  0.00  0.00
 5-10  11      0  0.00  0.00
 5-10  12      0  0.00  0.00
 5-10  13      0  0.00  0.00
 5-10  14      0  0.00  0.00
 5-10  15      0  0.00  0.00
 5-10  16      0  0.00  0.00
10-15   1    161  1.00  0.00
10-15   2     90  1.00  0.00
10-15   3     65  1.00  0.00
10-15   4     64  1.00  0.00
10-15   5     17  1.00  0.00
10-15   6     22  1.00  0.00
10-15   7     13  1.00  0.00
10-15   8      0  0.00  0.00
10-15   9      0  0.00  0.00
10-15  10      0  0.00  0.00
10-15  11      0  0.00  0.00
10-15  12      0  0.00  0.00
10-15  13      0  0.00  0.00
10-15  14      0  0.00  0.00
10-15  15      0  0.00  0.00
10-15  16      0  0.00  0.00
15-20   1    123  1.00  0.00
15-20   2     61  1.00  0.00
15-20   3     22  1.00  0.00
15-20   4     26  1.00  0.00
15-20   5     14  1.00  0.00
15-20   6     11  1.00  0.00
15-20   7     39  1.00  0.00
15-20   8      0  0.00  0.00
15-20   9      0  0.00  0.00
15-20  10      0  0.00  0.00
15-20  11      0  0.00  0.00
15-20  12      0  0.00  0.00
15-20  13      0  0.00  0.00
15-20  14      0  0.00  0.00
15-20  15      0  0.00  0.00
15-20  16      0  0.00  0.00
20-30   1     68  1.00  0.00
20-30   2     36  1.00  0.00
20-30   3     31  1.00  0.00
20-30   4     75  1.00  0.00
20-30   5    111  1.00  0.00
20-30   6     57  1.00  0.00
20-30   7    181  1.00  0.00
20-30   8      0  0.00  0.00
20-30   9      0  0.00  0.00
20-30  10      0  0.00  0.00
20-30  11      0  0.00  0.00
20-30  12      0  0.00  0.00
20-30  13      0  0.00  0.00
20-30  14      0  0.00  0.00
20-30  15      0  0.00  0.00
20-30  16      0  0.00  0.00
30-40   1      2  1.00  0.00
30-40   2      1  1.00  0.00
30-40   3      2  1.00  0.00
30-40   4      3  1.00  0.00
30-40   5     14  1.00  0.00
30-40   6      1  1.00  0.00
30-40   7     20  1.00  0.00
30-40   8      0  0.00  0.00
30-40   9      0  0.00  0.00
30-40  10      0  0.00  0.00
30-40  11      0  0.00  0.00
30-40  12      0  0.00  0.00
30-40  13      0  0.00  0.00
30-40  14      0  0.00  0.00
30-40  15      0  0.00  0.00
30-40  16      0  0.00  0.00
40-50   1      0  0.00  0.00
40-50   2      0  0.00  0.00
40-50   3      0  0.00  0.00
40-50   4      0  0.00  0.00
40-50   5      0  0.00  0.00
40-50   6      0  0.00  0.00
40-50   7      0  0.00  0.00
40-50   8      0  0.00  0.00
40-50   9      0  0.00  0.00
40-50  10      0  0.00  0.00
40-50  11      0  0.00  0.00
40-50  12      0  0.00  0.00
40-50  13      0  0.00  0.00
40-50  14      0  0.00  0.00
40-50  15      0  0.00  0.00
40-50  16      0  0.00  0.00
50-60   1      0  0.00  0.00
50-60   2      0  0.00  0.00
50-60   3      0  0.00  0.00
50-60   4      0  0.00  0.00
50-60   5      0  0.00  0.00
50-60   6      0  0.00  0.00
50-60   7      0  0.00  0.00
50-60   8      0  0.00  0.00
50-60   9      0  0.00  0.00
50-60  10      0  0.00  0.00
50-60  11      0  0.00  0.00
50-60  12      0  0.00  0.00
50-60  13      0  0.00  0.00
50-60  14      0  0.00  0.00
50-60  15      0  0.00  0.00
50-60  16      0  0.00  0.00


  66                   : lake code
Tatsamenie Lk       Mercer Survey
011009                 : date
SIMRAD               2 : 1 = FURUNO FM 22  /  2 = SIMRAD
10   : Sounder Gain    : Sounder Gain

9Oct01/22Nov01/BH/EYM/20069                                                                                   

depth / transect / targets / %sockeye / %stickleback

  2-5   1      1  1.00  0.00
  2-5   2      1  1.00  0.00
  2-5   3      4  1.00  0.00
  2-5   4      0  1.00  0.00
  2-5   5      0  1.00  0.00
  2-5   6      0  1.00  0.00
  2-5   7      0  1.00  0.00
  2-5   8      0  0.00  0.00
  2-5   9      0  0.00  0.00
  2-5  10      0  0.00  0.00
  2-5  11      0  0.00  0.00
  2-5  12      0  0.00  0.00
  2-5  13      0  0.00  0.00
  2-5  14      9  1.00  0.00
  2-5  15      3  1.00  0.00
  2-5  16      1  1.00  0.00
  3-5   1      0  0.00  0.00
  3-5   2      0  0.00  0.00
  3-5   3      0  0.00  0.00
  3-5   4      0  0.00  0.00
  3-5   5      0  0.00  0.00
  3-5   6      0  0.00  0.00
  3-5   7      0  0.00  0.00
  3-5   8      0  0.00  0.00
  3-5   9      0  0.00  0.00
  3-5  10      0  0.00  0.00
  3-5  11      0  0.00  0.00
  3-5  12      0  0.00  0.00
  3-5  13      0  0.00  0.00
  3-5  14      0  0.00  0.00
  3-5  15      0  0.00  0.00
  3-5  16      0  0.00  0.00
 5-10   1     15  1.00  0.00
 5-10   2     13  1.00  0.00
 5-10   3     19  1.00  0.00
 5-10   4     12  1.00  0.00
 5-10   5      8  1.00  0.00
 5-10   6      2  1.00  0.00
 5-10   7      2  1.00  0.00
 5-10   8      0  0.00  0.00
 5-10   9      0  0.00  0.00
 5-10  10      0  0.00  0.00
 5-10  11      0  0.00  0.00
 5-10  12      0  0.00  0.00
 5-10  13      0  0.00  0.00
 5-10  14    121  1.00  0.00
 5-10  15     39  1.00  0.00
 5-10  16     24  1.00  0.00
10-15   1     29  1.00  0.00
10-15   2     26  1.00  0.00
10-15   3     24  1.00  0.00
10-15   4     37  1.00  0.00
10-15   5     12  1.00  0.00
10-15   6      2  1.00  0.00
10-15   7      0  1.00  0.00
10-15   8      0  0.00  0.00
10-15   9      0  0.00  0.00
10-15  10      0  0.00  0.00
10-15  11      0  0.00  0.00
10-15  12      0  0.00  0.00
10-15  13      0  0.00  0.00
10-15  14    169  1.00  0.00
10-15  15     40  1.00  0.00
10-15  16     40  1.00  0.00
15-20   1     31  1.00  0.00
15-20   2     52  1.00  0.00
15-20   3     56  1.00  0.00
15-20   4     75  1.00  0.00
15-20   5     14  1.00  0.00
15-20   6      5  1.00  0.00
15-20   7      3  1.00  0.00
15-20   8      0  0.00  0.00
15-20   9      0  0.00  0.00
15-20  10      0  0.00  0.00
15-20  11      0  0.00  0.00
15-20  12      0  0.00  0.00
15-20  13      0  0.00  0.00
15-20  14    209  1.00  0.00
15-20  15     53  1.00  0.00
15-20  16    133  1.00  0.00
20-30   1     56  1.00  0.00
20-30   2    113  1.00  0.00
20-30   3    110  1.00  0.00
20-30   4    138  1.00  0.00
20-30   5    107  1.00  0.00
20-30   6     32  1.00  0.00
20-30   7     48  1.00  0.00
20-30   8      0  0.00  0.00
20-30   9      0  0.00  0.00
20-30  10      0  0.00  0.00
20-30  11      0  0.00  0.00
20-30  12      0  0.00  0.00
20-30  13      0  0.00  0.00
20-30  14    230  1.00  0.00
20-30  15    280  1.00  0.00
20-30  16    279  1.00  0.00
30-40   1     27  1.00  0.00
30-40   2     53  1.00  0.00
30-40   3     59  1.00  0.00
30-40   4     70  1.00  0.00
30-40   5     74  1.00  0.00
30-40   6     24  1.00  0.00
30-40   7     32  1.00  0.00
30-40   8      0  0.00  0.00
30-40   9      0  0.00  0.00
30-40  10      0  0.00  0.00
30-40  11      0  0.00  0.00
30-40  12      0  0.00  0.00
30-40  13      0  0.00  0.00
30-40  14     72  1.00  0.00
30-40  15    221  1.00  0.00
30-40  16    106  1.00  0.00
40-50   1     27  1.00  0.00
40-50   2     37  1.00  0.00
40-50   3     14  1.00  0.00
40-50   4     13  1.00  0.00
40-50   5      6  1.00  0.00
40-50   6      1  1.00  0.00
40-50   7      0  0.00  0.00
40-50   8      0  0.00  0.00
40-50   9      0  0.00  0.00
40-50  10      0  0.00  0.00
40-50  11      0  0.00  0.00
40-50  12      0  0.00  0.00
40-50  13      0  0.00  0.00
40-50  14     43  1.00  0.00
40-50  15     47  1.00  0.00
40-50  16     34  1.00  0.00
50-60   1      5  1.00  0.00
50-60   2      3  1.00  0.00
50-60   3      0  1.00  0.00
50-60   4      0  1.00  0.00
50-60   5      0  1.00  0.00
50-60   6      0  1.00  0.00
50-60   7      0  0.00  0.00
50-60   8      0  0.00  0.00
50-60   9      0  0.00  0.00
50-60  10      0  0.00  0.00
50-60  11      0  0.00  0.00
50-60  12      0  0.00  0.00
50-60  13      0  0.00  0.00
50-60  14      9  1.00  0.00
50-60  15     15  1.00  0.00
50-60  16      9  1.00  0.00


  23                   : lake code
Vernon Lk           Hanslit-Garnham Survey
011023                 : date
SIMRAD               2 : 1 = FURUNO FM 22  /  2 = SIMRAD
24.50   : Sounder Ga   : Sounder Gain
EY500 Used
23Oct01/23Jan02/BH/EY500/0/0/0/2/50/0                                                                         

depth / transect / targets / %sockeye / %stickleback

  2-5   1      0  1.00  0.00
  2-5   2      0  1.00  0.00
  2-5   3      1  1.00  0.00
  2-5   4      0  1.00  0.00
  3-5   1      0  0.00  0.00
  3-5   2      0  0.00  0.00
  3-5   3      0  0.00  0.00
  3-5   4      0  0.00  0.00
 5-10   1      7  1.00  0.00
 5-10   2      4  1.00  0.00
 5-10   3      5  1.00  0.00
 5-10   4      5  1.00  0.00
10-15   1     11  1.00  0.00
10-15   2     22  1.00  0.00
10-15   3     14  1.00  0.00
10-15   4     10  1.00  0.00
15-20   1     23  1.00  0.00
15-20   2     36  1.00  0.00
15-20   3     51  1.00  0.00
15-20   4     10  1.00  0.00
20-30   1    136  1.00  0.00
20-30   2    248  1.00  0.00
20-30   3    200  1.00  0.00
20-30   4    134  1.00  0.00
30-40   1     38  1.00  0.00
30-40   2    158  1.00  0.00
30-40   3    122  1.00  0.00
30-40   4     39  1.00  0.00
40-50   1     61  1.00  0.00
40-50   2     82  1.00  0.00
40-50   3     59  1.00  0.00
40-50   4     58  1.00  0.00
50-60   1      0  0.00  0.00
50-60   2      0  0.00  0.00
50-60   3      0  0.00  0.00
50-60   4      0  0.00  0.00


  23                   : lake code
Vernon Lk           Hanslit-Garnham Survey
010709                 : date
SIMRAD               2 : 1 = FURUNO FM 22  /  2 = SIMRAD
24.50   : Sounder Ga   : Sounder Gain
EY500 Survey
9Jul01/22Jan02/BH/EY500/0/0/0/3/18/0                                                                          

depth / transect / targets / %sockeye / %stickleback

  2-5   1      0  0.00  0.00
  2-5   2      0  1.00  0.00
  2-5   3      0  1.00  0.00
  2-5   4      1  1.00  0.00
  3-5   1      0  0.00  0.00
  3-5   2      0  0.00  0.00
  3-5   3      0  0.00  0.00
  3-5   4      0  0.00  0.00
 5-10   1      0  0.00  0.00
 5-10   2      8  1.00  0.00
 5-10   3     33  1.00  0.00
 5-10   4     24  1.00  0.00
10-15   1      0  0.00  0.00
10-15   2     28  1.00  0.00
10-15   3    118  1.00  0.00
10-15   4     47  1.00  0.00
15-20   1      0  0.00  0.00
15-20   2     76  1.00  0.00
15-20   3    139  1.00  0.00
15-20   4     87  1.00  0.00
20-30   1      0  0.00  0.00
20-30   2    109  1.00  0.00
20-30   3    176  1.00  0.00
20-30   4     71  1.00  0.00
30-40   1      0  0.00  0.00
30-40   2      4  1.00  0.00
30-40   3     26  1.00  0.00
30-40   4      3  1.00  0.00
40-50   1      0  0.00  0.00
40-50   2      0  1.00  0.00
40-50   3      0  1.00  0.00
40-50   4      1  1.00  0.00
50-60   1      0  0.00  0.00
50-60   2      0  0.00  0.00
50-60   3      0  0.00  0.00
50-60   4      0  0.00  0.00


  23                   : lake code
Vernon Lk           Hanslit-Bachen Survey
011213                 : date
SIMRAD               2 : 1 = FURUNO FM 22  /  2 = SIMRAD
24.50   : Sounder Ga   : Sounder Gain
EY500 Used
13Dec01/25Jan02/BH/EY500/0/0/0/4/77/0                                                                         

depth / transect / targets / %sockeye / %stickleback

  2-5   1      0  1.00  0.00
  2-5   2      0  1.00  0.00
  2-5   3      0  1.00  0.00
  2-5   4      0  1.00  0.00
  3-5   1      0  0.00  0.00
  3-5   2      0  0.00  0.00
  3-5   3      0  0.00  0.00
  3-5   4      0  0.00  0.00
 5-10   1      0  1.00  0.00
 5-10   2      0  1.00  0.00
 5-10   3      0  1.00  0.00
 5-10   4      1  1.00  0.00
10-15   1      0  1.00  0.00
10-15   2      2  1.00  0.00
10-15   3      0  1.00  0.00
10-15   4     11  1.00  0.00
15-20   1      0  1.00  0.00
15-20   2      3  1.00  0.00
15-20   3      4  1.00  0.00
15-20   4     23  1.00  0.00
20-30   1     11  1.00  0.00
20-30   2     65  1.00  0.00
20-30   3    106  1.00  0.00
20-30   4    101  1.00  0.00
30-40   1    172  1.00  0.00
30-40   2    225  1.00  0.00
30-40   3    321  1.00  0.00
30-40   4    320  1.00  0.00
40-50   1    185  1.00  0.00
40-50   2    238  1.00  0.00
40-50   3    318  1.00  0.00
40-50   4    231  1.00  0.00
50-60   1      0  0.00  0.00
50-60   2      0  0.00  0.00
50-60   3      0  0.00  0.00
50-60   4      0  0.00  0.00


  22                   : lake code
Woss Lk             Hanslit-Garnham Survey
010710                 : date
SIMRAD               2 : 1 = FURUNO FM 22  /  2 = SIMRAD
24.50   : Sounder Ga   : Sounder Gain
EY500 Used
10Jul01/22Jan02/BH/EY500/0/0/0/4/31/0                                                                         

depth / transect / targets / %sockeye / %stickleback

  2-5   1      1  1.00  0.00
  2-5   2      0  1.00  0.00
  2-5   3      0  1.00  0.00
  2-5   4      0  1.00  0.00
  2-5   5      0  1.00  0.00
  3-5   1      0  0.00  0.00
  3-5   2      0  0.00  0.00
  3-5   3      0  0.00  0.00
  3-5   4      0  0.00  0.00
  3-5   5      0  0.00  0.00
 5-10   1     10  1.00  0.00
 5-10   2      6  1.00  0.00
 5-10   3      0  1.00  0.00
 5-10   4      1  1.00  0.00
 5-10   5      1  1.00  0.00
10-15   1     35  1.00  0.00
10-15   2     40  1.00  0.00
10-15   3     12  1.00  0.00
10-15   4     13  1.00  0.00
10-15   5      0  1.00  0.00
15-20   1     33  1.00  0.00
15-20   2     38  1.00  0.00
15-20   3     39  1.00  0.00
15-20   4     73  1.00  0.00
15-20   5     35  1.00  0.00
20-30   1     15  1.00  0.00
20-30   2     20  1.00  0.00
20-30   3     26  1.00  0.00
20-30   4     20  1.00  0.00
20-30   5     29  1.00  0.00
30-40   1      0  1.00  0.00
30-40   2      2  1.00  0.00
30-40   3      0  1.00  0.00
30-40   4      0  1.00  0.00
30-40   5      0  1.00  0.00
40-50   1      0  1.00  0.00
40-50   2      0  1.00  0.00
40-50   3      0  1.00  0.00
40-50   4      0  1.00  0.00
40-50   5      0  1.00  0.00
50-60   1      0  1.00  0.00
50-60   2      0  1.00  0.00
50-60   3      0  1.00  0.00
50-60   4      0  1.00  0.00
50-60   5      0  1.00  0.00
60-70   1      0  0.00  0.00
60-70   2      0  0.00  0.00
60-70   3      0  0.00  0.00
60-70   4      0  0.00  0.00
60-70   5      0  0.00  0.00
70-80   1      0  0.00  0.00
70-80   2      0  0.00  0.00
70-80   3      0  0.00  0.00
70-80   4      0  0.00  0.00
70-80   5      0  0.00  0.00


  22                   : lake code
Woss Lk             Hanslit-Garnham Survey
010806                 : date
SIMRAD               2 : 1 = FURUNO FM 22  /  2 = SIMRAD
24.50   : Sounder Ga   : Sounder Gain
EY500 Used
06Aug01/30Jan02/BH/EY500/0/0/0/                                                                               

depth / transect / targets / %sockeye / %stickleback

  2-5   1      0  1.00  0.00
  2-5   2      0  1.00  0.00
  2-5   3      0  1.00  0.00
  2-5   4      0  1.00  0.00
  2-5   5      5  1.00  0.00
  3-5   1      0  0.00  0.00
  3-5   2      0  0.00  0.00
  3-5   3      0  0.00  0.00
  3-5   4      0  0.00  0.00
  3-5   5      0  0.00  0.00
 5-10   1      2  1.00  0.00
 5-10   2      0  1.00  0.00
 5-10   3      0  1.00  0.00
 5-10   4     10  1.00  0.00
 5-10   5      3  1.00  0.00
10-15   1      3  1.00  0.00
10-15   2      3  1.00  0.00
10-15   3      4  1.00  0.00
10-15   4     19  1.00  0.00
10-15   5      4  1.00  0.00
15-20   1      4  1.00  0.00
15-20   2     51  1.00  0.00
15-20   3     32  1.00  0.00
15-20   4     22  1.00  0.00
15-20   5      7  1.00  0.00
20-30   1    299  1.00  0.00
20-30   2    283  1.00  0.00
20-30   3     26  1.00  0.00
20-30   4     21  1.00  0.00
20-30   5      9  1.00  0.00
30-40   1     15  1.00  0.00
30-40   2      8  1.00  0.00
30-40   3      2  1.00  0.00
30-40   4      0  1.00  0.00
30-40   5      3  1.00  0.00
40-50   1      0  1.00  0.00
40-50   2      0  1.00  0.00
40-50   3      1  1.00  0.00
40-50   4      0  1.00  0.00
40-50   5      0  1.00  0.00
50-60   1      0  0.00  0.00
50-60   2      0  0.00  0.00
50-60   3      0  0.00  0.00
50-60   4      0  0.00  0.00
50-60   5      0  0.00  0.00
60-70   1      0  0.00  0.00
60-70   2      0  0.00  0.00
60-70   3      0  0.00  0.00
60-70   4      0  0.00  0.00
60-70   5      0  0.00  0.00
70-80   1      0  0.00  0.00
70-80   2      0  0.00  0.00
70-80   3      0  0.00  0.00
70-80   4      0  0.00  0.00
70-80   5      0  0.00  0.00


  22                   : lake code
Woss Lk             Hanslit-Garnham Survey
011024                 : date
SIMRAD               2 : 1 = FURUNO FM 22  /  2 = SIMRAD
24.50   : Sounder Ga   : Sounder Gain
EY500 Used
24Oct01/29Jan02/BH/EY500/0/0/0/4/26/0                                                                         

depth / transect / targets / %sockeye / %stickleback

  2-5   1      0  1.00  0.00
  2-5   2      0  1.00  0.00
  2-5   3      0  1.00  0.00
  2-5   4      1  1.00  0.00
  2-5   5      0  1.00  0.00
  3-5   1      0  0.00  0.00
  3-5   2      0  0.00  0.00
  3-5   3      0  0.00  0.00
  3-5   4      0  0.00  0.00
  3-5   5      0  0.00  0.00
 5-10   1      0  1.00  0.00
 5-10   2     10  1.00  0.00
 5-10   3      0  1.00  0.00
 5-10   4      9  1.00  0.00
 5-10   5      2  1.00  0.00
10-15   1     14  1.00  0.00
10-15   2      6  1.00  0.00
10-15   3      7  1.00  0.00
10-15   4      4  1.00  0.00
10-15   5      5  1.00  0.00
15-20   1     18  1.00  0.00
15-20   2     10  1.00  0.00
15-20   3      8  1.00  0.00
15-20   4     13  1.00  0.00
15-20   5     10  1.00  0.00
20-30   1     74  1.00  0.00
20-30   2     22  1.00  0.00
20-30   3     17  1.00  0.00
20-30   4     25  1.00  0.00
20-30   5     19  1.00  0.00
30-40   1     93  1.00  0.00
30-40   2     71  1.00  0.00
30-40   3     41  1.00  0.00
30-40   4     43  1.00  0.00
30-40   5     15  1.00  0.00
40-50   1    189  1.00  0.00
40-50   2    174  1.00  0.00
40-50   3    119  1.00  0.00
40-50   4    106  1.00  0.00
40-50   5     62  1.00  0.00
50-60   1      0  0.00  0.00
50-60   2      0  0.00  0.00
50-60   3      0  0.00  0.00
50-60   4      0  0.00  0.00
50-60   5      0  0.00  0.00
60-70   1      0  0.00  0.00
60-70   2      0  0.00  0.00
60-70   3      0  0.00  0.00
60-70   4      0  0.00  0.00
60-70   5      0  0.00  0.00
70-80   1      0  0.00  0.00
70-80   2      0  0.00  0.00
70-80   3      0  0.00  0.00
70-80   4      0  0.00  0.00
70-80   5      0  0.00  0.00


  22                   : lake code
Woss Lk             Hanslit-Bachen Survey
011212                 : date
SIMRAD               2 : 1 = FURUNO FM 22  /  2 = SIMRAD
10   : Sounder Gain    : Sounder Gain
EY500 Used
12Dec01/29Jan02/BH/EY500/0/0/0/4/173/0                                                                        

depth / transect / targets / %sockeye / %stickleback

  2-5   1      0  1.00  0.00
  2-5   2      0  1.00  0.00
  2-5   3      0  1.00  0.00
  2-5   4      0  1.00  0.00
  2-5   5      0  1.00  0.00
  3-5   1      0  0.00  0.00
  3-5   2      0  0.00  0.00
  3-5   3      0  0.00  0.00
  3-5   4      0  0.00  0.00
  3-5   5      0  0.00  0.00
 5-10   1      0  1.00  0.00
 5-10   2      2  1.00  0.00
 5-10   3      2  1.00  0.00
 5-10   4      0  1.00  0.00
 5-10   5      2  1.00  0.00
10-15   1      2  1.00  0.00
10-15   2      3  1.00  0.00
10-15   3      1  1.00  0.00
10-15   4      2  1.00  0.00
10-15   5      0  1.00  0.00
15-20   1      2  1.00  0.00
15-20   2      7  1.00  0.00
15-20   3      3  1.00  0.00
15-20   4      1  1.00  0.00
15-20   5      0  1.00  0.00
20-30   1     17  1.00  0.00
20-30   2     15  1.00  0.00
20-30   3     14  1.00  0.00
20-30   4      4  1.00  0.00
20-30   5      5  1.00  0.00
30-40   1     33  1.00  0.00
30-40   2     57  1.00  0.00
30-40   3     22  1.00  0.00
30-40   4     14  1.00  0.00
30-40   5     15  1.00  0.00
40-50   1     89  1.00  0.00
40-50   2    233  1.00  0.00
40-50   3    212  1.00  0.00
40-50   4     47  1.00  0.00
40-50   5      7  1.00  0.00
50-60   1      0  0.00  0.00
50-60   2      0  0.00  0.00
50-60   3      0  0.00  0.00
50-60   4      0  0.00  0.00
50-60   5      0  0.00  0.00
60-70   1      0  0.00  0.00
60-70   2      0  0.00  0.00
60-70   3      0  0.00  0.00
60-70   4      0  0.00  0.00
60-70   5      0  0.00  0.00
70-80   1      0  0.00  0.00
70-80   2      0  0.00  0.00
70-80   3      0  0.00  0.00
70-80   4      0  0.00  0.00
70-80   5      0  0.00  0.00


  22                   : lake code
Woss Lk             Hanslit-Taylor Survey
020220                 : date
SIMRAD               2 : 1 = FURUNO FM 22  /  2 = SIMRAD
10   : Sounder Gain    : Sounder Gain

20Feb02/21Mar02/BH/EYM/20069/0/0/0/6/52/0                                                                     

depth / transect / targets / %sockeye / %stickleback

  2-5   1      0  1.00  0.00
  2-5   2      0  1.00  0.00
  2-5   3      0  1.00  0.00
  2-5   4      0  1.00  0.00
  2-5   5      3  1.00  0.00
  3-5   1      0  0.00  0.00
  3-5   2      0  0.00  0.00
  3-5   3      0  0.00  0.00
  3-5   4      0  0.00  0.00
  3-5   5      0  0.00  0.00
 5-10   1     12  1.00  0.00
 5-10   2     16  1.00  0.00
 5-10   3      1  1.00  0.00
 5-10   4      1  1.00  0.00
 5-10   5      3  1.00  0.00
10-15   1     26  1.00  0.00
10-15   2     33  1.00  0.00
10-15   3      3  1.00  0.00
10-15   4      1  1.00  0.00
10-15   5     10  1.00  0.00
15-20   1     22  1.00  0.00
15-20   2     39  1.00  0.00
15-20   3      3  1.00  0.00
15-20   4      8  1.00  0.00
15-20   5      9  1.00  0.00
20-30   1     22  1.00  0.00
20-30   2     39  1.00  0.00
20-30   3     10  1.00  0.00
20-30   4     11  1.00  0.00
20-30   5      7  1.00  0.00
30-40   1     25  1.00  0.00
30-40   2     40  1.00  0.00
30-40   3     15  1.00  0.00
30-40   4      8  1.00  0.00
30-40   5     10  1.00  0.00
40-50   1     75  1.00  0.00
40-50   2     95  1.00  0.00
40-50   3     24  1.00  0.00
40-50   4     14  1.00  0.00
40-50   5     33  1.00  0.00
50-60   1     62  1.00  0.00
50-60   2    152  1.00  0.00
50-60   3     51  1.00  0.00
50-60   4     28  1.00  0.00
50-60   5     50  1.00  0.00
60-70   1     22  1.00  0.00
60-70   2    158  1.00  0.00
60-70   3     65  1.00  0.00
60-70   4     50  1.00  0.00
60-70   5    110  1.00  0.00
70-80   1     22  1.00  0.00
70-80   2     65  1.00  0.00
70-80   3     36  1.00  0.00
70-80   4     34  1.00  0.00
70-80   5    105  1.00  0.00


  23                   : lake code
Vernon Lk           Hanslit-Garnham Survey
010829                 : date
SIMRAD               2 : 1 = FURUNO FM 22  /  2 = SIMRAD
24.50   : Sounder Ga   : Sounder Gain
EY500 Used
29Aug01/22Jan02/BH/EY500/0/0/0/5/71/0                                                                         

depth / transect / targets / %sockeye / %stickleback

  2-5   1      0  1.00  0.00
  2-5   2      0  1.00  0.00
  2-5   3      1  1.00  0.00
  2-5   4      6  1.00  0.00
  3-5   1      0  0.00  0.00
  3-5   2      0  0.00  0.00
  3-5   3      0  0.00  0.00
  3-5   4      0  0.00  0.00
 5-10   1     10  1.00  0.00
 5-10   2     27  1.00  0.00
 5-10   3      2  1.00  0.00
 5-10   4     44  1.00  0.00
10-15   1     34  1.00  0.00
10-15   2     63  1.00  0.00
10-15   3      0  1.00  0.00
10-15   4     33  1.00  0.00
15-20   1    173  1.00  0.00
15-20   2    103  1.00  0.00
15-20   3      0  1.00  0.00
15-20   4     38  1.00  0.00
20-30   1     83  1.00  0.00
20-30   2     58  1.00  0.00
20-30   3      0  1.00  0.00
20-30   4     42  1.00  0.00
30-40   1     13  1.00  0.00
30-40   2     23  1.00  0.00
30-40   3      0  1.00  0.00
30-40   4     48  1.00  0.00
40-50   1      3  1.00  0.00
40-50   2     10  1.00  0.00
40-50   3      0  1.00  0.00
40-50   4      8  1.00  0.00
50-60   1      0  0.00  0.00
50-60   2      0  0.00  0.00
50-60   3      0  0.00  0.00
50-60   4      0  0.00  0.00


  22                   : lake code
Woss Lk             Hanslit-Garnham Survey
010903                 : date
SIMRAD               2 : 1 = FURUNO FM 22  /  2 = SIMRAD
24.50   : Sounder Ga   : Sounder Gain
EY500 Used
3Sep01/25Jan02/BH/EY500/0/0/0/2/22/0                                                                          

depth / transect / targets / %sockeye / %stickleback

  2-5   1      0  1.00  0.00
  2-5   2      0  1.00  0.00
  2-5   3      0  1.00  0.00
  2-5   4      0  1.00  0.00
  2-5   5      4  1.00  0.00
  3-5   1      0  0.00  0.00
  3-5   2      0  0.00  0.00
  3-5   3      0  0.00  0.00
  3-5   4      0  0.00  0.00
  3-5   5      0  0.00  0.00
 5-10   1      0  1.00  0.00
 5-10   2      2  1.00  0.00
 5-10   3      0  1.00  0.00
 5-10   4      5  1.00  0.00
 5-10   5     14  1.00  0.00
10-15   1      3  1.00  0.00
10-15   2      1  1.00  0.00
10-15   3      7  1.00  0.00
10-15   4     10  1.00  0.00
10-15   5      8  1.00  0.00
15-20   1      9  1.00  0.00
15-20   2      3  1.00  0.00
15-20   3     29  1.00  0.00
15-20   4     36  1.00  0.00
15-20   5      8  1.00  0.00
20-30   1    294  1.00  0.00
20-30   2    424  1.00  0.00
20-30   3    209  1.00  0.00
20-30   4     12  1.00  0.00
20-30   5      9  1.00  0.00
30-40   1     28  1.00  0.00
30-40   2     81  1.00  0.00
30-40   3      5  1.00  0.00
30-40   4      1  1.00  0.00
30-40   5      1  1.00  0.00
40-50   1      3  1.00  0.00
40-50   2      0  1.00  0.00
40-50   3      0  1.00  0.00
40-50   4      0  1.00  0.00
40-50   5      0  1.00  0.00
50-60   1      0  0.00  0.00
50-60   2      0  0.00  0.00
50-60   3      0  0.00  0.00
50-60   4      0  0.00  0.00
50-60   5      0  0.00  0.00
60-70   1      0  0.00  0.00
60-70   2      0  0.00  0.00
60-70   3      0  0.00  0.00
60-70   4      0  0.00  0.00
60-70   5      0  0.00  0.00
70-80   1      0  0.00  0.00
70-80   2      0  0.00  0.00
70-80   3      0  0.00  0.00
70-80   4      0  0.00  0.00
70-80   5      0  0.00  0.00
