

   1                   : lake code
GCL                 Rankin Hanslit Suey
980728                 : date
SIMRAD               2 : 1 = FURUNO FM 22  /  2 = SIMRAD
10   : Sounder Gain    : Sounder Gain

                                                                                                              

depth / transect / targets / %sockeye / %stickleback

  2-5   1      1  1.00  0.00
  2-5   2     11  1.00  0.00
  2-5   3      1  1.00  0.00
  2-5   4      3  1.00  0.00
  2-5   5      3  1.00  0.00
  2-5   6      1  1.00  0.00
  3-5   1      0  0.00  0.00
  3-5   2      0  0.00  0.00
  3-5   3      0  0.00  0.00
  3-5   4      0  0.00  0.00
  3-5   5      0  0.00  0.00
  3-5   6      0  0.00  0.00
 5-10   1     65  1.00  0.00
 5-10   2     76  1.00  0.00
 5-10   3      5  1.00  0.00
 5-10   4     17  1.00  0.00
 5-10   5     18  1.00  0.00
 5-10   6     11  1.00  0.00
10-15   1    325  1.00  0.00
10-15   2    470  1.00  0.00
10-15   3    243  1.00  0.00
10-15   4    444  1.00  0.00
10-15   5   1222  1.00  0.00
10-15   6    474  1.00  0.00
15-20   1    264  1.00  0.00
15-20   2    719  1.00  0.00
15-20   3    340  1.00  0.00
15-20   4    521  1.00  0.00
15-20   5    693  1.00  0.00
15-20   6    236  1.00  0.00
20-30   1     80  1.00  0.00
20-30   2    130  1.00  0.00
20-30   3     36  1.00  0.00
20-30   4    133  1.00  0.00
20-30   5     83  1.00  0.00
20-30   6     39  1.00  0.00
30-40   1     10  1.00  0.00
30-40   2      6  1.00  0.00
30-40   3      3  1.00  0.00
30-40   4     12  1.00  0.00
30-40   5      7  1.00  0.00
30-40   6      4  1.00  0.00
40-50   1      2  1.00  0.00
40-50   2      2  1.00  0.00
40-50   3      0  1.00  0.00
40-50   4      4  1.00  0.00
40-50   5      0  1.00  0.00
40-50   6      0  1.00  0.00
50-60   1      0  1.00  0.00
50-60   2      0  1.00  0.00
50-60   3      0  1.00  0.00
50-60   4      0  1.00  0.00
50-60   5      0  1.00  0.00
50-60   6      0  1.00  0.00
60-70   1      0  1.00  0.00
60-70   2      0  1.00  0.00
60-70   3      0  1.00  0.00
60-70   4      0  1.00  0.00
60-70   5      0  1.00  0.00
60-70   6      0  1.00  0.00
70-80   1      0  1.00  0.00
70-80   2      0  1.00  0.00
70-80   3      0  1.00  0.00
70-80   4      0  1.00  0.00
70-80   5      0  1.00  0.00
70-80   6      0  1.00  0.00
80-90   1      0  1.00  0.00
80-90   2      0  1.00  0.00
80-90   3      0  1.00  0.00
80-90   4      0  1.00  0.00
80-90   5      0  1.00  0.00
80-90   6      0  1.00  0.00
90-100  1      0  1.00  0.00
90-100  2      0  1.00  0.00
90-100  3      0  1.00  0.00
90-100  4      0  1.00  0.00
90-100  5      0  1.00  0.00
90-100  6      0  1.00  0.00


   1                   : lake code
GCL                 Rankin Hanslit Survey
981202                 : date
SIMRAD               2 : 1 = FURUNO FM 22  /  2 = SIMRAD
10   : Sounder Gain    : Sounder Gain

2Dec98/5Jan98/BH/EYM/20069/0/0/0/11/120/28                                                                    

depth / transect / targets / %sockeye / %stickleback

  2-5   1      2  0.25  0.75
  2-5   2      2  0.25  0.75
  2-5   3      0  0.25  0.75
  2-5   4      3  0.25  0.75
  2-5   5     14  0.25  0.75
  2-5   6     12  0.25  0.75
  3-5   1      0  0.00  0.00
  3-5   2      0  0.00  0.00
  3-5   3      0  0.00  0.00
  3-5   4      0  0.00  0.00
  3-5   5      0  0.00  0.00
  3-5   6      0  0.00  0.00
 5-10   1     65  0.33  0.67
 5-10   2     73  0.33  0.67
 5-10   3     33  0.33  0.67
 5-10   4     46  0.33  0.67
 5-10   5     97  0.33  0.67
 5-10   6     68  0.33  0.67
10-15   1    102  0.50  0.50
10-15   2    138  0.50  0.50
10-15   3     73  0.50  0.50
10-15   4    120  0.50  0.50
10-15   5     85  0.50  5.00
10-15   6    107  0.50  0.50
15-20   1     93  1.00  0.00
15-20   2    263  1.00  0.00
15-20   3    164  1.00  0.00
15-20   4    222  1.00  0.00
15-20   5    212  1.00  0.00
15-20   6    120  1.00  0.00
20-30   1    150  1.00  0.00
20-30   2    700  1.00  0.00
20-30   3    399  1.00  0.00
20-30   4    718  1.00  0.00
20-30   5    579  1.00  0.00
20-30   6    411  1.00  0.00
30-40   1    121  1.00  0.00
30-40   2    550  1.00  0.00
30-40   3    545  1.00  0.00
30-40   4    906  1.00  0.00
30-40   5    838  1.00  0.00
30-40   6    448  1.00  0.00
40-50   1    113  1.00  0.00
40-50   2    618  1.00  0.00
40-50   3    464  1.00  0.00
40-50   4   1206  1.00  0.00
40-50   5    766  1.00  0.00
40-50   6    884  1.00  0.00
50-60   1     89  1.00  0.00
50-60   2    429  1.00  0.00
50-60   3    343  1.00  0.00
50-60   4    840  1.00  0.00
50-60   5    724  1.00  0.00
50-60   6    939  1.00  0.00
60-70   1     28  1.00  0.00
60-70   2    106  1.00  0.00
60-70   3    131  1.00  0.00
60-70   4    250  1.00  0.00
60-70   5    362  1.00  0.00
60-70   6    290  1.00  0.00
70-80   1     14  1.00  0.00
70-80   2     16  1.00  0.00
70-80   3     39  1.00  0.00
70-80   4     45  1.00  0.00
70-80   5     46  1.00  0.00
70-80   6     65  1.00  0.00
80-90   1      0  1.00  0.00
80-90   2      0  1.00  0.00
80-90   3      0  1.00  0.00
80-90   4      0  1.00  0.00
80-90   5      0  1.00  0.00
80-90   6      0  1.00  0.00
90-100  1      0  1.00  0.00
90-100  2      0  1.00  0.00
90-100  3      0  1.00  0.00
90-100  4      0  1.00  0.00
90-100  5      0  1.00  0.00
90-100  6      0  1.00  0.00


   1                   : lake code
GCL                 Rankin Hanslit Survey
981203                 : date
SIMRAD               2 : 1 = FURUNO FM 22  /  2 = SIMRAD
10   : Sounder Gain    : Sounder Gain

2Dec98/5Jan98/BH/EYM/20069/0/0/0/11/120/28                                                                    

depth / transect / targets / %sockeye / %stickleback

  2-5   1      2  0.00  1.00
  2-5   2      2  0.00  1.00
  2-5   3      0  0.00  1.00
  2-5   4      3  0.00  1.00
  2-5   5     14  0.00  1.00
  2-5   6     12  0.00  1.00
  3-5   1      0  0.00  0.00
  3-5   2      0  0.00  0.00
  3-5   3      0  0.00  0.00
  3-5   4      0  0.00  0.00
  3-5   5      0  0.00  0.00
  3-5   6      0  0.00  0.00
 5-10   1     65  0.59  0.41
 5-10   2     73  0.59  0.41
 5-10   3     33  0.59  0.41
 5-10   4     46  0.59  0.41
 5-10   5     97  0.59  0.41
 5-10   6     68  0.59  0.41
10-15   1    102  0.67  0.33
10-15   2    138  0.67  0.33
10-15   3     73  0.67  0.33
10-15   4    120  0.67  0.33
10-15   5     85  0.67  0.33
10-15   6    107  0.67  0.33
15-20   1     93  0.81  0.19
15-20   2    263  0.81  0.19
15-20   3    164  0.81  0.19
15-20   4    222  0.81  0.19
15-20   5    212  0.81  0.19
15-20   6    120  0.81  0.19
20-30   1    150  1.00  0.00
20-30   2    700  1.00  0.00
20-30   3    399  1.00  0.00
20-30   4    718  1.00  0.00
20-30   5    579  1.00  0.00
20-30   6    411  1.00  0.00
30-40   1    121  1.00  0.00
30-40   2    550  1.00  0.00
30-40   3    545  1.00  0.00
30-40   4    906  1.00  0.00
30-40   5    838  1.00  0.00
30-40   6    448  1.00  0.00
40-50   1    113  1.00  0.00
40-50   2    618  1.00  0.00
40-50   3    464  1.00  0.00
40-50   4   1206  1.00  0.00
40-50   5    766  1.00  0.00
40-50   6    884  1.00  0.00
50-60   1     89  1.00  0.00
50-60   2    429  1.00  0.00
50-60   3    343  1.00  0.00
50-60   4    840  1.00  0.00
50-60   5    724  1.00  0.00
50-60   6    939  1.00  0.00
60-70   1     28  1.00  0.00
60-70   2    106  1.00  0.00
60-70   3    131  1.00  0.00
60-70   4    250  1.00  0.00
60-70   5    362  1.00  0.00
60-70   6    290  1.00  0.00
70-80   1     14  1.00  0.00
70-80   2     16  1.00  0.00
70-80   3     39  1.00  0.00
70-80   4     45  1.00  0.00
70-80   5     46  1.00  0.00
70-80   6     65  1.00  0.00
80-90   1      0  1.00  0.00
80-90   2      0  1.00  0.00
80-90   3      0  1.00  0.00
80-90   4      0  1.00  0.00
80-90   5      0  1.00  0.00
80-90   6      0  1.00  0.00
90-100  1      0  1.00  0.00
90-100  2      0  1.00  0.00
90-100  3      0  1.00  0.00
90-100  4      0  1.00  0.00
90-100  5      0  1.00  0.00
90-100  6      0  1.00  0.00


   3                   : lake code
Henderson Lk        hanslit - hepburn survey
980615                 : date
SIMRAD               2 : 1 = FURUNO FM 22  /  2 = SIMRAD
10   : Sounder Gain    : Sounder Gain

15Jun98/6Jul98/BH/EYM/20128/20111/1/0/0/10/115/31                                                             

depth / transect / targets / %sockeye / %stickleback

  2-5   1     17  0.00  1.00
  2-5   2     24  0.00  1.00
  2-5   3      9  0.00  1.00
  2-5   4     15  0.00  1.00
  2-5   5      8  0.00  1.00
  2-5   6      3  0.00  1.00
  2-5   7      4  0.00  1.00
  2-5   8     79  0.00  1.00
  2-5   9     42  0.00  1.00
  2-5  10      9  0.00  1.00
  2-5  11      7  0.00  1.00
  2-5  12     12  0.00  1.00
  2-5  13      5  0.00  1.00
  2-5  14      2  0.00  1.00
  2-5  15      8  0.00  1.00
  2-5  16      0  0.00  1.00
  2-5  17      3  0.00  1.00
  2-5  18      8  0.00  1.00
  3-5   1      0  0.00  0.00
  3-5   2      0  0.00  0.00
  3-5   3      0  0.00  0.00
  3-5   4      0  0.00  0.00
  3-5   5      0  0.00  0.00
  3-5   6      0  0.00  0.00
  3-5   7      0  0.00  0.00
  3-5   8      0  0.00  0.00
  3-5   9      0  0.00  0.00
  3-5  10      0  0.00  0.00
  3-5  11      0  0.00  0.00
  3-5  12      0  0.00  0.00
  3-5  13      0  0.00  0.00
  3-5  14      0  0.00  0.00
  3-5  15      0  0.00  0.00
  3-5  16      0  0.00  0.00
  3-5  17      0  0.00  0.00
  3-5  18      0  0.00  0.00
 5-10   1     19  0.00  1.00
 5-10   2     23  0.00  1.00
 5-10   3     21  0.00  1.00
 5-10   4     18  0.00  1.00
 5-10   5     13  0.00  1.00
 5-10   6     90  0.00  1.00
 5-10   7     22  0.00  1.00
 5-10   8     50  0.00  1.00
 5-10   9     55  0.00  1.00
 5-10  10     16  0.00  1.00
 5-10  11     18  0.00  1.00
 5-10  12     35  0.00  1.00
 5-10  13    135  0.00  1.00
 5-10  14     54  0.00  1.00
 5-10  15     52  0.00  1.00
 5-10  16     60  0.00  1.00
 5-10  17     79  0.00  1.00
 5-10  18     24  0.00  1.00
10-15   1      6  0.88  0.12
10-15   2     16  0.88  0.12
10-15   3     23  0.88  0.12
10-15   4     84  0.88  0.12
10-15   5    119  0.88  0.12
10-15   6    132  0.88  0.12
10-15   7     57  0.88  0.12
10-15   8     25  0.88  0.12
10-15   9     93  0.88  0.12
10-15  10    148  0.88  0.12
10-15  11    103  0.88  0.12
10-15  12    440  0.88  0.12
10-15  13    252  0.88  0.12
10-15  14     70  0.88  0.12
10-15  15    112  0.88  0.12
10-15  16    146  0.88  0.12
10-15  17    210  0.88  0.12
10-15  18    503  0.88  0.12
15-20   1     64  1.00  0.00
15-20   2    153  1.00  0.00
15-20   3    391  1.00  0.00
15-20   4    166  1.00  0.00
15-20   5    361  1.00  0.00
15-20   6     12  1.00  0.00
15-20   7      8  1.00  0.00
15-20   8    310  1.00  0.00
15-20   9    612  1.00  0.00
15-20  10    464  1.00  0.00
15-20  11    586  1.00  0.00
15-20  12    466  1.00  0.00
15-20  13     14  1.00  0.00
15-20  14     11  1.00  0.00
15-20  15     21  1.00  0.00
15-20  16     23  1.00  0.00
15-20  17      9  1.00  0.00
15-20  18    347  1.00  0.00
20-30   1     19  1.00  0.00
20-30   2     17  1.00  0.00
20-30   3      9  1.00  0.00
20-30   4     10  1.00  0.00
20-30   5      7  1.00  0.00
20-30   6      6  1.00  0.00
20-30   7      6  1.00  0.00
20-30   8     41  1.00  0.00
20-30   9     41  1.00  0.00
20-30  10     14  1.00  0.00
20-30  11     54  1.00  0.00
20-30  12     18  1.00  0.00
20-30  13      8  1.00  0.00
20-30  14      4  1.00  0.00
20-30  15      4  1.00  0.00
20-30  16     11  1.00  0.00
20-30  17      3  1.00  0.00
20-30  18     13  1.00  0.00
30-40   1      3  1.00  0.00
30-40   2      3  1.00  0.00
30-40   3      2  1.00  0.00
30-40   4      1  1.00  0.00
30-40   5      0  1.00  0.00
30-40   6      2  1.00  0.00
30-40   7      1  1.00  0.00
30-40   8      5  1.00  0.00
30-40   9      3  1.00  0.00
30-40  10      1  1.00  0.00
30-40  11      4  1.00  0.00
30-40  12      2  1.00  0.00
30-40  13      1  1.00  0.00
30-40  14      1  1.00  0.00
30-40  15      2  1.00  0.00
30-40  16      3  1.00  0.00
30-40  17      4  1.00  0.00
30-40  18      3  1.00  0.00
40-50   1      0  0.00  0.00
40-50   2      0  0.00  0.00
40-50   3      0  0.00  0.00
40-50   4      0  0.00  0.00
40-50   5      0  0.00  0.00
40-50   6      0  0.00  0.00
40-50   7      0  0.00  0.00
40-50   8      0  0.00  0.00
40-50   9      0  0.00  0.00
40-50  10      0  0.00  0.00
40-50  11      0  0.00  0.00
40-50  12      0  0.00  0.00
40-50  13      0  0.00  0.00
40-50  14      0  0.00  0.00
40-50  15      0  0.00  0.00
40-50  16      0  0.00  0.00
40-50  17      0  0.00  0.00
40-50  18      0  0.00  0.00
50-60   1      0  0.00  0.00
50-60   2      0  0.00  0.00
50-60   3      0  0.00  0.00
50-60   4      0  0.00  0.00
50-60   5      0  0.00  0.00
50-60   6      0  0.00  0.00
50-60   7      0  0.00  0.00
50-60   8      0  0.00  0.00
50-60   9      0  0.00  0.00
50-60  10      0  0.00  0.00
50-60  11      0  0.00  0.00
50-60  12      0  0.00  0.00
50-60  13      0  0.00  0.00
50-60  14      0  0.00  0.00
50-60  15      0  0.00  0.00
50-60  16      0  0.00  0.00
50-60  17      0  0.00  0.00
50-60  18      0  0.00  0.00
60-70   1      0  0.00  0.00
60-70   2      0  0.00  0.00
60-70   3      0  0.00  0.00
60-70   4      0  0.00  0.00
60-70   5      0  0.00  0.00
60-70   6      0  0.00  0.00
60-70   7      0  0.00  0.00
60-70   8      0  0.00  0.00
60-70   9      0  0.00  0.00
60-70  10      0  0.00  0.00
60-70  11      0  0.00  0.00
60-70  12      0  0.00  0.00
60-70  13      0  0.00  0.00
60-70  14      0  0.00  0.00
60-70  15      0  0.00  0.00
60-70  16      0  0.00  0.00
60-70  17      0  0.00  0.00
60-70  18      0  0.00  0.00


   3                   : lake code
Henderson Lk        Hanslit - Tovey Survey
990227                 : date
SIMRAD               2 : 1 = FURUNO FM 22  /  2 = SIMRAD
10   : Sounder Gain   : Sounder Gain
Poor Weather
27Feb99/8Apr99/BH/EYM/20069/0/0/0/34/1/98                                                                     

depth / transect / targets / %sockeye / %stickleback

  2-5   1      0  0.00  1.00
  2-5   2      3  0.00  1.00
  2-5   3      6  0.00  1.00
  2-5   4      2  0.00  1.00
  2-5   5      2  0.00  1.00
  2-5   6      0  0.00  1.00
  2-5   7      0  0.00  1.00
  2-5   8      2  0.00  1.00
  2-5   9      5  0.00  1.00
  2-5  10      0  0.00  1.00
  2-5  11      0  0.00  1.00
  2-5  12      0  0.00  1.00
  2-5  13      0  0.00  1.00
  2-5  14      0  0.00  1.00
  2-5  15      0  0.00  1.00
  2-5  16      1  0.00  1.00
  2-5  17      2  0.00  1.00
  2-5  18      1  0.00  1.00
  3-5   1      0  0.00  0.00
  3-5   2      0  0.00  0.00
  3-5   3      0  0.00  0.00
  3-5   4      0  0.00  0.00
  3-5   5      0  0.00  0.00
  3-5   6      0  0.00  0.00
  3-5   7      0  0.00  0.00
  3-5   8      0  0.00  0.00
  3-5   9      0  0.00  0.00
  3-5  10      0  0.00  0.00
  3-5  11      0  0.00  0.00
  3-5  12      0  0.00  0.00
  3-5  13      0  0.00  0.00
  3-5  14      0  0.00  0.00
  3-5  15      0  0.00  0.00
  3-5  16      0  0.00  0.00
  3-5  17      0  0.00  0.00
  3-5  18      0  0.00  0.00
 5-10   1      1  0.00  1.00
 5-10   2      3  0.00  1.00
 5-10   3     12  0.00  1.00
 5-10   4      4  0.00  1.00
 5-10   5      6  0.00  1.00
 5-10   6      3  0.00  1.00
 5-10   7      2  0.00  1.00
 5-10   8      2  0.00  1.00
 5-10   9      8  0.00  1.00
 5-10  10      3  0.00  1.00
 5-10  11      5  0.00  1.00
 5-10  12     13  0.00  1.00
 5-10  13      5  0.00  1.00
 5-10  14      2  0.00  1.00
 5-10  15      0  0.00  1.00
 5-10  16      3  0.00  1.00
 5-10  17     10  0.00  1.00
 5-10  18     18  0.00  1.00
10-15   1     23  0.00  1.00
10-15   2     19  0.00  1.00
10-15   3     45  0.00  1.00
10-15   4      3  0.00  1.00
10-15   5     27  0.00  1.00
10-15   6     15  0.00  1.00
10-15   7     11  0.00  1.00
10-15   8     29  0.00  1.00
10-15   9     46  0.00  1.00
10-15  10     22  0.00  1.00
10-15  11     39  0.00  1.00
10-15  12     76  0.00  1.00
10-15  13     20  0.00  1.00
10-15  14     14  0.00  1.00
10-15  15     15  0.00  1.00
10-15  16     14  0.00  1.00
10-15  17     27  0.00  1.00
10-15  18     63  0.00  1.00
15-20   1     95  0.00  1.00
15-20   2     66  0.00  1.00
15-20   3     71  0.00  1.00
15-20   4     70  0.00  1.00
15-20   5     75  0.00  1.00
15-20   6     24  0.00  1.00
15-20   7     42  0.00  1.00
15-20   8    123  0.00  1.00
15-20   9    104  0.00  1.00
15-20  10    103  0.00  1.00
15-20  11    152  0.00  1.00
15-20  12    137  0.00  1.00
15-20  13     64  0.00  1.00
15-20  14     42  0.00  1.00
15-20  15     51  0.00  1.00
15-20  16     52  0.00  1.00
15-20  17     98  0.00  1.00
15-20  18    174  0.00  1.00
20-30   1    169  0.03  0.97
20-30   2    159  0.03  0.97
20-30   3    181  0.03  0.97
20-30   4     89  0.03  0.97
20-30   5    220  0.03  0.97
20-30   6    108  0.03  0.97
20-30   7     81  0.03  0.97
20-30   8    236  0.03  0.97
20-30   9    268  0.03  0.97
20-30  10    272  0.03  0.97
20-30  11    274  0.03  0.97
20-30  12    350  0.03  0.97
20-30  13    330  0.03  0.97
20-30  14    158  0.03  0.97
20-30  15    120  0.03  0.97
20-30  16    203  0.03  0.97
20-30  17    236  0.03  0.97
20-30  18    437  0.03  0.97
30-40   1     35  0.00  1.00
30-40   2     75  0.00  1.00
30-40   3     84  0.00  1.00
30-40   4     59  0.00  1.00
30-40   5     53  0.00  1.00
30-40   6     58  0.00  1.00
30-40   7     29  0.00  1.00
30-40   8     86  0.00  1.00
30-40   9    105  0.00  1.00
30-40  10    187  0.00  1.00
30-40  11    128  0.00  1.00
30-40  12    141  0.00  1.00
30-40  13     87  0.00  1.00
30-40  14     38  0.00  1.00
30-40  15     32  0.00  1.00
30-40  16     64  0.00  1.00
30-40  17     58  0.00  1.00
30-40  18    165  0.00  1.00
40-50   1     42  0.00  1.00
40-50   2     69  0.00  1.00
40-50   3     66  0.00  1.00
40-50   4     56  0.00  1.00
40-50   5     37  0.00  1.00
40-50   6     30  0.00  1.00
40-50   7      7  0.00  1.00
40-50   8     88  0.00  1.00
40-50   9     70  0.00  1.00
40-50  10    201  0.00  1.00
40-50  11    140  0.00  1.00
40-50  12     95  0.00  1.00
40-50  13     31  0.00  1.00
40-50  14      9  0.00  1.00
40-50  15     46  0.00  1.00
40-50  16     15  0.00  1.00
40-50  17     35  0.00  1.00
40-50  18    119  0.00  1.00
50-60   1    196  0.00  1.00
50-60   2    167  0.00  1.00
50-60   3    144  0.00  1.00
50-60   4    112  0.00  1.00
50-60   5     48  0.00  1.00
50-60   6     42  0.00  1.00
50-60   7      3  0.00  1.00
50-60   8    247  0.00  1.00
50-60   9    258  0.00  1.00
50-60  10    362  0.00  1.00
50-60  11    205  0.00  1.00
50-60  12    157  0.00  1.00
50-60  13     44  0.00  1.00
50-60  14     14  0.00  1.00
50-60  15     12  0.00  1.00
50-60  16     18  0.00  1.00
50-60  17     58  0.00  1.00
50-60  18    128  0.00  1.00
60-70   1      0  0.00  1.00
60-70   2    277  0.00  1.00
60-70   3    256  0.00  1.00
60-70   4    193  0.00  1.00
60-70   5    112  0.00  1.00
60-70   6    118  0.00  1.00
60-70   7      8  0.00  1.00
60-70   8    259  0.00  1.00
60-70   9    502  0.00  1.00
60-70  10    425  0.00  1.00
60-70  11    390  0.00  1.00
60-70  12    288  0.00  1.00
60-70  13    107  0.00  1.00
60-70  14     43  0.00  1.00
60-70  15     42  0.00  1.00
60-70  16     50  0.00  1.00
60-70  17    105  0.00  1.00
60-70  18    320  0.00  1.00


 801                   : lake code
Long Lk (A)         Hanslit-Tovey Survey
980921                 : date
SIMRAD               2 : 1 = FURUNO FM 22  /  2 = SIMRAD
10   : Sounder Gain    : Sounder Gain
Propotions corrected by PR, Aug1999.
21Sep98/8Feb99/BH/EYM/20069/0/0/0/26/473/92                                                                   

depth / transect / targets / %sockeye / %stickleback

  2-5   1      4  0.26  0.74
  2-5   2      2  0.26  0.74
  2-5   3      0  0.26  0.74
  2-5   4      2  0.26  0.74
  2-5   5     16  0.26  0.74
  2-5   6     30  0.26  0.74
  2-5   7      6  0.26  0.74
  2-5   8      0  0.00  0.00
  2-5   9     28  0.26  0.74
  3-5   1      0  0.00  0.00
  3-5   2      0  0.00  0.00
  3-5   3      0  0.00  0.00
  3-5   4      0  0.00  0.00
  3-5   5      0  0.00  0.00
  3-5   6      0  0.00  0.00
  3-5   7      0  0.00  0.00
  3-5   8      0  0.00  0.00
  3-5   9      0  0.00  0.00
 5-10   1     52  0.26  0.74
 5-10   2     16  0.26  0.74
 5-10   3     16  0.26  0.74
 5-10   4     25  0.26  0.74
 5-10   5     40  0.26  0.74
 5-10   6     99  0.26  0.74
 5-10   7     44  0.26  0.74
 5-10   8      0  0.00  0.00
 5-10   9     98  0.26  0.74
10-15   1     63  0.44  0.56
10-15   2     48  0.44  0.56
10-15   3     28  0.44  0.56
10-15   4     70  0.44  0.56
10-15   5     60  0.44  0.56
10-15   6    260  0.44  0.56
10-15   7     91  0.44  0.56
10-15   8      0  0.00  0.00
10-15   9    181  0.44  0.56
15-20   1     85  0.93  0.07
15-20   2    128  0.93  0.07
15-20   3     86  0.93  0.07
15-20   4    267  0.93  0.07
15-20   5    241  0.93  0.07
15-20   6    300  0.93  0.07
15-20   7    357  0.93  0.07
15-20   8      0  0.00  0.00
15-20   9    717  0.93  0.07
20-30   1     54  0.67  0.33
20-30   2    124  0.67  0.33
20-30   3    141  0.67  0.33
20-30   4    466  0.67  0.33
20-30   5    491  0.67  0.33
20-30   6    322  0.67  0.33
20-30   7    606  0.67  0.33
20-30   8      0  0.00  0.00
20-30   9   1375  0.67  0.33
30-40   1     32  0.67  0.33
30-40   2      6  0.67  0.33
30-40   3     11  0.67  0.33
30-40   4     29  0.67  0.33
30-40   5     39  0.67  0.33
30-40   6    176  0.67  0.33
30-40   7     15  0.67  0.33
30-40   8      0  0.00  0.00
30-40   9     87  0.67  0.33
40-50   1     57  0.67  0.33
40-50   2      6  0.67  0.33
40-50   3      1  0.67  0.33
40-50   4     10  0.67  0.33
40-50   5     15  0.67  0.33
40-50   6    189  0.67  0.33
40-50   7     15  0.67  0.33
40-50   8      0  0.00  0.00
40-50   9     20  0.67  0.33
50-60   1      0  0.67  0.33
50-60   2      0  0.67  0.33
50-60   3      0  0.67  0.33
50-60   4      0  0.67  0.33
50-60   5     12  0.67  0.33
50-60   6      0  0.00  0.00
50-60   7      0  0.67  0.33
50-60   8      0  0.00  0.00
50-60   9      0  0.67  0.33
60-70   1      0  0.00  0.00
60-70   2      0  0.00  0.00
60-70   3      0  0.00  0.00
60-70   4      0  0.00  0.00
60-70   5      0  0.00  0.00
60-70   6      0  0.00  0.00
60-70   7      0  0.00  0.00
60-70   8      0  0.00  0.00
60-70   9      0  0.00  0.00


 802                   : lake code
Long Lk (B)         Hanslit - Tovey Survey
980921                 : date
SIMRAD               2 : 1 = FURUNO FM 22  /  2 = SIMRAD
10   : Sounder Gain    : Sounder Gain
Proportions changed by pr, 23Aug99.
21Sep98/8Feb99/BH/EYM/20069/0/0/0/26/473/92                                                                   

depth / transect / targets / %sockeye / %stickleback

  2-5   1      6  0.76  0.24
  2-5   2     50  0.76  0.24
  2-5   3    116  0.76  0.24
  2-5   4    130  0.76  0.24
  2-5   5     54  0.76  0.24
  2-5   6     99  0.76  0.24
  2-5   7    140  0.76  0.24
  3-5   1      0  0.00  0.00
  3-5   2      0  0.00  0.00
  3-5   3      0  0.00  0.00
  3-5   4      0  0.00  0.00
  3-5   5      0  0.00  0.00
  3-5   6      0  0.00  0.00
  3-5   7      0  0.00  0.00
 5-10   1     51  0.76  0.24
 5-10   2    132  0.76  0.24
 5-10   3    269  0.76  0.24
 5-10   4    420  0.76  0.24
 5-10   5    248  0.76  0.24
 5-10   6    273  0.76  0.24
 5-10   7    307  0.76  0.24
10-15   1    135  0.86  0.14
10-15   2    237  0.86  0.14
10-15   3    320  0.86  0.14
10-15   4    290  0.86  0.14
10-15   5    442  0.86  0.14
10-15   6    323  0.86  0.14
10-15   7    335  0.86  0.14
15-20   1    250  0.92  0.08
15-20   2    305  0.92  0.08
15-20   3    473  0.92  0.08
15-20   4    470  0.92  0.08
15-20   5    751  0.92  0.08
15-20   6    645  0.92  0.08
15-20   7    477  0.92  0.08
20-30   1    418  0.86  0.14
20-30   2    494  0.86  0.14
20-30   3    521  0.86  0.14
20-30   4    289  0.86  0.14
20-30   5   1315  0.86  0.14
20-30   6   1085  0.86  0.14
20-30   7    365  0.86  0.14
30-40   1     13  0.86  0.14
30-40   2     30  0.86  0.14
30-40   3     47  0.86  0.14
30-40   4     30  0.86  0.14
30-40   5     83  0.86  0.14
30-40   6     86  0.86  0.14
30-40   7     30  0.86  0.14
40-50   1      4  0.86  0.14
40-50   2      0  0.86  0.14
40-50   3     13  0.86  0.14
40-50   4      3  0.86  0.14
40-50   5      2  0.86  0.14
40-50   6     29  0.86  0.14
40-50   7      0  0.86  0.14
50-60   1      0  0.86  0.14
50-60   2      0  0.86  0.14
50-60   3      0  0.86  0.14
50-60   4      0  0.86  0.14
50-60   5      0  0.86  0.14
50-60   6      9  0.86  0.14
50-60   7      6  0.86  0.14
60-70   1      0  0.00  0.00
60-70   2      0  0.00  0.00
60-70   3      0  0.00  0.00
60-70   4      0  0.00  0.00
60-70   5      0  0.00  0.00
60-70   6      0  0.00  0.00
60-70   7      0  0.00  0.00


 239                   : lake code
Osoyoos Lk (C)      Processed by BH 16Jul1998.
980508                 : date
SIMRAD               2 : 1 = FURUNO FM 22  /  2 = SIMRAD
10   : Sounder Gain    : Sounder Gain
wndy,fllmn,ST15-16,AT16-21,CC10-100%.
08May98/16Jul98/BH/EYM/20069/0/0/0/9/482/0                                                                    

depth / transect / targets / %sockeye / %stickleback

  2-5   1      4  1.00  0.00
  2-5   2      2  1.00  0.00
  3-5   1      0  0.00  0.00
  3-5   2      0  0.00  0.00
 5-10   1    118  1.00  0.00
 5-10   2     55  1.00  0.00
10-15   1    341  1.00  0.00
10-15   2    182  1.00  0.00
15-20   1    392  1.00  0.00
15-20   2    278  1.00  0.00
20-30   1      3  1.00  0.00
20-30   2     21  1.00  0.00


 239                   : lake code
Osoyoos Lk (C)      Hanslit-Machin Survey
980724                 : date
SIMRAD               2 : 1 = FURUNO FM 22  /  2 = SIMRAD
10   : Sounder Gain    : Sounder Gain

27Jul98/10Feb99/BH/EYM/20069/0/0/0/3/6/0                                                                      

depth / transect / targets / %sockeye / %stickleback

  2-5   1      6  1.00  0.00
  2-5   2      0  1.00  0.00
  3-5   1      0  0.00  0.00
  3-5   2      0  0.00  0.00
 5-10   1     27  1.00  0.00
 5-10   2     11  1.00  0.00
10-15   1    230  1.00  0.00
10-15   2    212  1.00  0.00
15-20   1     54  1.00  0.00
15-20   2     96  1.00  0.00
20-30   1     24  1.00  0.00
20-30   2     16  1.00  0.00


 239                   : lake code
Osoyoos Lk (C)      Processed by PR, 12Jan99.
981002                 : date
SIMRAD               2 : 1 = FURUNO FM 22  /  2 = SIMRAD
10   : Sounder Gain    : Sounder Gain

Many "non-fish" targets, target discrimination poor.                                                          

depth / transect / targets / %sockeye / %stickleback

  2-5   1      0  1.00  0.00
  2-5   2      0  1.00  0.00
  3-5   1      0  0.00  0.00
  3-5   2      0  0.00  0.00
 5-10   1      1  1.00  0.00
 5-10   2      0  1.00  0.00
10-15   1      8  1.00  0.00
10-15   2     13  1.00  0.00
15-20   1     13  1.00  0.00
15-20   2      4  1.00  0.00
20-30   1      0  0.00  0.00
20-30   2      0  0.00  0.00


 238                   : lake code
Osoyoos Lk (N)      H Machin Survey
980508                 : date
SIMRAD               2 : 1 = FURUNO FM 22  /  2 = SIMRAD
10   : Sounder Gain    : Sounder Gain
Hot
8May98/16Jul98/BH/EYM/20069/0/0/0/9/482/0                                                                     

depth / transect / targets / %sockeye / %stickleback

  2-5   1     70  1.00  0.00
  2-5   2     27  1.00  0.00
  2-5   3     17  1.00  0.00
  2-5   4     14  1.00  0.00
  2-5   5     74  1.00  0.00
  2-5   6     30  1.00  0.00
  2-5   7     10  1.00  0.00
  2-5   8     10  1.00  0.00
  2-5   9     14  1.00  0.00
  2-5  10     24  1.00  0.00
  3-5   1      0  0.00  0.00
  3-5   2      0  0.00  0.00
  3-5   3      0  0.00  0.00
  3-5   4      0  0.00  0.00
  3-5   5      0  0.00  0.00
  3-5   6      0  0.00  0.00
  3-5   7      0  0.00  0.00
  3-5   8      0  0.00  0.00
  3-5   9      0  0.00  0.00
  3-5  10      0  0.00  0.00
 5-10   1    377  1.00  0.00
 5-10   2    391  1.00  0.00
 5-10   3    319  1.00  0.00
 5-10   4    285  1.00  0.00
 5-10   5    518  1.00  0.00
 5-10   6    480  1.00  0.00
 5-10   7    692  1.00  0.00
 5-10   8    252  1.00  0.00
 5-10   9    272  1.00  0.00
 5-10  10    269  1.00  0.00
10-15   1    130  1.00  0.00
10-15   2    309  1.00  0.00
10-15   3    580  1.00  0.00
10-15   4    590  1.00  0.00
10-15   5     89  1.00  0.00
10-15   6    211  1.00  0.00
10-15   7    777  1.00  0.00
10-15   8    538  1.00  0.00
10-15   9    475  1.00  0.00
10-15  10   1040  1.00  0.00
15-20   1      6  1.00  0.00
15-20   2     39  1.00  0.00
15-20   3      9  1.00  0.00
15-20   4     79  1.00  0.00
15-20   5      0  1.00  0.00
15-20   6     12  1.00  0.00
15-20   7     15  1.00  0.00
15-20   8     27  1.00  0.00
15-20   9    108  1.00  0.00
15-20  10    197  1.00  0.00
20-30   1      3  1.00  0.00
20-30   2      4  1.00  0.00
20-30   3      3  1.00  0.00
20-30   4      4  1.00  0.00
20-30   5      0  1.00  0.00
20-30   6      3  1.00  0.00
20-30   7     10  1.00  0.00
20-30   8      3  1.00  0.00
20-30   9      2  1.00  0.00
20-30  10      3  1.00  0.00
30-40   1      0  1.00  0.00
30-40   2      0  1.00  0.00
30-40   3      0  1.00  0.00
30-40   4      0  1.00  0.00
30-40   5      0  1.00  0.00
30-40   6      0  1.00  0.00
30-40   7      0  1.00  0.00
30-40   8      0  1.00  0.00
30-40   9      0  1.00  0.00
30-40  10      0  1.00  0.00


 238                   : lake code
Osoyoos Lk (N)      Hanslit - Machin Survey
980724                 : date
SIMRAD               2 : 1 = FURUNO FM 22  /  2 = SIMRAD
10   : Sounder Gain    : Sounder Gain

24Jul98/7Jan98/BH/EYM/20069/0/0/0/5/248/0                                                                     

depth / transect / targets / %sockeye / %stickleback

  2-5   1      1  1.00  0.00
  2-5   2      1  1.00  0.00
  2-5   3      0  1.00  0.00
  2-5   4      0  1.00  0.00
  2-5   5      0  1.00  0.00
  2-5   6      0  1.00  0.00
  2-5   7      0  1.00  0.00
  2-5   8      0  1.00  0.00
  2-5   9      0  1.00  0.00
  2-5  10      0  1.00  0.00
  3-5   1      0  0.00  0.00
  3-5   2      0  0.00  0.00
  3-5   3      0  0.00  0.00
  3-5   4      0  0.00  0.00
  3-5   5      0  0.00  0.00
  3-5   6      0  0.00  0.00
  3-5   7      0  0.00  0.00
  3-5   8      0  0.00  0.00
  3-5   9      0  0.00  0.00
  3-5  10      0  0.00  0.00
 5-10   1     29  1.00  0.00
 5-10   2     37  1.00  0.00
 5-10   3      3  1.00  0.00
 5-10   4      3  1.00  0.00
 5-10   5      6  1.00  0.00
 5-10   6     10  1.00  0.00
 5-10   7     12  1.00  0.00
 5-10   8      3  1.00  0.00
 5-10   9      3  1.00  0.00
 5-10  10      9  1.00  0.00
10-15   1    102  1.00  0.00
10-15   2     43  1.00  0.00
10-15   3     80  1.00  0.00
10-15   4     23  1.00  0.00
10-15   5     62  1.00  0.00
10-15   6     36  1.00  0.00
10-15   7     80  1.00  0.00
10-15   8     28  1.00  0.00
10-15   9     18  1.00  0.00
10-15  10     46  1.00  0.00
15-20   1    565  1.00  0.00
15-20   2    771  1.00  0.00
15-20   3   1293  1.00  0.00
15-20   4    632  1.00  0.00
15-20   5    502  1.00  0.00
15-20   6    622  1.00  0.00
15-20   7   1165  1.00  0.00
15-20   8    917  1.00  0.00
15-20   9    651  1.00  0.00
15-20  10   1293  1.00  0.00
20-30   1    463  1.00  0.00
20-30   2    785  1.00  0.00
20-30   3   1012  1.00  0.00
20-30   4    945  1.00  0.00
20-30   5    621  1.00  0.00
20-30   6   1016  1.00  0.00
20-30   7   1133  1.00  0.00
20-30   8   1016  1.00  0.00
20-30   9   1017  1.00  0.00
20-30  10   1402  1.00  0.00
30-40   1     42  1.00  0.00
30-40   2    217  1.00  0.00
30-40   3    182  1.00  0.00
30-40   4     75  1.00  0.00
30-40   5     64  1.00  0.00
30-40   6    104  1.00  0.00
30-40   7    180  1.00  0.00
30-40   8     63  1.00  0.00
30-40   9    145  1.00  0.00
30-40  10     45  1.00  0.00


 238                   : lake code
Osoyoos Lk (N)      Data collection with EY500
981002                 : date
SIMRAD               2 : 1 = FURUNO FM 22  /  2 = SIMRAD
10   : Sounder Gain    : Sounder Gain

EP500 run to obtain target counts                                                                             

depth / transect / targets / %sockeye / %stickleback

  2-5   1      0  0.00  0.00
  2-5   2      1  1.00  0.00
  2-5   3      2  1.00  0.00
  2-5   4      0  1.00  0.00
  2-5   5      0  0.00  0.00
  2-5   6      0  1.00  0.00
  2-5   7      1  1.00  0.00
  2-5   8      1  1.00  0.00
  2-5   9      0  1.00  0.00
  2-5  10      0  1.00  0.00
  3-5   1      0  0.00  0.00
  3-5   2      0  0.00  0.00
  3-5   3      0  0.00  0.00
  3-5   4      0  0.00  0.00
  3-5   5      0  0.00  0.00
  3-5   6      0  0.00  0.00
  3-5   7      0  0.00  0.00
  3-5   8      0  0.00  0.00
  3-5   9      0  0.00  0.00
  3-5  10      0  0.00  0.00
 5-10   1      0  0.00  0.00
 5-10   2      7  1.00  0.00
 5-10   3      6  1.00  0.00
 5-10   4      6  1.00  0.00
 5-10   5      0  0.00  0.00
 5-10   6      2  1.00  0.00
 5-10   7      5  1.00  0.00
 5-10   8      0  1.00  0.00
 5-10   9      1  1.00  0.00
 5-10  10      6  1.00  0.00
10-15   1      0  0.00  0.00
10-15   2     30  1.00  0.00
10-15   3     35  1.00  0.00
10-15   4     38  1.00  0.00
10-15   5      0  0.00  0.00
10-15   6     35  1.00  0.00
10-15   7     39  1.00  0.00
10-15   8     34  1.00  0.00
10-15   9     70  1.00  0.00
10-15  10     88  1.00  0.00
15-20   1      0  0.00  0.00
15-20   2    244  1.00  0.00
15-20   3    307  1.00  0.00
15-20   4    238  1.00  0.00
15-20   5      0  0.00  0.00
15-20   6    192  1.00  0.00
15-20   7    266  1.00  0.00
15-20   8    401  1.00  0.00
15-20   9    172  1.00  0.00
15-20  10    395  1.00  0.00
20-30   1      0  0.00  0.00
20-30   2   2248  1.00  0.00
20-30   3   1816  1.00  0.00
20-30   4   2882  1.00  0.00
20-30   5      0  0.00  0.00
20-30   6   1977  1.00  0.00
20-30   7   2685  1.00  0.00
20-30   8   1557  1.00  0.00
20-30   9   2683  1.00  0.00
20-30  10   5583  1.00  0.00
30-40   1      0  0.00  0.00
30-40   2   1947  1.00  0.00
30-40   3   1134  1.00  0.00
30-40   4   1864  1.00  0.00
30-40   5      0  0.00  0.00
30-40   6    623  1.00  0.00
30-40   7   1825  1.00  0.00
30-40   8     25  1.00  0.00
30-40   9   1736  1.00  0.00
30-40  10   1947  1.00  0.00


 238                   : lake code
Osoyoos Lk (N)      processed by PR,12Jan98.
981003                 : date
SIMRAD               2 : 1 = FURUNO FM 22  /  2 = SIMRAD
10   : Sounder Gain    : Sounder Gain

Transects 1 & 5, Other transects done using ey500.                                                            

depth / transect / targets / %sockeye / %stickleback

  2-5   1      2  1.00  0.00
  2-5   2      0  0.00  0.00
  2-5   3      0  0.00  0.00
  2-5   4      0  0.00  0.00
  2-5   5      1  1.00  0.00
  2-5   6      0  0.00  0.00
  2-5   7      0  0.00  0.00
  2-5   8      0  0.00  0.00
  2-5   9      0  0.00  0.00
  2-5  10      0  0.00  0.00
  3-5   1      0  0.00  0.00
  3-5   2      0  0.00  0.00
  3-5   3      0  0.00  0.00
  3-5   4      0  0.00  0.00
  3-5   5      0  0.00  0.00
  3-5   6      0  0.00  0.00
  3-5   7      0  0.00  0.00
  3-5   8      0  0.00  0.00
  3-5   9      0  0.00  0.00
  3-5  10      0  0.00  0.00
 5-10   1     21  1.00  0.00
 5-10   2      0  0.00  0.00
 5-10   3      0  0.00  0.00
 5-10   4      0  0.00  0.00
 5-10   5     12  1.00  0.00
 5-10   6      0  0.00  0.00
 5-10   7      0  0.00  0.00
 5-10   8      0  0.00  0.00
 5-10   9      0  0.00  0.00
 5-10  10      0  0.00  0.00
10-15   1     22  1.00  0.00
10-15   2      0  0.00  0.00
10-15   3      0  0.00  0.00
10-15   4      0  0.00  0.00
10-15   5      7  1.00  0.00
10-15   6      0  0.00  0.00
10-15   7      0  0.00  0.00
10-15   8      0  0.00  0.00
10-15   9      0  0.00  0.00
10-15  10      0  0.00  0.00
15-20   1     40  1.00  0.00
15-20   2      0  0.00  0.00
15-20   3      0  0.00  0.00
15-20   4      0  0.00  0.00
15-20   5     28  1.00  0.00
15-20   6      0  0.00  0.00
15-20   7      0  0.00  0.00
15-20   8      0  0.00  0.00
15-20   9      0  0.00  0.00
15-20  10      0  0.00  0.00
20-30   1   2622  1.00  0.00
20-30   2      0  0.00  0.00
20-30   3      0  0.00  0.00
20-30   4      0  0.00  0.00
20-30   5   1751  1.00  0.00
20-30   6      0  0.00  0.00
20-30   7      0  0.00  0.00
20-30   8      0  0.00  0.00
20-30   9      0  0.00  0.00
20-30  10      0  0.00  0.00
30-40   1    630  1.00  0.00
30-40   2      0  0.00  0.00
30-40   3      0  0.00  0.00
30-40   4      0  0.00  0.00
30-40   5    536  1.00  0.00
30-40   6      0  0.00  0.00
30-40   7      0  0.00  0.00
30-40   8      0  0.00  0.00
30-40   9      0  0.00  0.00
30-40  10      0  0.00  0.00


 240                   : lake code
Osoyoos Lk (S)      Processed by BH, 8Jul1998.
980508                 : date
SIMRAD               2 : 1 = FURUNO FM 22  /  2 = SIMRAD
10   : Sounder Gain    : Sounder Gain
wndy,fllmn,ST15-16,AT16-21,CC10-100%.
8May98/16Jul98/bh/eym/20069/0/0/0/9/482/0.                                                                    

depth / transect / targets / %sockeye / %stickleback

  2-5   1      1  1.00  0.00
  2-5   2      4  1.00  0.00
  2-5   3     11  1.00  0.00
  2-5   4      0  1.00  0.00
  2-5   5      2  1.00  0.00
  2-5   6     13  1.00  0.00
  2-5   7      8  1.00  0.00
  2-5   8     10  1.00  0.00
  3-5   1      0  0.00  0.00
  3-5   2      0  0.00  0.00
  3-5   3      0  0.00  0.00
  3-5   4      0  0.00  0.00
  3-5   5      0  0.00  0.00
  3-5   6      0  0.00  0.00
  3-5   7      0  0.00  0.00
  3-5   8      0  0.00  0.00
 5-10   1     17  1.00  0.00
 5-10   2      7  1.00  0.00
 5-10   3     18  1.00  0.00
 5-10   4     15  1.00  0.00
 5-10   5     14  1.00  0.00
 5-10   6     23  1.00  0.00
 5-10   7     60  1.00  0.00
 5-10   8     56  1.00  0.00
10-15   1     38  1.00  0.00
10-15   2     30  1.00  0.00
10-15   3     87  1.00  0.00
10-15   4     38  1.00  0.00
10-15   5     72  1.00  0.00
10-15   6    136  1.00  0.00
10-15   7    181  1.00  0.00
10-15   8     93  1.00  0.00
15-20   1     28  1.00  0.00
15-20   2     44  1.00  0.00
15-20   3     28  1.00  0.00
15-20   4      0  1.00  0.00
15-20   5     46  1.00  0.00
15-20   6     52  1.00  0.00
15-20   7     68  1.00  0.00
15-20   8      0  1.00  0.00
20-30   1     12  1.00  0.00
20-30   2      0  0.00  0.00
20-30   3      0  0.00  0.00
20-30   4      0  0.00  0.00
20-30   5     67  1.00  0.00
20-30   6     66  1.00  0.00
20-30   7      0  0.00  0.00
20-30   8      0  0.00  0.00


 240                   : lake code
Osoyoos Lk (S)      processed by PR, 12Jan99.
981002                 : date
SIMRAD               2 : 1 = FURUNO FM 22  /  2 = SIMRAD
10   : Sounder Gain    : Sounder Gain

Many "non-fish" targets, target discrimination poor.                                                          

depth / transect / targets / %sockeye / %stickleback

  2-5   1      2  1.00  0.00
  2-5   2      0  0.00  0.00
  2-5   3      2  1.00  0.00
  2-5   4      4  1.00  0.00
  2-5   5      0  1.00  0.00
  2-5   6      1  1.00  0.00
  2-5   7      0  0.00  0.00
  2-5   8     21  1.00  0.00
  3-5   1      0  0.00  0.00
  3-5   2      0  0.00  0.00
  3-5   3      0  0.00  0.00
  3-5   4      0  0.00  0.00
  3-5   5      0  0.00  0.00
  3-5   6      0  0.00  0.00
  3-5   7      0  0.00  0.00
  3-5   8      0  0.00  0.00
 5-10   1      3  1.00  0.00
 5-10   2      0  0.00  0.00
 5-10   3      4  1.00  0.00
 5-10   4      6  1.00  0.00
 5-10   5      7  1.00  0.00
 5-10   6     12  1.00  0.00
 5-10   7      0  0.00  0.00
 5-10   8     36  1.00  0.00
10-15   1     17  1.00  0.00
10-15   2      0  0.00  0.00
10-15   3     25  1.00  0.00
10-15   4     21  1.00  0.00
10-15   5     26  1.00  0.00
10-15   6     25  1.00  0.00
10-15   7      0  0.00  0.00
10-15   8     57  1.00  0.00
15-20   1      1  1.00  0.00
15-20   2      0  0.00  0.00
15-20   3      1  1.00  0.00
15-20   4      0  0.00  0.00
15-20   5      6  1.00  0.00
15-20   6     22  1.00  0.00
15-20   7      0  0.00  0.00
15-20   8      0  0.00  0.00
20-30   1      0  0.00  0.00
20-30   2      0  0.00  0.00
20-30   3      0  0.00  0.00
20-30   4      0  0.00  0.00
20-30   5      0  0.00  0.00
20-30   6      0  0.00  0.00
20-30   7      0  0.00  0.00
20-30   8      0  0.00  0.00


 156                   : lake code
Skidegate Lk ne     Haida Survey
980913                 : date
SIMRAD               2 : 1 = FURUNO FM 22  /  2 = SIMRAD
10   : Sounder Gain    : Sounder Gain

13Sep98/5Feb98/BH/EYM/0/0/0/9/2/3/3/                                                                          

depth / transect / targets / %sockeye / %stickleback

  2-5   1      4  0.00  1.00
  2-5   2      3  0.00  1.00
  2-5   3      0  0.00  1.00
  2-5   4      1  0.00  1.00
  2-5   5      4  0.00  1.00
  2-5   6      2  0.00  1.00
  2-5   7      3  0.00  1.00
  3-5   1      0  0.00  0.00
  3-5   2      0  0.00  0.00
  3-5   3      0  0.00  0.00
  3-5   4      0  0.00  0.00
  3-5   5      0  0.00  0.00
  3-5   6      0  0.00  0.00
  3-5   7      0  0.00  0.00
 5-10   1     42  0.00  1.00
 5-10   2     32  0.00  1.00
 5-10   3      8  0.00  1.00
 5-10   4     27  0.00  1.00
 5-10   5     31  0.00  1.00
 5-10   6     36  0.00  1.00
 5-10   7     23  0.00  1.00
10-15   1     87  1.00  0.00
10-15   2    120  1.00  0.00
10-15   3     75  1.00  0.00
10-15   4    226  1.00  0.00
10-15   5    100  1.00  0.00
10-15   6    199  1.00  0.00
10-15   7     71  1.00  0.00
15-20   1      0  0.34  0.66
15-20   2    146  0.34  0.66
15-20   3     20  0.34  0.66
15-20   4    100  0.34  0.66
15-20   5      0  0.34  0.66
15-20   6     42  0.34  0.66
15-20   7    131  0.34  0.66


 155                   : lake code
Skidegate Lk sw     Haida Survey
980913                 : date
SIMRAD               2 : 1 = FURUNO FM 22  /  2 = SIMRAD
10   : Sounder Gain    : Sounder Gain

13Sep98/5Feb99/BH/EYM/0/0/0/9/2/3/3/                                                                          

depth / transect / targets / %sockeye / %stickleback

  2-5   1     38  0.00  1.00
  2-5   2     21  0.00  1.00
  2-5   3     20  0.00  1.00
  3-5   1      0  0.00  0.00
  3-5   2      0  0.00  0.00
  3-5   3      0  0.00  0.00
 5-10   1    216  0.00  1.00
 5-10   2     39  0.00  1.00
 5-10   3    226  0.00  1.00


   2                   : lake code
Sproat Lk           Rankin - Hanslit Survey
980731                 : date
SIMRAD               2 : 1 = FURUNO FM 22  /  2 = SIMRAD
10   : Sounder Gain    : Sounder Gain

30Jul98/24Aug98/BH/EYM/20069/0/0/0/9/278/1                                                                    

depth / transect / targets / %sockeye / %stickleback

  2-5   1      5  1.00  0.00
  2-5   2      3  1.00  0.00
  2-5   3      1  1.00  0.00
  2-5   4      0  1.00  0.00
  2-5   5      1  1.00  0.00
  2-5   6      0  1.00  0.00
  2-5   7      0  1.00  0.00
  2-5   8      2  1.00  0.00
  2-5   9      1  1.00  0.00
  2-5  10      0  1.00  0.00
  2-5  11      2  1.00  0.00
  3-5   1      0  0.00  0.00
  3-5   2      0  0.00  0.00
  3-5   3      0  0.00  0.00
  3-5   4      0  0.00  0.00
  3-5   5      0  0.00  0.00
  3-5   6      0  0.00  0.00
  3-5   7      0  0.00  0.00
  3-5   8      0  0.00  0.00
  3-5   9      0  0.00  0.00
  3-5  10      0  0.00  0.00
  3-5  11      0  0.00  0.00
 5-10   1    118  1.00  0.00
 5-10   2      8  1.00  0.00
 5-10   3     12  1.00  0.00
 5-10   4      3  1.00  0.00
 5-10   5      8  1.00  0.00
 5-10   6     14  1.00  0.00
 5-10   7     32  1.00  0.00
 5-10   8     44  1.00  0.00
 5-10   9      3  1.00  0.00
 5-10  10      8  1.00  0.00
 5-10  11     54  1.00  0.00
10-15   1    139  0.99  0.01
10-15   2    304  0.99  0.01
10-15   3    157  0.99  0.01
10-15   4    298  0.99  0.01
10-15   5    221  0.99  0.01
10-15   6     82  0.99  0.01
10-15   7    249  0.99  0.01
10-15   8    324  0.99  0.01
10-15   9     46  0.99  0.01
10-15  10    161  0.99  0.01
10-15  11    156  0.99  0.01
15-20   1      4  1.00  0.00
15-20   2     45  1.00  0.00
15-20   3    394  1.00  0.00
15-20   4    600  1.00  0.00
15-20   5    568  1.00  0.00
15-20   6    570  1.00  0.00
15-20   7    557  1.00  0.00
15-20   8    704  1.00  0.00
15-20   9    484  1.00  0.00
15-20  10    952  1.00  0.00
15-20  11    840  1.00  0.00
20-30   1      3  1.00  0.00
20-30   2     16  1.00  0.00
20-30   3    118  1.00  0.00
20-30   4    300  1.00  0.00
20-30   5    239  1.00  0.00
20-30   6    955  1.00  0.00
20-30   7    250  1.00  0.00
20-30   8    259  1.00  0.00
20-30   9    553  1.00  0.00
20-30  10    994  1.00  0.00
20-30  11    993  1.00  0.00
30-40   1      0  1.00  0.00
30-40   2      3  1.00  0.00
30-40   3      2  1.00  0.00
30-40   4      7  1.00  0.00
30-40   5      3  1.00  0.00
30-40   6    108  1.00  0.00
30-40   7      5  1.00  0.00
30-40   8      5  1.00  0.00
30-40   9     14  1.00  0.00
30-40  10    146  1.00  0.00
30-40  11     32  1.00  0.00
40-50   1      0  1.00  0.00
40-50   2      0  1.00  0.00
40-50   3      0  1.00  0.00
40-50   4      0  1.00  0.00
40-50   5      0  1.00  0.00
40-50   6      0  1.00  0.00
40-50   7      0  1.00  0.00
40-50   8      0  1.00  0.00
40-50   9      0  1.00  0.00
40-50  10      0  1.00  0.00
40-50  11      0  1.00  0.00
50-60   1      0  1.00  0.00
50-60   2      0  1.00  0.00
50-60   3      0  1.00  0.00
50-60   4      0  1.00  0.00
50-60   5      0  1.00  0.00
50-60   6      0  1.00  0.00
50-60   7      0  1.00  0.00
50-60   8      0  1.00  0.00
50-60   9      0  1.00  0.00
50-60  10      0  1.00  0.00
50-60  11      0  1.00  0.00
60-70   1      0  1.00  0.00
60-70   2      0  1.00  0.00
60-70   3      0  1.00  0.00
60-70   4      0  1.00  0.00
60-70   5      0  1.00  0.00
60-70   6      0  1.00  0.00
60-70   7      0  1.00  0.00
60-70   8      0  1.00  0.00
60-70   9      0  1.00  0.00
60-70  10      0  1.00  0.00
60-70  11      0  1.00  0.00
70-80   1      0  1.00  0.00
70-80   2      0  1.00  0.00
70-80   3      0  1.00  0.00
70-80   4      0  1.00  0.00
70-80   5      0  1.00  0.00
70-80   6      0  1.00  0.00
70-80   7      0  1.00  0.00
70-80   8      0  1.00  0.00
70-80   9      0  1.00  0.00
70-80  10      0  1.00  0.00
70-80  11      0  1.00  0.00


   2                   : lake code
Sproat Lk           Rankin - Hanslit Survey
981201                 : date
SIMRAD               2 : 1 = FURUNO FM 22  /  2 = SIMRAD
10   : Sounder Gain    : Sounder Gain

1Dec98/4Jan99/BH/EYM/20069/0/0/0/10/53/0                                                                      

depth / transect / targets / %sockeye / %stickleback

  2-5   1      3  1.00  0.00
  2-5   2      3  1.00  0.00
  2-5   3      3  1.00  0.00
  2-5   4     11  1.00  0.00
  2-5   5     10  1.00  0.00
  2-5   6     11  1.00  0.00
  2-5   7     23  1.00  0.00
  2-5   8     29  1.00  0.00
  2-5   9      2  1.00  0.00
  2-5  10      8  1.00  0.00
  2-5  11      6  1.00  0.00
  3-5   1      0  0.00  0.00
  3-5   2      0  0.00  0.00
  3-5   3      0  0.00  0.00
  3-5   4      0  0.00  0.00
  3-5   5      0  0.00  0.00
  3-5   6      0  0.00  0.00
  3-5   7      0  0.00  0.00
  3-5   8      0  0.00  0.00
  3-5   9      0  0.00  0.00
  3-5  10      0  0.00  0.00
  3-5  11      0  0.00  0.00
 5-10   1     36  1.00  0.00
 5-10   2     45  1.00  0.00
 5-10   3     74  1.00  0.00
 5-10   4    131  1.00  0.00
 5-10   5     68  1.00  0.00
 5-10   6     98  1.00  0.00
 5-10   7     72  1.00  0.00
 5-10   8     86  1.00  0.00
 5-10   9     35  1.00  0.00
 5-10  10    133  1.00  0.00
 5-10  11     57  1.00  0.00
10-15   1     92  1.00  0.00
10-15   2    100  1.00  0.00
10-15   3    183  1.00  0.00
10-15   4    259  1.00  0.00
10-15   5    123  1.00  0.00
10-15   6    114  1.00  0.00
10-15   7    125  1.00  0.00
10-15   8    137  1.00  0.00
10-15   9     54  1.00  0.00
10-15  10    144  1.00  0.00
10-15  11    121  1.00  0.00
15-20   1     80  1.00  0.00
15-20   2    112  1.00  0.00
15-20   3    181  1.00  0.00
15-20   4    338  1.00  0.00
15-20   5    158  1.00  0.00
15-20   6    169  1.00  0.00
15-20   7     98  1.00  0.00
15-20   8    157  1.00  0.00
15-20   9    117  1.00  0.00
15-20  10    190  1.00  0.00
15-20  11    166  1.00  0.00
20-30   1     82  1.00  0.00
20-30   2    138  1.00  0.00
20-30   3    193  1.00  0.00
20-30   4    662  1.00  0.00
20-30   5    332  1.00  0.00
20-30   6    308  1.00  0.00
20-30   7    203  1.00  0.00
20-30   8    386  1.00  0.00
20-30   9    234  1.00  0.00
20-30  10    366  1.00  0.00
20-30  11    349  1.00  0.00
30-40   1     17  1.00  0.00
30-40   2     68  1.00  0.00
30-40   3    167  1.00  0.00
30-40   4    638  1.00  0.00
30-40   5    336  1.00  0.00
30-40   6    152  1.00  0.00
30-40   7    153  1.00  0.00
30-40   8    440  1.00  0.00
30-40   9    211  1.00  0.00
30-40  10    241  1.00  0.00
30-40  11    205  1.00  0.00
40-50   1     14  1.00  0.00
40-50   2     48  1.00  0.00
40-50   3    170  1.00  0.00
40-50   4    493  1.00  0.00
40-50   5    254  1.00  0.00
40-50   6     53  1.00  0.00
40-50   7    103  1.00  0.00
40-50   8    295  1.00  0.00
40-50   9    105  1.00  0.00
40-50  10    125  1.00  0.00
40-50  11     44  1.00  0.00
50-60   1     32  1.00  0.00
50-60   2     59  1.00  0.00
50-60   3    202  1.00  0.00
50-60   4    379  1.00  0.00
50-60   5    140  1.00  0.00
50-60   6     11  1.00  0.00
50-60   7     53  1.00  0.00
50-60   8    165  1.00  0.00
50-60   9     89  1.00  0.00
50-60  10     89  1.00  0.00
50-60  11     41  1.00  0.00
60-70   1     50  1.00  0.00
60-70   2     49  1.00  0.00
60-70   3    120  1.00  0.00
60-70   4    168  1.00  0.00
60-70   5     36  1.00  0.00
60-70   6      0  1.00  0.00
60-70   7     24  1.00  0.00
60-70   8     74  1.00  0.00
60-70   9     89  1.00  0.00
60-70  10     88  1.00  0.00
60-70  11      0  1.00  0.00
70-80   1      7  1.00  0.00
70-80   2     16  1.00  0.00
70-80   3    150  1.00  0.00
70-80   4     37  1.00  0.00
70-80   5     11  1.00  0.00
70-80   6      0  1.00  0.00
70-80   7     13  1.00  0.00
70-80   8     22  1.00  0.00
70-80   9     33  1.00  0.00
70-80  10     37  1.00  0.00
70-80  11      0  1.00  0.00


  66                   : lake code
Tatsamenie Lk       Mercer Survey
980806                 : date
SIMRAD               2 : 1 = FURUNO FM 22  /  2 = SIMRAD
   : Sounder Gain      : Sounder Gain

                                                                                                              

depth / transect / targets / %sockeye / %stickleback

  2-5   1      0  1.00  0.00
  2-5   2      5  1.00  0.00
  2-5   3      6  1.00  0.00
  2-5   4      9  1.00  0.00
  2-5   5     12  1.00  0.00
  2-5   6      4  1.00  0.00
  2-5   7      3  1.00  0.00
  2-5   8      0  0.00  0.00
  2-5   9      0  0.00  0.00
  2-5  10      0  0.00  0.00
  2-5  11      0  0.00  0.00
  2-5  12      0  0.00  0.00
  2-5  13      0  0.00  0.00
  2-5  14      0  0.00  0.00
  2-5  15      0  0.00  0.00
  2-5  16      0  0.00  0.00
  3-5   1      0  0.00  0.00
  3-5   2      0  0.00  0.00
  3-5   3      0  0.00  0.00
  3-5   4      0  0.00  0.00
  3-5   5      0  0.00  0.00
  3-5   6      0  0.00  0.00
  3-5   7      0  0.00  0.00
  3-5   8      0  0.00  0.00
  3-5   9      0  0.00  0.00
  3-5  10      0  0.00  0.00
  3-5  11      0  0.00  0.00
  3-5  12      0  0.00  0.00
  3-5  13      0  0.00  0.00
  3-5  14      0  0.00  0.00
  3-5  15      0  0.00  0.00
  3-5  16      0  0.00  0.00
 5-10   1      6  1.00  0.00
 5-10   2     68  1.00  0.00
 5-10   3     39  1.00  0.00
 5-10   4     33  1.00  0.00
 5-10   5     47  1.00  0.00
 5-10   6     10  1.00  0.00
 5-10   7      2  1.00  0.00
 5-10   8      0  0.00  0.00
 5-10   9      0  0.00  0.00
 5-10  10      0  0.00  0.00
 5-10  11      0  0.00  0.00
 5-10  12      0  0.00  0.00
 5-10  13      0  0.00  0.00
 5-10  14      0  0.00  0.00
 5-10  15      0  0.00  0.00
 5-10  16      0  0.00  0.00
10-15   1      5  1.00  0.00
10-15   2     88  1.00  0.00
10-15   3    130  1.00  0.00
10-15   4    101  1.00  0.00
10-15   5     98  1.00  0.00
10-15   6     18  1.00  0.00
10-15   7      7  1.00  0.00
10-15   8      0  0.00  0.00
10-15   9      0  0.00  0.00
10-15  10      0  0.00  0.00
10-15  11      0  0.00  0.00
10-15  12      0  0.00  0.00
10-15  13      0  0.00  0.00
10-15  14      0  0.00  0.00
10-15  15      0  0.00  0.00
10-15  16      0  0.00  0.00
15-20   1      0  1.00  0.00
15-20   2     10  1.00  0.00
15-20   3    136  1.00  0.00
15-20   4     39  1.00  0.00
15-20   5     44  1.00  0.00
15-20   6     18  1.00  0.00
15-20   7      9  1.00  0.00
15-20   8      0  0.00  0.00
15-20   9      0  0.00  0.00
15-20  10      0  0.00  0.00
15-20  11      0  0.00  0.00
15-20  12      0  0.00  0.00
15-20  13      0  0.00  0.00
15-20  14      0  0.00  0.00
15-20  15      0  0.00  0.00
15-20  16      0  0.00  0.00
20-30   1      0  1.00  0.00
20-30   2      0  1.00  0.00
20-30   3      4  1.00  0.00
20-30   4     26  1.00  0.00
20-30   5      5  1.00  0.00
20-30   6      6  1.00  0.00
20-30   7      3  1.00  0.00
20-30   8      0  0.00  0.00
20-30   9      0  0.00  0.00
20-30  10      0  0.00  0.00
20-30  11      0  0.00  0.00
20-30  12      0  0.00  0.00
20-30  13      0  0.00  0.00
20-30  14      0  0.00  0.00
20-30  15      0  0.00  0.00
20-30  16      0  0.00  0.00
30-40   1      0  1.00  0.00
30-40   2      0  1.00  0.00
30-40   3      0  1.00  0.00
30-40   4      1  1.00  0.00
30-40   5      0  1.00  0.00
30-40   6      0  1.00  0.00
30-40   7      0  1.00  0.00
30-40   8      0  0.00  0.00
30-40   9      0  0.00  0.00
30-40  10      0  0.00  0.00
30-40  11      0  0.00  0.00
30-40  12      0  0.00  0.00
30-40  13      0  0.00  0.00
30-40  14      0  0.00  0.00
30-40  15      0  0.00  0.00
30-40  16      0  0.00  0.00
40-50   1      0  1.00  0.00
40-50   2      0  1.00  0.00
40-50   3      0  1.00  0.00
40-50   4      0  1.00  0.00
40-50   5      0  1.00  0.00
40-50   6      0  1.00  0.00
40-50   7      0  1.00  0.00
40-50   8      0  0.00  0.00
40-50   9      0  0.00  0.00
40-50  10      0  0.00  0.00
40-50  11      0  0.00  0.00
40-50  12      0  0.00  0.00
40-50  13      0  0.00  0.00
40-50  14      0  0.00  0.00
40-50  15      0  0.00  0.00
40-50  16      0  0.00  0.00
50-60   1      0  1.00  0.00
50-60   2      0  1.00  0.00
50-60   3      0  1.00  0.00
50-60   4      0  1.00  0.00
50-60   5      0  1.00  0.00
50-60   6      0  1.00  0.00
50-60   7      0  1.00  0.00
50-60   8      0  0.00  0.00
50-60   9      0  0.00  0.00
50-60  10      0  0.00  0.00
50-60  11      0  0.00  0.00
50-60  12      0  0.00  0.00
50-60  13      0  0.00  0.00
50-60  14      0  0.00  0.00
50-60  15      0  0.00  0.00
50-60  16      0  0.00  0.00


  66                   : lake code
Tatsamenie Lk       Mercer Survey
980902                 : date
SIMRAD               2 : 1 = FURUNO FM 22  /  2 = SIMRAD
10   : Sounder Gain    : Sounder Gain

                                                                                                              

depth / transect / targets / %sockeye / %stickleback

  2-5   1      5  1.00  0.00
  2-5   2      2  1.00  0.00
  2-5   3      7  1.00  0.00
  2-5   4      6  1.00  0.00
  2-5   5      2  1.00  0.00
  2-5   6      2  1.00  0.00
  2-5   7      0  1.00  0.00
  2-5   8      0  0.00  0.00
  2-5   9      0  0.00  0.00
  2-5  10      0  0.00  0.00
  2-5  11      0  0.00  0.00
  2-5  12      0  0.00  0.00
  2-5  13      0  0.00  0.00
  2-5  14      0  0.00  0.00
  2-5  15      0  0.00  0.00
  2-5  16      0  0.00  0.00
  3-5   1      0  0.00  0.00
  3-5   2      0  0.00  0.00
  3-5   3      0  0.00  0.00
  3-5   4      0  0.00  0.00
  3-5   5      0  0.00  0.00
  3-5   6      0  0.00  0.00
  3-5   7      0  0.00  0.00
  3-5   8      0  0.00  0.00
  3-5   9      0  0.00  0.00
  3-5  10      0  0.00  0.00
  3-5  11      0  0.00  0.00
  3-5  12      0  0.00  0.00
  3-5  13      0  0.00  0.00
  3-5  14      0  0.00  0.00
  3-5  15      0  0.00  0.00
  3-5  16      0  0.00  0.00
 5-10   1     36  1.00  0.00
 5-10   2     36  1.00  0.00
 5-10   3     63  1.00  0.00
 5-10   4     22  1.00  0.00
 5-10   5     10  1.00  0.00
 5-10   6     18  1.00  0.00
 5-10   7     19  1.00  0.00
 5-10   8      0  0.00  0.00
 5-10   9      0  0.00  0.00
 5-10  10      0  0.00  0.00
 5-10  11      0  0.00  0.00
 5-10  12      0  0.00  0.00
 5-10  13      0  0.00  0.00
 5-10  14      0  0.00  0.00
 5-10  15      0  0.00  0.00
 5-10  16      0  0.00  0.00
10-15   1     26  1.00  0.00
10-15   2     21  1.00  0.00
10-15   3     40  1.00  0.00
10-15   4     12  1.00  0.00
10-15   5     16  1.00  0.00
10-15   6     23  1.00  0.00
10-15   7     14  1.00  0.00
10-15   8      0  0.00  0.00
10-15   9      0  0.00  0.00
10-15  10      0  0.00  0.00
10-15  11      0  0.00  0.00
10-15  12      0  0.00  0.00
10-15  13      0  0.00  0.00
10-15  14      0  0.00  0.00
10-15  15      0  0.00  0.00
10-15  16      0  0.00  0.00
15-20   1     80  1.00  0.00
15-20   2     51  1.00  0.00
15-20   3     39  1.00  0.00
15-20   4      5  1.00  0.00
15-20   5      3  1.00  0.00
15-20   6      3  1.00  0.00
15-20   7      4  1.00  0.00
15-20   8      0  0.00  0.00
15-20   9      0  0.00  0.00
15-20  10      0  0.00  0.00
15-20  11      0  0.00  0.00
15-20  12      0  0.00  0.00
15-20  13      0  0.00  0.00
15-20  14      0  0.00  0.00
15-20  15      0  0.00  0.00
15-20  16      0  0.00  0.00
20-30   1    112  1.00  0.00
20-30   2     99  1.00  0.00
20-30   3     31  1.00  0.00
20-30   4      5  1.00  0.00
20-30   5      3  1.00  0.00
20-30   6      5  1.00  0.00
20-30   7      3  1.00  0.00
20-30   8      0  0.00  0.00
20-30   9      0  0.00  0.00
20-30  10      0  0.00  0.00
20-30  11      0  0.00  0.00
20-30  12      0  0.00  0.00
20-30  13      0  0.00  0.00
20-30  14      0  0.00  0.00
20-30  15      0  0.00  0.00
20-30  16      0  0.00  0.00
30-40   1     14  1.00  0.00
30-40   2     23  1.00  0.00
30-40   3     14  1.00  0.00
30-40   4      0  1.00  0.00
30-40   5      0  1.00  0.00
30-40   6      0  1.00  0.00
30-40   7      0  1.00  0.00
30-40   8      0  0.00  0.00
30-40   9      0  0.00  0.00
30-40  10      0  0.00  0.00
30-40  11      0  0.00  0.00
30-40  12      0  0.00  0.00
30-40  13      0  0.00  0.00
30-40  14      0  0.00  0.00
30-40  15      0  0.00  0.00
30-40  16      0  0.00  0.00
40-50   1      1  1.00  0.00
40-50   2      2  1.00  0.00
40-50   3      3  1.00  0.00
40-50   4      0  1.00  0.00
40-50   5      0  1.00  0.00
40-50   6      0  1.00  0.00
40-50   7      0  1.00  0.00
40-50   8      0  0.00  0.00
40-50   9      0  0.00  0.00
40-50  10      0  0.00  0.00
40-50  11      0  0.00  0.00
40-50  12      0  0.00  0.00
40-50  13      0  0.00  0.00
40-50  14      0  0.00  0.00
40-50  15      0  0.00  0.00
40-50  16      0  0.00  0.00
50-60   1      0  1.00  0.00
50-60   2      0  1.00  0.00
50-60   3      0  1.00  0.00
50-60   4      0  1.00  0.00
50-60   5      0  1.00  0.00
50-60   6      0  1.00  0.00
50-60   7      0  1.00  0.00
50-60   8      0  0.00  0.00
50-60   9      0  0.00  0.00
50-60  10      0  0.00  0.00
50-60  11      0  0.00  0.00
50-60  12      0  0.00  0.00
50-60  13      0  0.00  0.00
50-60  14      0  0.00  0.00
50-60  15      0  0.00  0.00
50-60  16      0  0.00  0.00


  66                   : lake code
Tatsamenie Lk       Mercer Survey
980922                 : date
SIMRAD               2 : 1 = FURUNO FM 22  /  2 = SIMRAD
10   : Sounder Gain    : Sounder Gain

                                                                                                              

depth / transect / targets / %sockeye / %stickleback

  2-5   1     11  1.00  0.00
  2-5   2      0  1.00  0.00
  2-5   3      0  1.00  0.00
  2-5   4      0  1.00  0.00
  2-5   5      0  1.00  0.00
  2-5   6      0  1.00  0.00
  2-5   7      0  1.00  0.00
  2-5   8      0  0.00  0.00
  2-5   9      0  0.00  0.00
  2-5  10      0  0.00  0.00
  2-5  11      0  0.00  0.00
  2-5  12      0  0.00  0.00
  2-5  13      0  0.00  0.00
  2-5  14      0  0.00  0.00
  2-5  15      0  0.00  0.00
  2-5  16      0  0.00  0.00
  3-5   1      0  0.00  0.00
  3-5   2      0  0.00  0.00
  3-5   3      0  0.00  0.00
  3-5   4      0  0.00  0.00
  3-5   5      0  0.00  0.00
  3-5   6      0  0.00  0.00
  3-5   7      0  0.00  0.00
  3-5   8      0  0.00  0.00
  3-5   9      0  0.00  0.00
  3-5  10      0  0.00  0.00
  3-5  11      0  0.00  0.00
  3-5  12      0  0.00  0.00
  3-5  13      0  0.00  0.00
  3-5  14      0  0.00  0.00
  3-5  15      0  0.00  0.00
  3-5  16      0  0.00  0.00
 5-10   1     10  1.00  0.00
 5-10   2      0  1.00  0.00
 5-10   3      3  1.00  0.00
 5-10   4      5  1.00  0.00
 5-10   5      2  1.00  0.00
 5-10   6      0  1.00  0.00
 5-10   7      1  1.00  0.00
 5-10   8      0  0.00  0.00
 5-10   9      0  0.00  0.00
 5-10  10      0  0.00  0.00
 5-10  11      0  0.00  0.00
 5-10  12      0  0.00  0.00
 5-10  13      0  0.00  0.00
 5-10  14      0  0.00  0.00
 5-10  15      0  0.00  0.00
 5-10  16      0  0.00  0.00
10-15   1     26  1.00  0.00
10-15   2      7  1.00  0.00
10-15   3     24  1.00  0.00
10-15   4     23  1.00  0.00
10-15   5     19  1.00  0.00
10-15   6      0  1.00  0.00
10-15   7      4  1.00  0.00
10-15   8      0  0.00  0.00
10-15   9      0  0.00  0.00
10-15  10      0  0.00  0.00
10-15  11      0  0.00  0.00
10-15  12      0  0.00  0.00
10-15  13      0  0.00  0.00
10-15  14      0  0.00  0.00
10-15  15      0  0.00  0.00
10-15  16      0  0.00  0.00
15-20   1     34  1.00  0.00
15-20   2     13  1.00  0.00
15-20   3     56  1.00  0.00
15-20   4     69  1.00  0.00
15-20   5    104  1.00  0.00
15-20   6     10  1.00  0.00
15-20   7     61  1.00  0.00
15-20   8      0  0.00  0.00
15-20   9      0  0.00  0.00
15-20  10      0  0.00  0.00
15-20  11      0  0.00  0.00
15-20  12      0  0.00  0.00
15-20  13      0  0.00  0.00
15-20  14      0  0.00  0.00
15-20  15      0  0.00  0.00
15-20  16      0  0.00  0.00
20-30   1     79  1.00  0.00
20-30   2     19  1.00  0.00
20-30   3     49  1.00  0.00
20-30   4    286  1.00  0.00
20-30   5    242  1.00  0.00
20-30   6     73  1.00  0.00
20-30   7      6  1.00  0.00
20-30   8      0  0.00  0.00
20-30   9      0  0.00  0.00
20-30  10      0  0.00  0.00
20-30  11      0  0.00  0.00
20-30  12      0  0.00  0.00
20-30  13      0  0.00  0.00
20-30  14      0  0.00  0.00
20-30  15      0  0.00  0.00
20-30  16      0  0.00  0.00
30-40   1     22  1.00  0.00
30-40   2     15  1.00  0.00
30-40   3      8  1.00  0.00
30-40   4     42  1.00  0.00
30-40   5     31  1.00  0.00
30-40   6     32  1.00  0.00
30-40   7      0  1.00  0.00
30-40   8      0  0.00  0.00
30-40   9      0  0.00  0.00
30-40  10      0  0.00  0.00
30-40  11      0  0.00  0.00
30-40  12      0  0.00  0.00
30-40  13      0  0.00  0.00
30-40  14      0  0.00  0.00
30-40  15      0  0.00  0.00
30-40  16      0  0.00  0.00
40-50   1     18  1.00  0.00
40-50   2     11  1.00  0.00
40-50   3     16  1.00  0.00
40-50   4     67  1.00  0.00
40-50   5     91  1.00  0.00
40-50   6     56  1.00  0.00
40-50   7      0  1.00  0.00
40-50   8      0  0.00  0.00
40-50   9      0  0.00  0.00
40-50  10      0  0.00  0.00
40-50  11      0  0.00  0.00
40-50  12      0  0.00  0.00
40-50  13      0  0.00  0.00
40-50  14      0  0.00  0.00
40-50  15      0  0.00  0.00
40-50  16      0  0.00  0.00
50-60   1      7  1.00  0.00
50-60   2      6  1.00  0.00
50-60   3      3  1.00  0.00
50-60   4     19  1.00  0.00
50-60   5     78  1.00  0.00
50-60   6     58  1.00  0.00
50-60   7      0  1.00  0.00
50-60   8      0  0.00  0.00
50-60   9      0  0.00  0.00
50-60  10      0  0.00  0.00
50-60  11      0  0.00  0.00
50-60  12      0  0.00  0.00
50-60  13      0  0.00  0.00
50-60  14      0  0.00  0.00
50-60  15      0  0.00  0.00
50-60  16      0  0.00  0.00


  66                   : lake code
Tatsamenie Lk       Mercer Survey
981012                 : date
SIMRAD               2 : 1 = FURUNO FM 22  /  2 = SIMRAD
10   : Sounder Gain    : Sounder Gain

                                                                                                              

depth / transect / targets / %sockeye / %stickleback

  2-5   1      0  1.00  0.00
  2-5   2      0  1.00  0.00
  2-5   3      0  1.00  0.00
  2-5   4      0  1.00  0.00
  2-5   5      0  1.00  0.00
  2-5   6      0  1.00  0.00
  2-5   7      1  1.00  0.00
  2-5   8      0  0.00  0.00
  2-5   9      0  0.00  0.00
  2-5  10      0  0.00  0.00
  2-5  11      0  0.00  0.00
  2-5  12      0  0.00  0.00
  2-5  13      0  0.00  0.00
  2-5  14      0  0.00  0.00
  2-5  15      0  0.00  0.00
  2-5  16      0  0.00  0.00
  3-5   1      0  1.00  0.00
  3-5   2      0  0.00  0.00
  3-5   3      0  0.00  0.00
  3-5   4      0  0.00  0.00
  3-5   5      0  0.00  0.00
  3-5   6      0  0.00  0.00
  3-5   7      0  0.00  0.00
  3-5   8      0  0.00  0.00
  3-5   9      0  0.00  0.00
  3-5  10      0  0.00  0.00
  3-5  11      0  0.00  0.00
  3-5  12      0  0.00  0.00
  3-5  13      0  0.00  0.00
  3-5  14      0  0.00  0.00
  3-5  15      0  0.00  0.00
  3-5  16      0  0.00  0.00
 5-10   1      0  1.00  0.00
 5-10   2      2  1.00  0.00
 5-10   3     10  1.00  0.00
 5-10   4      3  1.00  0.00
 5-10   5      1  1.00  0.00
 5-10   6      0  1.00  0.00
 5-10   7      3  1.00  0.00
 5-10   8      0  0.00  0.00
 5-10   9      0  0.00  0.00
 5-10  10      0  0.00  0.00
 5-10  11      0  0.00  0.00
 5-10  12      0  0.00  0.00
 5-10  13      0  0.00  0.00
 5-10  14      0  0.00  0.00
 5-10  15      0  0.00  0.00
 5-10  16      0  0.00  0.00
10-15   1      4  1.00  0.00
10-15   2      4  1.00  0.00
10-15   3     28  1.00  0.00
10-15   4      7  1.00  0.00
10-15   5      3  1.00  0.00
10-15   6      0  1.00  0.00
10-15   7     13  1.00  0.00
10-15   8      0  0.00  0.00
10-15   9      0  0.00  0.00
10-15  10      0  0.00  0.00
10-15  11      0  0.00  0.00
10-15  12      0  0.00  0.00
10-15  13      0  0.00  0.00
10-15  14      0  0.00  0.00
10-15  15      0  0.00  0.00
10-15  16      0  0.00  0.00
15-20   1      3  1.00  0.00
15-20   2      4  1.00  0.00
15-20   3     51  1.00  0.00
15-20   4     17  1.00  0.00
15-20   5     12  1.00  0.00
15-20   6      1  1.00  0.00
15-20   7     55  1.00  0.00
15-20   8      0  0.00  0.00
15-20   9      0  0.00  0.00
15-20  10      0  0.00  0.00
15-20  11      0  0.00  0.00
15-20  12      0  0.00  0.00
15-20  13      0  0.00  0.00
15-20  14      0  0.00  0.00
15-20  15      0  0.00  0.00
15-20  16      0  0.00  0.00
20-30   1      2  1.00  0.00
20-30   2      6  1.00  0.00
20-30   3     87  1.00  0.00
20-30   4    100  1.00  0.00
20-30   5     82  1.00  0.00
20-30   6     10  1.00  0.00
20-30   7    198  1.00  0.00
20-30   8      0  0.00  0.00
20-30   9      0  0.00  0.00
20-30  10      0  0.00  0.00
20-30  11      0  0.00  0.00
20-30  12      0  0.00  0.00
20-30  13      0  0.00  0.00
20-30  14      0  0.00  0.00
20-30  15      0  0.00  0.00
20-30  16      0  0.00  0.00
30-40   1      2  1.00  0.00
30-40   2     12  1.00  0.00
30-40   3     58  1.00  0.00
30-40   4    115  1.00  0.00
30-40   5     97  1.00  0.00
30-40   6      9  1.00  0.00
30-40   7    163  1.00  0.00
30-40   8      0  0.00  0.00
30-40   9      0  0.00  0.00
30-40  10      0  0.00  0.00
30-40  11      0  0.00  0.00
30-40  12      0  0.00  0.00
30-40  13      0  0.00  0.00
30-40  14      0  0.00  0.00
30-40  15      0  0.00  0.00
30-40  16      0  0.00  0.00
40-50   1      8  1.00  0.00
40-50   2      6  1.00  0.00
40-50   3     32  1.00  0.00
40-50   4     17  1.00  0.00
40-50   5     44  0.00  0.00
40-50   6      5  1.00  0.00
40-50   7      0  1.00  0.00
40-50   8      0  0.00  0.00
40-50   9      0  0.00  0.00
40-50  10      0  0.00  0.00
40-50  11      0  0.00  0.00
40-50  12      0  0.00  0.00
40-50  13      0  0.00  0.00
40-50  14      0  0.00  0.00
40-50  15      0  0.00  0.00
40-50  16      0  0.00  0.00
50-60   1      0  1.00  0.00
50-60   2      3  1.00  0.00
50-60   3     34  1.00  0.00
50-60   4      8  1.00  0.00
50-60   5     57  1.00  0.00
50-60   6      5  1.00  0.00
50-60   7      0  1.00  0.00
50-60   8      0  0.00  0.00
50-60   9      0  0.00  0.00
50-60  10      0  0.00  0.00
50-60  11      0  0.00  0.00
50-60  12      0  0.00  0.00
50-60  13      0  0.00  0.00
50-60  14      0  0.00  0.00
50-60  15      0  0.00  0.00
50-60  16      0  0.00  0.00


 175                   : lake code
Tuya Lk             Weighted transects 3 and 4 @ 15-20m strata to .25SK and .75SCU
980919                 : date
SIMRAD               2 : 1 = FURUNO FM 22  /  2 = SIMRAD
10   : Sounder Gain    : Sounder Gain

                                                                                                              

depth / transect / targets / %sockeye / %stickleback

  2-5   1      1  1.00  0.00
  2-5   2      2  1.00  0.00
  2-5   3      2  1.00  0.00
  2-5   4      0  1.00  0.00
  2-5   5      1  1.00  0.00
  2-5   6      1  1.00  0.00
  2-5   7      1  1.00  0.00
  2-5   8      0  1.00  0.00
  2-5   9      0  1.00  0.00
  2-5  10      2  1.00  0.00
  3-5   1      0  0.00  0.00
  3-5   2      0  0.00  0.00
  3-5   3      0  0.00  0.00
  3-5   4      0  0.00  0.00
  3-5   5      0  0.00  0.00
  3-5   6      0  0.00  0.00
  3-5   7      0  0.00  0.00
  3-5   8      0  0.00  0.00
  3-5   9      0  0.00  0.00
  3-5  10      0  0.00  0.00
 5-10   1      9  1.00  0.00
 5-10   2      3  1.00  0.00
 5-10   3      8  1.00  0.00
 5-10   4      3  1.00  0.00
 5-10   5      1  1.00  0.00
 5-10   6      1  1.00  0.00
 5-10   7      4  1.00  0.00
 5-10   8      6  1.00  0.00
 5-10   9      6  1.00  0.00
 5-10  10     10  1.00  0.00
10-15   1     23  1.00  0.00
10-15   2      7  1.00  0.00
10-15   3     17  1.00  0.00
10-15   4     15  1.00  0.00
10-15   5      1  1.00  0.00
10-15   6      0  1.00  0.00
10-15   7     23  1.00  0.00
10-15   8     17  1.00  0.00
10-15   9     18  1.00  0.00
10-15  10     35  1.00  0.00
15-20   1     27  1.00  0.00
15-20   2     27  1.00  0.00
15-20   3     22  0.25  0.75
15-20   4     31  0.25  0.75
15-20   5      0  1.00  0.00
15-20   6      0  1.00  0.00
15-20   7     42  1.00  0.00
15-20   8     15  1.00  0.00
15-20   9     49  1.00  0.00
15-20  10     65  1.00  0.00
20-30   1      3  1.00  0.00
20-30   2     52  1.00  0.00
20-30   3     91  1.00  0.00
20-30   4     10  1.00  0.00
20-30   5      0  1.00  0.00
20-30   6      0  1.00  0.00
20-30   7     18  1.00  0.00
20-30   8      2  1.00  0.00
20-30   9     33  1.00  0.00
20-30  10     49  1.00  0.00
30-40   1      0  1.00  0.00
30-40   2      4  1.00  0.00
30-40   3      6  1.00  0.00
30-40   4      0  1.00  0.00
30-40   5      0  1.00  0.00
30-40   6      0  1.00  0.00
30-40   7      0  1.00  0.00
30-40   8      0  1.00  0.00
30-40   9      0  1.00  0.00
30-40  10      0  1.00  0.00
40-50   1      0  1.00  0.00
40-50   2      0  1.00  0.00
40-50   3      0  1.00  0.00
40-50   4      0  1.00  0.00
40-50   5      0  1.00  0.00
40-50   6      0  1.00  0.00
40-50   7      0  1.00  0.00
40-50   8      0  1.00  0.00
40-50   9      0  1.00  0.00
40-50  10      0  1.00  0.00


  69                   : lake code
Yakoun Lk           Fairweather Survey
980814                 : date
SIMRAD               2 : 1 = FURUNO FM 22  /  2 = SIMRAD
10   : Sounder Gain    : Sounder Gain
Adult Count
                                                                                                              

depth / transect / targets / %sockeye / %stickleback

  2-5   1      0  1.00  0.00
  2-5   2      0  1.00  0.00
  2-5   3      0  1.00  0.00
  2-5   4      0  1.00  0.00
  2-5   5      0  1.00  0.00
  2-5   6      0  1.00  0.00
  2-5   7      0  1.00  0.00
  2-5   8      0  1.00  0.00
  2-5   9      0  1.00  0.00
  2-5  10      0  1.00  0.00
  2-5  11      0  1.00  0.00
  2-5  12      0  1.00  0.00
  3-5   1      0  0.00  0.00
  3-5   2      0  0.00  0.00
  3-5   3      0  0.00  0.00
  3-5   4      0  0.00  0.00
  3-5   5      0  0.00  0.00
  3-5   6      0  0.00  0.00
  3-5   7      0  0.00  0.00
  3-5   8      0  0.00  0.00
  3-5   9      0  0.00  0.00
  3-5  10      0  0.00  0.00
  3-5  11      0  0.00  0.00
  3-5  12      0  0.00  0.00
 5-10   1      2  1.00  0.00
 5-10   2      1  1.00  0.00
 5-10   3      0  1.00  0.00
 5-10   4      2  1.00  0.00
 5-10   5      2  1.00  0.00
 5-10   6      2  1.00  0.00
 5-10   7      1  1.00  0.00
 5-10   8      5  1.00  0.00
 5-10   9      3  1.00  0.00
 5-10  10      1  1.00  0.00
 5-10  11      0  1.00  0.00
 5-10  12      0  1.00  0.00
10-15   1      0  1.00  0.00
10-15   2      2  1.00  0.00
10-15   3      1  1.00  0.00
10-15   4      3  1.00  0.00
10-15   5      6  1.00  0.00
10-15   6      4  1.00  0.00
10-15   7      4  1.00  0.00
10-15   8      5  1.00  0.00
10-15   9      4  1.00  0.00
10-15  10      1  1.00  0.00
10-15  11      1  1.00  0.00
10-15  12      1  1.00  0.00
15-20   1      1  1.00  0.00
15-20   2      1  1.00  0.00
15-20   3      0  1.00  0.00
15-20   4      0  1.00  0.00
15-20   5      0  1.00  0.00
15-20   6      0  1.00  0.00
15-20   7      0  1.00  0.00
15-20   8      0  1.00  0.00
15-20   9      0  1.00  0.00
15-20  10      0  1.00  0.00
15-20  11      0  1.00  0.00
15-20  12      0  1.00  0.00
20-30   1      0  1.00  0.00
20-30   2      0  1.00  0.00
20-30   3      0  1.00  0.00
20-30   4      0  1.00  0.00
20-30   5      0  1.00  0.00
20-30   6      0  1.00  0.00
20-30   7      0  1.00  0.00
20-30   8      0  1.00  0.00
20-30   9      0  1.00  0.00
20-30  10      0  1.00  0.00
20-30  11      0  1.00  0.00
20-30  12      0  1.00  0.00
30-40   1      0  1.00  0.00
30-40   2      0  1.00  0.00
30-40   3      0  1.00  0.00
30-40   4      0  1.00  0.00
30-40   5      0  1.00  0.00
30-40   6      0  1.00  0.00
30-40   7      0  1.00  0.00
30-40   8      0  1.00  0.00
30-40   9      0  1.00  0.00
30-40  10      0  1.00  0.00
30-40  11      0  1.00  0.00
30-40  12      0  1.00  0.00
40-50   1      0  1.00  0.00
40-50   2      0  1.00  0.00
40-50   3      0  1.00  0.00
40-50   4      0  1.00  0.00
40-50   5      0  1.00  0.00
40-50   6      0  1.00  0.00
40-50   7      0  1.00  0.00
40-50   8      0  1.00  0.00
40-50   9      0  1.00  0.00
40-50  10      0  1.00  0.00
40-50  11      0  1.00  0.00
40-50  12      0  1.00  0.00
50-60   1      0  1.00  0.00
50-60   2      0  1.00  0.00
50-60   3      0  1.00  0.00
50-60   4      0  1.00  0.00
50-60   5      0  1.00  0.00
50-60   6      0  1.00  0.00
50-60   7      0  1.00  0.00
50-60   8      0  1.00  0.00
50-60   9      0  1.00  0.00
50-60  10      0  1.00  0.00
50-60  11      0  1.00  0.00
50-60  12      0  1.00  0.00
60-70   1      0  0.00  0.00
60-70   2      0  0.00  0.00
60-70   3      0  0.00  0.00
60-70   4      0  0.00  0.00
60-70   5      0  0.00  0.00
60-70   6      0  0.00  0.00
60-70   7      0  0.00  0.00
60-70   8      0  0.00  0.00
60-70   9      0  0.00  0.00
60-70  10      0  0.00  0.00
60-70  11      0  0.00  0.00
60-70  12      0  0.00  0.00


  69                   : lake code
Yakoun Lk           
980815                 : date
SIMRAD               2 : 1 = FURUNO FM 22  /  2 = SIMRAD
10   : Sounder Gain    : Sounder Gain
Adult Count
                                                                                                              

depth / transect / targets / %sockeye / %stickleback

  2-5   1      0  1.00  0.00
  2-5   2      0  1.00  0.00
  2-5   3      0  1.00  0.00
  2-5   4      0  1.00  0.00
  2-5   5      0  1.00  0.00
  2-5   6      0  1.00  0.00
  2-5   7      0  1.00  0.00
  2-5   8      0  1.00  0.00
  2-5   9      0  1.00  0.00
  2-5  10      0  1.00  0.00
  2-5  11      0  1.00  0.00
  2-5  12      0  1.00  0.00
  3-5   1      0  0.00  0.00
  3-5   2      0  0.00  0.00
  3-5   3      0  0.00  0.00
  3-5   4      0  0.00  0.00
  3-5   5      0  0.00  0.00
  3-5   6      0  0.00  0.00
  3-5   7      0  0.00  0.00
  3-5   8      0  0.00  0.00
  3-5   9      0  0.00  0.00
  3-5  10      0  0.00  0.00
  3-5  11      0  0.00  0.00
  3-5  12      0  0.00  0.00
 5-10   1      2  1.00  0.00
 5-10   2      1  1.00  0.00
 5-10   3      0  1.00  0.00
 5-10   4      2  1.00  0.00
 5-10   5      2  1.00  0.00
 5-10   6      2  1.00  0.00
 5-10   7      1  1.00  0.00
 5-10   8      5  1.00  0.00
 5-10   9      3  1.00  0.00
 5-10  10      1  1.00  0.00
 5-10  11      0  1.00  0.00
 5-10  12      0  1.00  0.00
10-15   1      0  1.00  0.00
10-15   2      2  1.00  0.00
10-15   3      1  1.00  0.00
10-15   4      3  1.00  0.00
10-15   5      6  1.00  0.00
10-15   6      4  1.00  0.00
10-15   7      4  1.00  0.00
10-15   8      5  1.00  0.00
10-15   9      4  1.00  0.00
10-15  10      1  1.00  0.00
10-15  11      1  1.00  0.00
10-15  12      1  1.00  0.00
15-20   1      0  1.00  0.00
15-20   2      0  1.00  0.00
15-20   3      0  1.00  0.00
15-20   4      0  1.00  0.00
15-20   5      0  1.00  0.00
15-20   6      0  1.00  0.00
15-20   7      1  1.00  0.00
15-20   8      0  1.00  0.00
15-20   9      0  1.00  0.00
15-20  10      0  1.00  0.00
15-20  11      0  1.00  0.00
15-20  12      0  1.00  0.00
20-30   1      0  1.00  0.00
20-30   2      0 10.00  0.00
20-30   3      0  1.00  0.00
20-30   4      0  1.00  0.00
20-30   5      0  1.00  0.00
20-30   6      0  1.00  0.00
20-30   7      0  1.00  0.00
20-30   8      0  1.00  0.00
20-30   9      0  1.00  0.00
20-30  10      0  1.00  0.00
20-30  11      0  1.00  0.00
20-30  12      0  1.00  0.00
30-40   1      0  0.00  0.00
30-40   2      0  0.00  0.00
30-40   3      0  0.00  0.00
30-40   4      0  0.00  0.00
30-40   5      0  0.00  0.00
30-40   6      0  0.00  0.00
30-40   7      0  0.00  0.00
30-40   8      0  0.00  0.00
30-40   9      0  0.00  0.00
30-40  10      0  0.00  0.00
30-40  11      0  0.00  0.00
30-40  12      0  0.00  0.00
40-50   1      0  0.00  0.00
40-50   2      0  0.00  0.00
40-50   3      0  0.00  0.00
40-50   4      0  0.00  0.00
40-50   5      0  0.00  0.00
40-50   6      0  0.00  0.00
40-50   7      0  0.00  0.00
40-50   8      0  0.00  0.00
40-50   9      0  0.00  0.00
40-50  10      0  0.00  0.00
40-50  11      0  0.00  0.00
40-50  12      0  0.00  0.00
50-60   1      0  0.00  0.00
50-60   2      0  0.00  0.00
50-60   3      0  0.00  0.00
50-60   4      0  0.00  0.00
50-60   5      0  0.00  0.00
50-60   6      0  0.00  0.00
50-60   7      0  0.00  0.00
50-60   8      0  0.00  0.00
50-60   9      0  0.00  0.00
50-60  10      0  0.00  0.00
50-60  11      0  0.00  0.00
50-60  12      0  0.00  0.00
60-70   1      0  0.00  0.00
60-70   2      0  0.00  0.00
60-70   3      0  0.00  0.00
60-70   4      0  0.00  0.00
60-70   5      0  0.00  0.00
60-70   6      0  0.00  0.00
60-70   7      0  0.00  0.00
60-70   8      0  0.00  0.00
60-70   9      0  0.00  0.00
60-70  10      0  0.00  0.00
60-70  11      0  0.00  0.00
60-70  12      0  0.00  0.00


  69                   : lake code
Yakoun Lk           Haida Survey
980916                 : date
SIMRAD               2 : 1 = FURUNO FM 22  /  2 = SIMRAD
10   : Sounder Gain    : Sounder Gain

16Sep98/5Feb99/BH/EYM/0/0/0/9/17/2/2cottids/2lampreys                                                         

depth / transect / targets / %sockeye / %stickleback

  2-5   1      3  1.00  0.00
  2-5   2      3  1.00  0.00
  2-5   3      1  1.00  0.00
  2-5   4      4  1.00  0.00
  2-5   5      7  1.00  0.00
  2-5   6      9  1.00  0.00
  2-5   7      5  1.00  0.00
  2-5   8      6  1.00  0.00
  2-5   9      8  1.00  0.00
  2-5  10      2  1.00  0.00
  2-5  11      2  1.00  0.00
  2-5  12      5  1.00  0.00
  3-5   1      0  0.00  0.00
  3-5   2      0  0.00  0.00
  3-5   3      0  0.00  0.00
  3-5   4      0  0.00  0.00
  3-5   5      0  0.00  0.00
  3-5   6      0  0.00  0.00
  3-5   7      0  0.00  0.00
  3-5   8      0  0.00  0.00
  3-5   9      0  0.00  0.00
  3-5  10      0  0.00  0.00
  3-5  11      0  0.00  0.00
  3-5  12      0  0.00  0.00
 5-10   1     79  1.00  0.00
 5-10   2    148  1.00  0.00
 5-10   3     76  1.00  0.00
 5-10   4     93  1.00  0.00
 5-10   5    100  1.00  0.00
 5-10   6    116  1.00  0.00
 5-10   7     80  1.00  0.00
 5-10   8    129  1.00  0.00
 5-10   9    147  1.00  0.00
 5-10  10     80  1.00  0.00
 5-10  11    109  1.00  0.00
 5-10  12    169  1.00  0.00
10-15   1     79  1.00  0.00
10-15   2    145  1.00  0.00
10-15   3     97  1.00  0.00
10-15   4    158  1.00  0.00
10-15   5    194  1.00  0.00
10-15   6    115  1.00  0.00
10-15   7     83  1.00  0.00
10-15   8    113  1.00  0.00
10-15   9    189  1.00  0.00
10-15  10    135  1.00  0.00
10-15  11    181  1.00  0.00
10-15  12    161  1.00  0.00
15-20   1      9  1.00  0.00
15-20   2     11  0.34  0.66
15-20   3      9  0.34  0.66
15-20   4     14  0.34  0.66
15-20   5     11  0.34  0.66
15-20   6      7  0.34  0.66
15-20   7      7  0.34  0.66
15-20   8      3  0.34  0.66
15-20   9     11  0.34  0.66
15-20  10     11  0.34  0.66
15-20  11     15  0.34  0.66
15-20  12     19  0.34  0.66
20-30   1      0  1.00  0.00
20-30   2      7  1.00  0.00
20-30   3      2  1.00  0.00
20-30   4      0  1.00  0.00
20-30   5      4  1.00  0.00
20-30   6      1  1.00  0.00
20-30   7      8  1.00  0.00
20-30   8      2  1.00  0.00
20-30   9      6  1.00  0.00
20-30  10      8  1.00  0.00
20-30  11      4  1.00  0.00
20-30  12      9  1.00  0.00
30-40   1      0  1.00  0.00
30-40   2      0  1.00  0.00
30-40   3      1  1.00  0.00
30-40   4      0  1.00  0.00
30-40   5      0  1.00  0.00
30-40   6      0  1.00  0.00
30-40   7      0  1.00  0.00
30-40   8      0  1.00  0.00
30-40   9      0  1.00  0.00
30-40  10      0  1.00  0.00
30-40  11      0  1.00  0.00
30-40  12      2  1.00  0.00
40-50   1      0  0.00  0.00
40-50   2      0  0.00  0.00
40-50   3      0  0.00  0.00
40-50   4      0  0.00  0.00
40-50   5      0  0.00  0.00
40-50   6      0  0.00  0.00
40-50   7      0  0.00  0.00
40-50   8      0  0.00  0.00
40-50   9      0  0.00  0.00
40-50  10      0  0.00  0.00
40-50  11      0  0.00  0.00
40-50  12      0  0.00  0.00
50-60   1      0  0.00  0.00
50-60   2      0  0.00  0.00
50-60   3      0  0.00  0.00
50-60   4      0  0.00  0.00
50-60   5      0  0.00  0.00
50-60   6      0  0.00  0.00
50-60   7      0  0.00  0.00
50-60   8      0  0.00  0.00
50-60   9      0  0.00  0.00
50-60  10      0  0.00  0.00
50-60  11      0  0.00  0.00
50-60  12      0  0.00  0.00
60-70   1      0  0.00  0.00
60-70   2      0  0.00  0.00
60-70   3      0  0.00  0.00
60-70   4      0  0.00  0.00
60-70   5      0  0.00  0.00
60-70   6      0  0.00  0.00
60-70   7      0  0.00  0.00
60-70   8      0  0.00  0.00
60-70   9      0  0.00  0.00
60-70  10      0  0.00  0.00
60-70  11      0  0.00  0.00
60-70  12      0  0.00  0.00
