

   1                   : lake code
GCL                 McQueen Survey
990621                 : date
FURUNO FM 22         1 : 1 = FURUNO FM 22  /  2 = SIMRAD
10   : Sounder Gain    : Sounder Gain

21Jun99/25Jun99/BH/EYM/20069/0/0/0/11/271/0                                                                   

depth / transect / targets / %sockeye / %stickleback

  2-5   1     77  1.00  0.00
  2-5   2    146  1.00  0.00
  2-5   3     83  1.00  0.00
  2-5   4     39  1.00  0.00
  2-5   5     23  1.00  0.00
  2-5   6     22  1.00  0.00
  3-5   1      0  0.00  0.00
  3-5   2      0  0.00  0.00
  3-5   3      0  0.00  0.00
  3-5   4      0  0.00  0.00
  3-5   5      0  0.00  0.00
  3-5   6      0  0.00  0.00
 5-10   1     89  1.00  0.00
 5-10   2    147  1.00  0.00
 5-10   3    206  1.00  0.00
 5-10   4    145  1.00  0.00
 5-10   5    120  1.00  0.00
 5-10   6    139  1.00  0.00
10-15   1     80  1.00  0.00
10-15   2     94  1.00  0.00
10-15   3    177  1.00  0.00
10-15   4    286  1.00  0.00
10-15   5    390  1.00  0.00
10-15   6    278  1.00  0.00
15-20   1    116  1.00  0.00
15-20   2     86  1.00  0.00
15-20   3    108  1.00  0.00
15-20   4     85  1.00  0.00
15-20   5    138  1.00  0.00
15-20   6    151  1.00  0.00
20-30   1    125  1.00  0.00
20-30   2     93  1.00  0.00
20-30   3     82  1.00  0.00
20-30   4     47  1.00  0.00
20-30   5     76  1.00  0.00
20-30   6     97  1.00  0.00
30-40   1     28  1.00  0.00
30-40   2     33  1.00  0.00
30-40   3     41  1.00  0.00
30-40   4     26  1.00  0.00
30-40   5    130  1.00  0.00
30-40   6     51  1.00  0.00
40-50   1      2  1.00  0.00
40-50   2     27  1.00  0.00
40-50   3     29  1.00  0.00
40-50   4     23  1.00  0.00
40-50   5     49  1.00  0.00
40-50   6     35  1.00  0.00
50-60   1      0  1.00  0.00
50-60   2      0  1.00  0.00
50-60   3      0  1.00  0.00
50-60   4      0  1.00  0.00
50-60   5      0  1.00  0.00
50-60   6     19  1.00  0.00
60-70   1      0  1.00  0.00
60-70   2      0  1.00  0.00
60-70   3      0  1.00  0.00
60-70   4      0  1.00  0.00
60-70   5      0  1.00  0.00
60-70   6     12  1.00  0.00
70-80   1      0  0.00  0.00
70-80   2      0  0.00  0.00
70-80   3      0  0.00  0.00
70-80   4      0  0.00  0.00
70-80   5      0  0.00  0.00
70-80   6      0  0.00  0.00
80-90   1      0  0.00  0.00
80-90   2      0  0.00  0.00
80-90   3      0  0.00  0.00
80-90   4      0  0.00  0.00
80-90   5      0  0.00  0.00
80-90   6      0  0.00  0.00
90-100  1      0  0.00  0.00
90-100  2      0  0.00  0.00
90-100  3      0  0.00  0.00
90-100  4      0  0.00  0.00
90-100  5      0  0.00  0.00
90-100  6      0  0.00  0.00


   1                   : lake code
GCL                 Rankin-Hanslit Survey
990721                 : date
SIMRAD               2 : 1 = FURUNO FM 22  /  2 = SIMRAD
10   : Sounder Gain    : Sounder Gain
AT:16 ST:16 Wind:HighEast C.C.:5%
21Jul99/20Jan00/BH/EYM/20069/0/0/0/5/207/7                                                                    

depth / transect / targets / %sockeye / %stickleback

  2-5   1     36  1.00  0.00
  2-5   2     53  1.00  0.00
  2-5   3     32  1.00  0.00
  2-5   4     20  1.00  0.00
  2-5   5     14  1.00  0.00
  2-5   6      8  1.00  0.00
  3-5   1      0  0.00  0.00
  3-5   2      0  0.00  0.00
  3-5   3      0  0.00  0.00
  3-5   4      0  0.00  0.00
  3-5   5      0  0.00  0.00
  3-5   6      0  0.00  0.00
 5-10   1     65  1.00  0.00
 5-10   2    115  1.00  0.00
 5-10   3    514  1.00  0.00
 5-10   4    337  1.00  0.00
 5-10   5     75  1.00  0.00
 5-10   6     48  1.00  0.00
10-15   1     29  0.98  0.02
10-15   2     75  0.98  0.02
10-15   3    420  0.98  0.02
10-15   4    554  0.98  0.02
10-15   5    334  0.98  0.02
10-15   6    229  0.98  0.02
15-20   1      7  1.00  0.00
15-20   2     33  1.00  0.00
15-20   3    230  1.00  0.00
15-20   4    284  1.00  0.00
15-20   5    252  1.00  0.00
15-20   6    130  1.00  0.00
20-30   1     10  1.00  0.00
20-30   2     19  1.00  0.00
20-30   3    123  1.00  0.00
20-30   4    155  1.00  0.00
20-30   5    131  1.00  0.00
20-30   6     45  1.00  0.00
30-40   1      5  1.00  0.00
30-40   2      6  1.00  0.00
30-40   3     24  1.00  0.00
30-40   4     76  1.00  0.00
30-40   5     44  1.00  0.00
30-40   6     29  1.00  0.00
40-50   1      1  1.00  0.00
40-50   2      0  1.00  0.00
40-50   3     16  1.00  0.00
40-50   4     34  1.00  0.00
40-50   5     18  1.00  0.00
40-50   6     25  1.00  0.00
50-60   1      0  1.00  0.00
50-60   2      0  1.00  0.00
50-60   3      1  1.00  0.00
50-60   4      3  1.00  0.00
50-60   5      6  1.00  0.00
50-60   6      7  1.00  0.00
60-70   1      0  1.00  0.00
60-70   2      0  1.00  0.00
60-70   3      0  1.00  0.00
60-70   4      1  1.00  0.00
60-70   5      3  1.00  0.00
60-70   6      5  1.00  0.00
70-80   1      0  1.00  0.00
70-80   2      0  1.00  0.00
70-80   3      0  1.00  0.00
70-80   4      5  1.00  0.00
70-80   5      3  1.00  0.00
70-80   6      2  1.00  0.00
80-90   1      0  0.00  0.00
80-90   2      0  0.00  0.00
80-90   3      0  0.00  0.00
80-90   4      0  0.00  0.00
80-90   5      0  0.00  0.00
80-90   6      0  0.00  0.00
90-100  1      0  0.00  0.00
90-100  2      0  0.00  0.00
90-100  3      0  0.00  0.00
90-100  4      0  0.00  0.00
90-100  5      0  0.00  0.00
90-100  6      0  0.00  0.00


   1                   : lake code
GCL                 Rankin-Hanslit Survey
991129                 : date
SIMRAD               2 : 1 = FURUNO FM 22  /  2 = SIMRAD
10   : Sounder Gain    : Sounder Gain

29Nov99/25Jan00/BH/EYM/20069/0/0/0/6/206/0                                                                    

depth / transect / targets / %sockeye / %stickleback

  2-5   1      5  1.00  0.00
  2-5   2     33  1.00  0.00
  2-5   3     10  1.00  0.00
  2-5   4     12  1.00  0.00
  2-5   5      6  1.00  0.00
  2-5   6      2  1.00  0.00
  3-5   1      0  0.00  0.00
  3-5   2      0  0.00  0.00
  3-5   3      0  0.00  0.00
  3-5   4      0  0.00  0.00
  3-5   5      0  0.00  0.00
  3-5   6      0  0.00  0.00
 5-10   1     27  1.00  0.00
 5-10   2    196  1.00  0.00
 5-10   3    206  1.00  0.00
 5-10   4     45  1.00  0.00
 5-10   5     39  1.00  0.00
 5-10   6     36  1.00  0.00
10-15   1     21  1.00  0.00
10-15   2    174  1.00  0.00
10-15   3    345  1.00  0.00
10-15   4     32  1.00  0.00
10-15   5    246  1.00  0.00
10-15   6    141  1.00  0.00
15-20   1     19  1.00  0.00
15-20   2    145  1.00  0.00
15-20   3    325  1.00  0.00
15-20   4     28  1.00  0.00
15-20   5    458  1.00  0.00
15-20   6    205  1.00  0.00
20-30   1     48  1.00  0.00
20-30   2    130  1.00  0.00
20-30   3    190  1.00  0.00
20-30   4    130  1.00  0.00
20-30   5    756  1.00  0.00
20-30   6    113  1.00  0.00
30-40   1      9  1.00  0.00
30-40   2     27  1.00  0.00
30-40   3     15  1.00  0.00
30-40   4    133  1.00  0.00
30-40   5    128  1.00  0.00
30-40   6     21  1.00  0.00
40-50   1      4  1.00  0.00
40-50   2     20  1.00  0.00
40-50   3     11  1.00  0.00
40-50   4     57  1.00  0.00
40-50   5     32  1.00  0.00
40-50   6      8  1.00  0.00
50-60   1      5  1.00  0.00
50-60   2      5  1.00  0.00
50-60   3      6  1.00  0.00
50-60   4     15  1.00  0.00
50-60   5      9  1.00  0.00
50-60   6      6  1.00  0.00
60-70   1      0  1.00  0.00
60-70   2      0  1.00  0.00
60-70   3      0  1.00  0.00
60-70   4      4  1.00  0.00
60-70   5      5  1.00  0.00
60-70   6      0  1.00  0.00
70-80   1      0  0.00  0.00
70-80   2      0  0.00  0.00
70-80   3      0  0.00  0.00
70-80   4      0  0.00  0.00
70-80   5      0  0.00  0.00
70-80   6      0  0.00  0.00
80-90   1      0  0.00  0.00
80-90   2      0  0.00  0.00
80-90   3      0  0.00  0.00
80-90   4      0  0.00  0.00
80-90   5      0  0.00  0.00
80-90   6      0  0.00  0.00
90-100  1      0  0.00  0.00
90-100  2      0  0.00  0.00
90-100  3      0  0.00  0.00
90-100  4      0  0.00  0.00
90-100  5      0  0.00  0.00
90-100  6      0  0.00  0.00


   3                   : lake code
Henderson Lk        Hanslit-Shardlow Survey
990823                 : date
SIMRAD               2 : 1 = FURUNO FM 22  /  2 = SIMRAD
10   : Sounder Gain    : Sounder Gain

23Aug99/30Mar00/BH/EYM/20069/0/0/0/10/52                                                                      

depth / transect / targets / %sockeye / %stickleback

  2-5   1      0  1.00  0.00
  2-5   2      0  1.00  0.00
  2-5   3      0  1.00  0.00
  2-5   4      2  1.00  0.00
  2-5   5      0  1.00  0.00
  2-5   6      1  1.00  0.00
  2-5   7      0  1.00  0.00
  2-5   8      0  1.00  0.00
  2-5   9      0  1.00  0.00
  2-5  10      0  1.00  0.00
  2-5  11     11  1.00  0.00
  2-5  12      9  1.00  0.00
  2-5  13      2  1.00  0.00
  2-5  14      1  1.00  0.00
  2-5  15      0  1.00  0.00
  2-5  16     10  1.00  0.00
  2-5  17      3  1.00  0.00
  2-5  18      0  1.00  0.00
  3-5   1      0  0.00  0.00
  3-5   2      0  0.00  0.00
  3-5   3      0  0.00  0.00
  3-5   4      0  0.00  0.00
  3-5   5      0  0.00  0.00
  3-5   6      0  0.00  0.00
  3-5   7      0  0.00  0.00
  3-5   8      0  0.00  0.00
  3-5   9      0  0.00  0.00
  3-5  10      0  0.00  0.00
  3-5  11      0  0.00  0.00
  3-5  12      0  0.00  0.00
  3-5  13      0  0.00  0.00
  3-5  14      0  0.00  0.00
  3-5  15      0  0.00  0.00
  3-5  16      0  0.00  0.00
  3-5  17      0  0.00  0.00
  3-5  18      0  0.00  0.00
 5-10   1      2  1.00  0.00
 5-10   2      0  1.00  0.00
 5-10   3     12  1.00  0.00
 5-10   4     20  1.00  0.00
 5-10   5      2  1.00  0.00
 5-10   6      6  1.00  0.00
 5-10   7      8  1.00  0.00
 5-10   8      6  1.00  0.00
 5-10   9      8  1.00  0.00
 5-10  10      1  1.00  0.00
 5-10  11     74  1.00  0.00
 5-10  12     32  1.00  0.00
 5-10  13     10  1.00  0.00
 5-10  14     25  1.00  0.00
 5-10  15     22  1.00  0.00
 5-10  16     63  1.00  0.00
 5-10  17     19  1.00  0.00
 5-10  18     11  1.00  0.00
10-15   1     11  0.38  0.62
10-15   2     12  0.38  0.62
10-15   3     10  0.38  0.62
10-15   4     37  0.38  0.62
10-15   5     13  0.38  0.62
10-15   6    123  0.38  0.62
10-15   7    260  0.38  0.62
10-15   8     29  0.38  0.62
10-15   9     12  0.38  0.62
10-15  10      4  0.38  0.62
10-15  11    110  0.38  0.62
10-15  12     83  0.38  0.62
10-15  13    159  0.38  0.62
10-15  14    125  0.38  0.62
10-15  15    290  0.38  0.62
10-15  16    397  0.38  0.62
10-15  17    168  0.38  0.62
10-15  18    117  0.38  0.62
15-20   1     87  1.00  0.00
15-20   2    148  1.00  0.00
15-20   3    112  1.00  0.00
15-20   4     61  1.00  0.00
15-20   5    101  1.00  0.00
15-20   6    284  1.00  0.00
15-20   7    265  1.00  0.00
15-20   8    380  1.00  0.00
15-20   9    307  1.00  0.00
15-20  10    132  1.00  0.00
15-20  11    258  1.00  0.00
15-20  12    300  1.00  0.00
15-20  13    350  1.00  0.00
15-20  14    267  1.00  0.00
15-20  15    403  1.00  0.00
15-20  16    570  1.00  0.00
15-20  17    374  1.00  0.00
15-20  18    339  1.00  0.00
20-30   1    193  1.00  0.00
20-30   2    814  1.00  0.00
20-30   3    324  1.00  0.00
20-30   4    350  1.00  0.00
20-30   5    288  1.00  0.00
20-30   6    507  1.00  0.00
20-30   7    294  1.00  0.00
20-30   8   1840  1.00  0.00
20-30   9    920  1.00  0.00
20-30  10    308  1.00  0.00
20-30  11   1108  1.00  0.00
20-30  12   1005  1.00  0.00
20-30  13    584  1.00  0.00
20-30  14    303  1.00  0.00
20-30  15    485  1.00  0.00
20-30  16    762  1.00  0.00
20-30  17    531  1.00  0.00
20-30  18    843  1.00  0.00
30-40   1     34  1.00  0.00
30-40   2     68  1.00  0.00
30-40   3     63  1.00  0.00
30-40   4    144  1.00  0.00
30-40   5     69  1.00  0.00
30-40   6     85  1.00  0.00
30-40   7     65  1.00  0.00
30-40   8     88  1.00  0.00
30-40   9     86  1.00  0.00
30-40  10     97  1.00  0.00
30-40  11    461  1.00  0.00
30-40  12    410  1.00  0.00
30-40  13    132  1.00  0.00
30-40  14     40  1.00  0.00
30-40  15     90  1.00  0.00
30-40  16    129  1.00  0.00
30-40  17    136  1.00  0.00
30-40  18    177  1.00  0.00
40-50   1      3  1.00  0.00
40-50   2      0  1.00  0.00
40-50   3      0  1.00  0.00
40-50   4     56  1.00  0.00
40-50   5      8  1.00  0.00
40-50   6      6  1.00  0.00
40-50   7      0  1.00  0.00
40-50   8      0  1.00  0.00
40-50   9      0  1.00  0.00
40-50  10      2  1.00  0.00
40-50  11    186  1.00  0.00
40-50  12     54  1.00  0.00
40-50  13      5  1.00  0.00
40-50  14      0  1.00  0.00
40-50  15      0  1.00  0.00
40-50  16      0  1.00  0.00
40-50  17     23  1.00  0.00
40-50  18      8  1.00  0.00
50-60   1      0  1.00  0.00
50-60   2      0  1.00  0.00
50-60   3      0  1.00  0.00
50-60   4     51  1.00  0.00
50-60   5      0  1.00  0.00
50-60   6      0  1.00  0.00
50-60   7      0  1.00  0.00
50-60   8      0  1.00  0.00
50-60   9      0  1.00  0.00
50-60  10      0  1.00  0.00
50-60  11    108  1.00  0.00
50-60  12     27  1.00  0.00
50-60  13      0  1.00  0.00
50-60  14      0  1.00  0.00
50-60  15      0  1.00  0.00
50-60  16      0  1.00  0.00
50-60  17      0  1.00  0.00
50-60  18      0  1.00  0.00
60-70   1      0  0.00  0.00
60-70   2      0  0.00  0.00
60-70   3      0  0.00  0.00
60-70   4      0  0.00  0.00
60-70   5      0  0.00  0.00
60-70   6      0  0.00  0.00
60-70   7      0  0.00  0.00
60-70   8      0  0.00  0.00
60-70   9      0  0.00  0.00
60-70  10      0  0.00  0.00
60-70  11      0  0.00  0.00
60-70  12      0  0.00  0.00
60-70  13      0  0.00  0.00
60-70  14      0  0.00  0.00
60-70  15      0  0.00  0.00
60-70  16      0  0.00  0.00
60-70  17      0  0.00  0.00
60-70  18      0  0.00  0.00


  40                   : lake code
KCA                 Hanslit-Martin-Osborne Survey
000201                 : date
SIMRAD               2 : 1 = FURUNO FM 22  /  2 = SIMRAD
10   : Sounder Gain    : Sounder Gain

1Feb00/24Feb00/BH/EYM/20069/0/0/0/10/51/84                                                                    

depth / transect / targets / %sockeye / %stickleback

  2-5   1      1  0.07  0.93
  2-5   2      8  0.07  0.93
  2-5   3      4  0.07  0.93
  2-5   4      3  0.07  0.93
  2-5   5      4  0.07  0.93
  2-5   6      2  0.07  0.93
  2-5   7      0  0.07  0.93
  2-5   8      0  0.00  0.00
  2-5   9      0  0.00  0.00
  2-5  10      0  0.00  0.00
  2-5  11      0  0.00  0.00
  2-5  12      0  0.00  0.00
  2-5  13      0  0.00  0.00
  2-5  14      0  0.00  0.00
  2-5  15      0  0.00  0.00
  2-5  16      0  0.00  0.00
  3-5   1      0  0.00  0.00
  3-5   2      0  0.00  0.00
  3-5   3      0  0.00  0.00
  3-5   4      0  0.00  0.00
  3-5   5      0  0.00  0.00
  3-5   6      0  0.00  0.00
  3-5   7      0  0.00  0.00
  3-5   8      0  0.00  0.00
  3-5   9      0  0.00  0.00
  3-5  10      0  0.00  0.00
  3-5  11      0  0.00  0.00
  3-5  12      0  0.00  0.00
  3-5  13      0  0.00  0.00
  3-5  14      0  0.00  0.00
  3-5  15      0  0.00  0.00
  3-5  16      0  0.00  0.00
 5-10   1     32  0.07  0.93
 5-10   2     33  0.07  0.93
 5-10   3     11  0.07  0.93
 5-10   4      8  0.07  0.93
 5-10   5      9  0.07  0.93
 5-10   6     13  0.07  0.93
 5-10   7      3  0.07  0.93
 5-10   8      0  0.00  0.00
 5-10   9      0  0.00  0.00
 5-10  10      0  0.00  0.00
 5-10  11      0  0.00  0.00
 5-10  12      0  0.00  0.00
 5-10  13      0  0.00  0.00
 5-10  14      0  0.00  0.00
 5-10  15      0  0.00  0.00
 5-10  16      0  0.00  0.00
10-15   1    138  0.07  0.93
10-15   2     65  0.07  0.93
10-15   3     17  0.07  0.93
10-15   4      7  0.07  0.93
10-15   5     21  0.07  0.93
10-15   6      8  0.07  0.93
10-15   7     10  0.07  0.93
10-15   8      0  0.00  0.00
10-15   9      0  0.00  0.00
10-15  10      0  0.00  0.00
10-15  11      0  0.00  0.00
10-15  12      0  0.00  0.00
10-15  13      0  0.00  0.00
10-15  14      0  0.00  0.00
10-15  15      0  0.00  0.00
10-15  16      0  0.00  0.00
15-20   1    135  0.07  0.93
15-20   2    155  0.07  0.93
15-20   3     21  0.07  0.93
15-20   4      8  0.07  0.93
15-20   5     57  0.07  0.93
15-20   6     16  0.07  0.93
15-20   7     25  0.07  0.93
15-20   8      0  0.00  0.00
15-20   9      0  0.00  0.00
15-20  10      0  0.00  0.00
15-20  11      0  0.00  0.00
15-20  12      0  0.00  0.00
15-20  13      0  0.00  0.00
15-20  14      0  0.00  0.00
15-20  15      0  0.00  0.00
15-20  16      0  0.00  0.00
20-30   1    410  0.32  0.68
20-30   2    610  0.32  0.68
20-30   3    161  0.32  0.68
20-30   4     31  0.32  0.68
20-30   5     52  0.32  0.68
20-30   6     70  0.32  0.68
20-30   7     50  0.32  0.68
20-30   8      0  0.00  0.00
20-30   9      0  0.00  0.00
20-30  10      0  0.00  0.00
20-30  11      0  0.00  0.00
20-30  12      0  0.00  0.00
20-30  13      0  0.00  0.00
20-30  14      0  0.00  0.00
20-30  15      0  0.00  0.00
20-30  16      0  0.00  0.00
30-40   1    128  0.14  0.86
30-40   2    510  0.14  0.86
30-40   3    211  0.14  0.86
30-40   4     30  0.14  0.86
30-40   5    129  0.14  0.86
30-40   6     74  0.14  0.86
30-40   7     69  0.14  0.86
30-40   8      0  0.00  0.00
30-40   9      0  0.00  0.00
30-40  10      0  0.00  0.00
30-40  11      0  0.00  0.00
30-40  12      0  0.00  0.00
30-40  13      0  0.00  0.00
30-40  14      0  0.00  0.00
30-40  15      0  0.00  0.00
30-40  16      0  0.00  0.00
40-50   1     31  0.66  0.33
40-50   2    442  0.66  0.33
40-50   3    238  0.66  0.33
40-50   4     22  0.66  0.33
40-50   5     55  0.66  0.33
40-50   6     65  0.66  0.33
40-50   7     74  0.66  0.33
40-50   8      0  0.00  0.00
40-50   9      0  0.00  0.00
40-50  10      0  0.00  0.00
40-50  11      0  0.00  0.00
40-50  12      0  0.00  0.00
40-50  13      0  0.00  0.00
40-50  14      0  0.00  0.00
40-50  15      0  0.00  0.00
40-50  16      0  0.00  0.00
50-60   1      6  0.66  0.33
50-60   2    230  0.66  0.33
50-60   3    257  0.66  0.33
50-60   4     20  0.66  0.33
50-60   5    153  0.66  0.33
50-60   6     47  0.66  0.33
50-60   7     38  0.66  0.33
50-60   8      0  0.00  0.00
50-60   9      0  0.00  0.00
50-60  10      0  0.00  0.00
50-60  11      0  0.00  0.00
50-60  12      0  0.00  0.00
50-60  13      0  0.00  0.00
50-60  14      0  0.00  0.00
50-60  15      0  0.00  0.00
50-60  16      0  0.00  0.00
60-70   1      0  0.66  0.33
60-70   2      0  0.66  0.33
60-70   3     90  0.66  0.33
60-70   4      1  0.66  0.33
60-70   5     66  0.66  0.33
60-70   6      9  0.66  0.33
60-70   7      8  0.66  0.33
60-70   8      0  0.00  0.00
60-70   9      0  0.00  0.00
60-70  10      0  0.00  0.00
60-70  11      0  0.00  0.00
60-70  12      0  0.00  0.00
60-70  13      0  0.00  0.00
60-70  14      0  0.00  0.00
60-70  15      0  0.00  0.00
60-70  16      0  0.00  0.00


  41                   : lake code
KMA                 Hanslit-Martin Survey
000202                 : date
SIMRAD               2 : 1 = FURUNO FM 22  /  2 = SIMRAD
10   : Sounder Gain    : Sounder Gain

2Feb00/1Mar00/BH/EYM/20069/0/0/0/17/32/468                                                                    

depth / transect / targets / %sockeye / %stickleback

  2-5   1      0  0.00  1.00
  2-5   2     10  0.00  1.00
  2-5   3      6  0.00  1.00
  2-5   4      5  0.00  1.00
  2-5   5      6  0.00  1.00
  2-5   6      4  0.00  1.00
  2-5   7      0  0.00  1.00
  2-5   8      0  0.00  0.00
  2-5   9      0  0.00  0.00
  2-5  10      0  0.00  0.00
  2-5  11      0  0.00  0.00
  2-5  12      0  0.00  0.00
  2-5  13      0  0.00  0.00
  2-5  14      0  0.00  0.00
  2-5  15      0  0.00  0.00
  3-5   1      0  0.00  0.00
  3-5   2      0  0.00  0.00
  3-5   3      0  0.00  0.00
  3-5   4      0  0.00  0.00
  3-5   5      0  0.00  0.00
  3-5   6      0  0.00  0.00
  3-5   7      0  0.00  0.00
  3-5   8      0  0.00  0.00
  3-5   9      0  0.00  0.00
  3-5  10      0  0.00  0.00
  3-5  11      0  0.00  0.00
  3-5  12      0  0.00  0.00
  3-5  13      0  0.00  0.00
  3-5  14      0  0.00  0.00
  3-5  15      0  0.00  0.00
 5-10   1     22  0.00  1.00
 5-10   2    135  0.00  1.00
 5-10   3     53  0.00  1.00
 5-10   4     27  0.00  1.00
 5-10   5     34  0.00  1.00
 5-10   6     55  0.00  1.00
 5-10   7     38  0.00  1.00
 5-10   8      0  0.00  0.00
 5-10   9      0  0.00  0.00
 5-10  10      0  0.00  0.00
 5-10  11      0  0.00  0.00
 5-10  12      0  0.00  0.00
 5-10  13      0  0.00  0.00
 5-10  14      0  0.00  0.00
 5-10  15      0  0.00  0.00
10-15   1    128  0.00  1.00
10-15   2    331  0.00  1.00
10-15   3    169  0.00  1.00
10-15   4    175  0.00  1.00
10-15   5    115  0.00  1.00
10-15   6    212  0.00  1.00
10-15   7    110  0.00  1.00
10-15   8      0  0.00  0.00
10-15   9      0  0.00  0.00
10-15  10      0  0.00  0.00
10-15  11      0  0.00  0.00
10-15  12      0  0.00  0.00
10-15  13      0  0.00  0.00
10-15  14      0  0.00  0.00
10-15  15      0  0.00  0.00
15-20   1     81  0.02  0.98
15-20   2    296  0.02  0.98
15-20   3    204  0.02  0.98
15-20   4    136  0.02  0.98
15-20   5     95  0.02  0.98
15-20   6    152  0.02  0.98
15-20   7     99  0.02  0.98
15-20   8      0  0.00  0.00
15-20   9      0  0.00  0.00
15-20  10      0  0.00  0.00
15-20  11      0  0.00  0.00
15-20  12      0  0.00  0.00
15-20  13      0  0.00  0.00
15-20  14      0  0.00  0.00
15-20  15      0  0.00  0.00
20-30   1    287  0.02  0.98
20-30   2    424  0.02  0.98
20-30   3    305  0.02  0.98
20-30   4    314  0.02  0.98
20-30   5    316  0.02  0.98
20-30   6    114  0.02  0.98
20-30   7    104  0.02  0.98
20-30   8      0  0.00  0.00
20-30   9      0  0.00  0.00
20-30  10      0  0.00  0.00
20-30  11      0  0.00  0.00
20-30  12      0  0.00  0.00
20-30  13      0  0.00  0.00
20-30  14      0  0.00  0.00
20-30  15      0  0.00  0.00
30-40   1    170  0.12  0.88
30-40   2    298  0.12  0.88
30-40   3    324  0.12  0.88
30-40   4    238  0.12  0.88
30-40   5    251  0.12  0.88
30-40   6     43  0.12  0.88
30-40   7      0  0.00  0.00
30-40   8      0  0.00  0.00
30-40   9      0  0.00  0.00
30-40  10      0  0.00  0.00
30-40  11      0  0.00  0.00
30-40  12      0  0.00  0.00
30-40  13      0  0.00  0.00
30-40  14      0  0.00  0.00
30-40  15      0  0.00  0.00
40-50   1     48  0.12  0.88
40-50   2    141  0.12  0.88
40-50   3    193  0.12  0.88
40-50   4    110  0.12  0.88
40-50   5     58  0.12  0.88
40-50   6      0  0.00  0.00
40-50   7      0  0.00  0.00
40-50   8      0  0.00  0.00
40-50   9      0  0.00  0.00
40-50  10      0  0.00  0.00
40-50  11      0  0.00  0.00
40-50  12      0  0.00  0.00
40-50  13      0  0.00  0.00
40-50  14      0  0.00  0.00
40-50  15      0  0.00  0.00
50-60   1     12  0.12  0.88
50-60   2    131  0.12  0.88
50-60   3     47  0.12  0.88
50-60   4     26  0.12  0.88
50-60   5      0  0.00  0.00
50-60   6      0  0.00  0.00
50-60   7      0  0.00  0.00
50-60   8      0  0.00  0.00
50-60   9      0  0.00  0.00
50-60  10      0  0.00  0.00
50-60  11      0  0.00  0.00
50-60  12      0  0.00  0.00
50-60  13      0  0.00  0.00
50-60  14      0  0.00  0.00
50-60  15      0  0.00  0.00
60-70   1      0  0.12  0.88
60-70   2     21  0.12  0.88
60-70   3      4  0.12  0.88
60-70   4      7  0.12  0.88
60-70   5      0  0.00  0.00
60-70   6      0  0.00  0.00
60-70   7      0  0.00  0.00
60-70   8      0  0.00  0.00
60-70   9      0  0.00  0.00
60-70  10      0  0.00  0.00
60-70  11      0  0.00  0.00
60-70  12      0  0.00  0.00
60-70  13      0  0.00  0.00
60-70  14      0  0.00  0.00
60-70  15      0  0.00  0.00


 801                   : lake code
Long Lk (A)         Hanslit-Shardlow Survey
990906                 : date
SIMRAD               2 : 1 = FURUNO FM 22  /  2 = SIMRAD
10   : Sounder Gain    : Sounder Gain

6Sep99/23Nov99/BH/EYM/20069/0/0/0/18/377/24                                                                   

depth / transect / targets / %sockeye / %stickleback

  2-5   1      7  0.51  0.49
  2-5   2     22  0.51  0.49
  2-5   3     21  0.51  0.49
  2-5   4     32  0.51  0.49
  2-5   5     42  0.51  0.49
  2-5   6     69  0.51  0.49
  2-5   7     59  0.51  0.49
  2-5   8     72  0.51  0.49
  2-5   9    122  0.51  0.49
  3-5   1      0  0.00  0.00
  3-5   2      0  0.00  0.00
  3-5   3      0  0.00  0.00
  3-5   4      0  0.00  0.00
  3-5   5      0  0.00  0.00
  3-5   6      0  0.00  0.00
  3-5   7      0  0.00  0.00
  3-5   8      0  0.00  0.00
  3-5   9      0  0.00  0.00
 5-10   1     29  0.95  0.05
 5-10   2     97  0.95  0.05
 5-10   3    164  0.95  0.05
 5-10   4    166  0.95  0.05
 5-10   5    114  0.95  0.05
 5-10   6    149  0.95  0.05
 5-10   7    236  0.95  0.05
 5-10   8    596  0.95  0.05
 5-10   9    458  0.95  0.05
10-15   1     54  0.98  0.02
10-15   2    185  0.98  0.02
10-15   3    228  0.98  0.02
10-15   4    299  0.98  0.02
10-15   5    192  0.98  0.02
10-15   6    345  0.98  0.02
10-15   7    538  0.98  0.02
10-15   8    823  0.98  0.02
10-15   9    751  0.98  0.02
15-20   1     51  1.00  0.00
15-20   2    196  1.00  0.00
15-20   3    219  1.00  0.00
15-20   4    214  1.00  0.00
15-20   5    163  1.00  0.00
15-20   6    408  1.00  0.00
15-20   7    509  1.00  0.00
15-20   8    764  1.00  0.00
15-20   9    695  1.00  0.00
20-30   1     45  1.00  0.00
20-30   2    153  1.00  0.00
20-30   3    148  1.00  0.00
20-30   4    167  1.00  0.00
20-30   5     98  1.00  0.00
20-30   6    249  1.00  0.00
20-30   7    447  1.00  0.00
20-30   8    610  1.00  0.00
20-30   9    549  1.00  0.00
30-40   1     10  1.00  0.00
30-40   2      6  1.00  0.00
30-40   3     14  1.00  0.00
30-40   4     16  1.00  0.00
30-40   5     15  1.00  0.00
30-40   6     33  1.00  0.00
30-40   7     40  1.00  0.00
30-40   8     41  1.00  0.00
30-40   9     83  1.00  0.00
40-50   1      2  1.00  0.00
40-50   2      1  1.00  0.00
40-50   3      0  1.00  0.00
40-50   4      1  1.00  0.00
40-50   5      3  1.00  0.00
40-50   6     11  1.00  0.00
40-50   7      0  1.00  0.00
40-50   8     12  1.00  0.00
40-50   9     60  1.00  0.00
50-60   1      0  1.00  0.00
50-60   2      0  1.00  0.00
50-60   3      0  1.00  0.00
50-60   4      0  1.00  0.00
50-60   5      0  1.00  0.00
50-60   6      0  1.00  0.00
50-60   7      0  1.00  0.00
50-60   8      0  1.00  0.00
50-60   9     47  1.00  0.00
60-70   1      0  1.00  0.00
60-70   2      0  1.00  0.00
60-70   3      0  1.00  0.00
60-70   4      0  1.00  0.00
60-70   5      0  1.00  0.00
60-70   6      0  1.00  0.00
60-70   7      0  1.00  0.00
60-70   8      0  1.00  0.00
60-70   9      0  1.00  0.00


 802                   : lake code
Long Lk (B)         Hanslit-Shardlow Survey
990906                 : date
SIMRAD               2 : 1 = FURUNO FM 22  /  2 = SIMRAD
10   : Sounder Gain    : Sounder Gain

6Sep99/23Nov99/BH/EYM/20069/9/522/3                                                                           

depth / transect / targets / %sockeye / %stickleback

  2-5   1    246  1.00  0.00
  2-5   2     24  1.00  0.00
  2-5   3    195  1.00  0.00
  2-5   4     64  1.00  0.00
  2-5   5    483  1.00  0.00
  2-5   6    159  1.00  0.00
  2-5   7    150  1.00  0.00
  3-5   1      0  0.00  0.00
  3-5   2      0  0.00  0.00
  3-5   3      0  0.00  0.00
  3-5   4      0  0.00  0.00
  3-5   5      0  0.00  0.00
  3-5   6      0  0.00  0.00
  3-5   7      0  0.00  0.00
 5-10   1    443  0.98  0.02
 5-10   2     29  0.98  0.02
 5-10   3    367  0.98  0.02
 5-10   4     95  0.98  0.02
 5-10   5    623  0.98  0.02
 5-10   6    404  0.98  0.02
 5-10   7    252  0.98  0.02
10-15   1    406  1.00  0.00
10-15   2     19  1.00  0.00
10-15   3    281  1.00  0.00
10-15   4     82  1.00  0.00
10-15   5    501  1.00  0.00
10-15   6    359  1.00  0.00
10-15   7    156  1.00  0.00
15-20   1    221  1.00  0.00
15-20   2      9  1.00  0.00
15-20   3    137  1.00  0.00
15-20   4     27  1.00  0.00
15-20   5    268  1.00  0.00
15-20   6    198  1.00  0.00
15-20   7     68  1.00  0.00
20-30   1    101  1.00  0.00
20-30   2     10  1.00  0.00
20-30   3     58  1.00  0.00
20-30   4     21  1.00  0.00
20-30   5    131  1.00  0.00
20-30   6     72  1.00  0.00
20-30   7     39  1.00  0.00
30-40   1      9  1.00  0.00
30-40   2      0  1.00  0.00
30-40   3      1  1.00  0.00
30-40   4      6  1.00  0.00
30-40   5     11  1.00  0.00
30-40   6     15  1.00  0.00
30-40   7     19  1.00  0.00
40-50   1      5  1.00  0.00
40-50   2      0  1.00  0.00
40-50   3      0  1.00  0.00
40-50   4      2  1.00  0.00
40-50   5      2  1.00  0.00
40-50   6      9  1.00  0.00
40-50   7      7  1.00  0.00
50-60   1      0  1.00  0.00
50-60   2      0  1.00  0.00
50-60   3      0  1.00  0.00
50-60   4      2  1.00  0.00
50-60   5      0  1.00  0.00
50-60   6      4  1.00  0.00
50-60   7     10  1.00  0.00
60-70   1      0  1.00  0.00
60-70   2      0  1.00  0.00
60-70   3      0  1.00  0.00
60-70   4      0  1.00  0.00
60-70   5      0  1.00  0.00
60-70   6      0  1.00  0.00
60-70   7      0  1.00  0.00


  44                   : lake code
Muriel Lk           Hanslit Survey
000208                 : date
SIMRAD               2 : 1 = FURUNO FM 22  /  2 = SIMRAD
10   : Sounder Gain    : Sounder Gain
Target count #'s include both large and small targ
8Feb00/24Feb00/BH/EYM/20069/0/0/0/10/20/2                                                                     

depth / transect / targets / %sockeye / %stickleback

  2-5   1      0  1.00  0.00
  2-5   2      0  1.00  0.00
  2-5   3      1  1.00  0.00
  2-5   4      0  1.00  0.00
  2-5   5      2  1.00  0.00
  2-5   6      0  1.00  0.00
  2-5   7      0  1.00  0.00
  2-5   8      0  1.00  0.00
  2-5   9      0  1.00  0.00
  2-5  10      0  1.00  0.00
  3-5   1      0  0.00  0.00
  3-5   2      0  0.00  0.00
  3-5   3      0  0.00  0.00
  3-5   4      0  0.00  0.00
  3-5   5      0  0.00  0.00
  3-5   6      0  0.00  0.00
  3-5   7      0  0.00  0.00
  3-5   8      0  0.00  0.00
  3-5   9      0  0.00  0.00
  3-5  10      0  0.00  0.00
 5-10   1      0  1.00  0.00
 5-10   2      4  1.00  0.00
 5-10   3      8  1.00  0.00
 5-10   4     13  1.00  0.00
 5-10   5     15  1.00  0.00
 5-10   6     18  1.00  0.00
 5-10   7     47  1.00  0.00
 5-10   8      8  1.00  0.00
 5-10   9      4  1.00  0.00
 5-10  10     12  1.00  0.00
10-15   1      5  1.00  0.00
10-15   2      9  1.00  0.00
10-15   3     15  1.00  0.00
10-15   4     21  1.00  0.00
10-15   5     53  1.00  0.00
10-15   6     44  1.00  0.00
10-15   7    122  1.00  0.00
10-15   8     33  1.00  0.00
10-15   9     16  1.00  0.00
10-15  10     25  1.00  0.00
15-20   1      7  1.00  0.00
15-20   2      5  1.00  0.00
15-20   3      8  1.00  0.00
15-20   4     28  1.00  0.00
15-20   5     53  1.00  0.00
15-20   6     68  1.00  0.00
15-20   7     76  1.00  0.00
15-20   8     26  1.00  0.00
15-20   9     13  1.00  0.00
15-20  10     14  1.00  0.00
20-30   1      0  0.00  0.00
20-30   2      6  0.81  0.19
20-30   3      9  0.81  0.19
20-30   4     20  0.81  0.19
20-30   5     77  0.81  0.19
20-30   6    113  0.81  0.19
20-30   7     43  0.81  0.19
20-30   8     17  0.81  0.19
20-30   9      5  0.81  0.19
20-30  10      0  0.00  0.00
30-40   1      0  0.00  0.00
30-40   2      2  0.81  0.00
30-40   3      1  0.81  0.00
30-40   4      2  0.81  0.00
30-40   5     13  0.81  0.00
30-40   6     11  0.81  0.00
30-40   7     11  0.81  0.00
30-40   8      4  0.81  0.00
30-40   9      4  0.81  0.00
30-40  10      0  0.00  0.00
40-50   1      0  0.00  0.00
40-50   2      0  0.00  0.00
40-50   3      0  0.00  0.00
40-50   4      0  0.00  0.00
40-50   5      0  0.00  0.00
40-50   6      0  0.00  0.00
40-50   7      0  0.00  0.00
40-50   8      0  0.00  0.00
40-50   9      0  0.00  0.00
40-50  10      0  0.00  0.00


 238                   : lake code
Osoyoos Lk (N)      Hanslit-Machin
990528                 : date
SIMRAD               2 : 1 = FURUNO FM 22  /  2 = SIMRAD
10   : Sounder Gain    : Sounder Gain
4 Night Survey
28May99/10Jun99/BH/EYM/20060/0/0/0/8/1/0                                                                      

depth / transect / targets / %sockeye / %stickleback

  2-5   1      0  1.00  0.00
  2-5   2      0  1.00  0.00
  2-5   3      0  1.00  0.00
  2-5   4      0  1.00  0.00
  2-5   5      0  1.00  0.00
  2-5   6      0  1.00  0.00
  2-5   7      0  1.00  0.00
  2-5   8      0  1.00  0.00
  2-5   9      0  1.00  0.00
  2-5  10      0  1.00  0.00
  3-5   1      0  0.00  0.00
  3-5   2      0  0.00  0.00
  3-5   3      0  0.00  0.00
  3-5   4      0  0.00  0.00
  3-5   5      0  0.00  0.00
  3-5   6      0  0.00  0.00
  3-5   7      0  0.00  0.00
  3-5   8      0  0.00  0.00
  3-5   9      0  0.00  0.00
  3-5  10      0  0.00  0.00
 5-10   1     12  1.00  0.00
 5-10   2     27  1.00  0.00
 5-10   3     30  1.00  0.00
 5-10   4     28  1.00  0.00
 5-10   5     25  1.00  0.00
 5-10   6     23  1.00  0.00
 5-10   7     51  1.00  0.00
 5-10   8      6  1.00  0.00
 5-10   9     14  1.00  0.00
 5-10  10     36  1.00  0.00
10-15   1     13  1.00  0.00
10-15   2     36  1.00  0.00
10-15   3     68  1.00  0.00
10-15   4     74  1.00  0.00
10-15   5     13  1.00  0.00
10-15   6     12  1.00  0.00
10-15   7     52  1.00  0.00
10-15   8     37  1.00  0.00
10-15   9     65  1.00  0.00
10-15  10    126  1.00  0.00
15-20   1      2  1.00  0.00
15-20   2     10  1.00  0.00
15-20   3     25  1.00  0.00
15-20   4     16  1.00  0.00
15-20   5      4  1.00  0.00
15-20   6      4  1.00  0.00
15-20   7     20  1.00  0.00
15-20   8     26  1.00  0.00
15-20   9     32  1.00  0.00
15-20  10     41  1.00  0.00
20-30   1      1  1.00  0.00
20-30   2      9  1.00  0.00
20-30   3     10  1.00  0.00
20-30   4      8  1.00  0.00
20-30   5      4  1.00  0.00
20-30   6     10  1.00  0.00
20-30   7     10  1.00  0.00
20-30   8      4  1.00  0.00
20-30   9     16  1.00  0.00
20-30  10     12  1.00  0.00
30-40   1      2  1.00  0.00
30-40   2      2  1.00  0.00
30-40   3      2  1.00  0.00
30-40   4      1  1.00  0.00
30-40   5      0  1.00  0.00
30-40   6      1  1.00  0.00
30-40   7      3  1.00  0.00
30-40   8      0  1.00  0.00
30-40   9      4  1.00  0.00
30-40  10      0  1.00  0.00


 238                   : lake code
Osoyoos Lk (N)      Hanslit - Machin Survey
990925                 : date
SIMRAD               2 : 1 = FURUNO FM 22  /  2 = SIMRAD
10   : Sounder Gain    : Sounder Gain

25Sep99/1Nov99/BH/EYM/20069/0/0/0/10/3/0                                                                      

depth / transect / targets / %sockeye / %stickleback

  2-5   1      1  1.00  0.00
  2-5   2      4  1.00  0.00
  2-5   3      0  1.00  0.00
  2-5   4     13  1.00  0.00
  2-5   5      2  1.00  0.00
  2-5   6      4  1.00  0.00
  2-5   7      0  1.00  0.00
  2-5   8      3  1.00  0.00
  2-5   9      2  1.00  0.00
  2-5  10      6  1.00  0.00
  3-5   1      0  0.00  0.00
  3-5   2      0  0.00  0.00
  3-5   3      0  0.00  0.00
  3-5   4      0  0.00  0.00
  3-5   5      0  0.00  0.00
  3-5   6      0  0.00  0.00
  3-5   7      0  0.00  0.00
  3-5   8      0  0.00  0.00
  3-5   9      0  0.00  0.00
  3-5  10      0  0.00  0.00
 5-10   1      9  1.00  0.00
 5-10   2     18  1.00  0.00
 5-10   3      0  1.00  0.00
 5-10   4     14  1.00  0.00
 5-10   5      5  1.00  0.00
 5-10   6      3  1.00  0.00
 5-10   7      4  1.00  0.00
 5-10   8      8  1.00  0.00
 5-10   9     28  1.00  0.00
 5-10  10     17  1.00  0.00
10-15   1      9  1.00  0.00
10-15   2     18  1.00  0.00
10-15   3      4  1.00  0.00
10-15   4     16  1.00  0.00
10-15   5     13  1.00  0.00
10-15   6      4  1.00  0.00
10-15   7     12  1.00  0.00
10-15   8      9  1.00  0.00
10-15   9     35  1.00  0.00
10-15  10     30  1.00  0.00
15-20   1     19  1.00  0.00
15-20   2     12  1.00  0.00
15-20   3     16  1.00  0.00
15-20   4     16  1.00  0.00
15-20   5     16  1.00  0.00
15-20   6     10  1.00  0.00
15-20   7     44  1.00  0.00
15-20   8     23  1.00  0.00
15-20   9     20  1.00  0.00
15-20  10     25  1.00  0.00
20-30   1     44  1.00  0.00
20-30   2    152  1.00  0.00
20-30   3    109  1.00  0.00
20-30   4    132  1.00  0.00
20-30   5     66  1.00  0.00
20-30   6     94  1.00  0.00
20-30   7    225  1.00  0.00
20-30   8    114  1.00  0.00
20-30   9    156  1.00  0.00
20-30  10     78  1.00  0.00
30-40   1     40  1.00  0.00
30-40   2     80  1.00  0.00
30-40   3     83  1.00  0.00
30-40   4    146  1.00  0.00
30-40   5     52  1.00  0.00
30-40   6     46  1.00  0.00
30-40   7    202  1.00  0.00
30-40   8     69  1.00  0.00
30-40   9     70  1.00  0.00
30-40  10     26  1.00  0.00


 241                   : lake code
Skaha Lk            Hanslit-Machin Survey
990814                 : date
SIMRAD               2 : 1 = FURUNO FM 22  /  2 = SIMRAD
10   : Sounder Gain   : Sounder Gain
Both open and closed targets counted
14Aug99/4May00/BH/EYM/20069/0/0/0/7/3/0                                                                       

depth / transect / targets / %sockeye / %stickleback

  2-5   1      5  1.00  0.00
  2-5   2      2  1.00  0.00
  2-5   3      3  1.00  0.00
  2-5   4      0  1.00  0.00
  2-5   5      0  1.00  0.00
  2-5   6      0  1.00  0.00
  3-5   1      0  0.00  0.00
  3-5   2      0  0.00  0.00
  3-5   3      0  0.00  0.00
  3-5   4      0  0.00  0.00
  3-5   5      0  0.00  0.00
  3-5   6      0  0.00  0.00
 5-10   1     10  0.00  0.00
 5-10   2      1  1.00  0.00
 5-10   3      2  1.00  0.00
 5-10   4      1  1.00  0.00
 5-10   5      1  1.00  0.00
 5-10   6      2  1.00  0.00
10-15   1     30  1.00  0.00
10-15   2     19  1.00  0.00
10-15   3     25  1.00  0.00
10-15   4      2  1.00  0.00
10-15   5      1  1.00  0.00
10-15   6     26  1.00  0.00
15-20   1     32  1.00  0.00
15-20   2     23  1.00  0.00
15-20   3     47  1.00  0.00
15-20   4     12  1.00  0.00
15-20   5      8  1.00  0.00
15-20   6      0  0.00  0.00
20-30   1     55  1.00  0.00
20-30   2    119  1.00  0.00
20-30   3    108  1.00  0.00
20-30   4     30  1.00  0.00
20-30   5     51  1.00  0.00
20-30   6      0  0.00  0.00
30-40   1     71  1.00  0.00
30-40   2     99  1.00  0.00
30-40   3     43  1.00  0.00
30-40   4      0  0.00  0.00
30-40   5     11  1.00  0.00
30-40   6      0  0.00  0.00
40-50   1     35  1.00  0.00
40-50   2     32  1.00  0.00
40-50   3     10  1.00  0.00
40-50   4      0  0.00  0.00
40-50   5      0  0.00  0.00
40-50   6      0  0.00  0.00
50-60   1      0  1.00  0.00
50-60   2      5  1.00  0.00
50-60   3      0  1.00  0.00
50-60   4      0  0.00  0.00
50-60   5      0  0.00  0.00
50-60   6      0  0.00  0.00
60-70   1      0  0.00  0.00
60-70   2      0  0.00  0.00
60-70   3      0  0.00  0.00
60-70   4      0  0.00  0.00
60-70   5      0  0.00  0.00
60-70   6      0  0.00  0.00


 241                   : lake code
Skaha Lk            Hanslit-Machin Survey
990923                 : date
SIMRAD               2 : 1 = FURUNO FM 22  /  2 = SIMRAD
10   : Sounder Gain

23Sep99/6May00/BH/EYM/20069/0/0/0/10/1/0                                                                      

depth / transect / targets / %sockeye / %stickleback

  2-5   1      3  1.00  0.00
  2-5   2     10  1.00  0.00
  2-5   3      3  1.00  0.00
  2-5   4      4  1.00  0.00
  2-5   5      2  1.00  0.00
  2-5   6      4  1.00  0.00
  3-5   1      0  0.00  0.00
  3-5   2      0  0.00  0.00
  3-5   3      0  0.00  0.00
  3-5   4      0  0.00  0.00
  3-5   5      0  0.00  0.00
  3-5   6      0  0.00  0.00
 5-10   1     10  1.00  0.00
 5-10   2     39  1.00  0.00
 5-10   3     23  1.00  0.00
 5-10   4     12  1.00  0.00
 5-10   5      3  1.00  0.00
 5-10   6     13  1.00  0.00
10-15   1     16  1.00  0.00
10-15   2     16  1.00  0.00
10-15   3     29  1.00  0.00
10-15   4     11  1.00  0.00
10-15   5      1  1.00  0.00
10-15   6     14  1.00  0.00
15-20   1     33  1.00  0.00
15-20   2     13  1.00  0.00
15-20   3     20  1.00  0.00
15-20   4      5  1.00  0.00
15-20   5     15  1.00  0.00
15-20   6      1  1.00  0.00
20-30   1     67  1.00  0.00
20-30   2     55  1.00  0.00
20-30   3     63  1.00  0.00
20-30   4     24  1.00  0.00
20-30   5     28  1.00  0.00
20-30   6      0  0.00  0.00
30-40   1    102  1.00  0.00
30-40   2    155  1.00  0.00
30-40   3     99  1.00  0.00
30-40   4      0  0.00  0.00
30-40   5     48  1.00  0.00
30-40   6      0  0.00  0.00
40-50   1     40  1.00  0.00
40-50   2     82  1.00  0.00
40-50   3     39  1.00  0.00
40-50   4      0  0.00  0.00
40-50   5      0  0.00  0.00
40-50   6      0  0.00  0.00
50-60   1      0  0.00  0.00
50-60   2      5  1.00  0.00
50-60   3      1  1.00  0.00
50-60   4      0  0.00  0.00
50-60   5      0  0.00  0.00
50-60   6      0  0.00  0.00
60-70   1      0  0.00  0.00
60-70   2      0  0.00  0.00
60-70   3      0  0.00  0.00
60-70   4      0  0.00  0.00
60-70   5      0  0.00  0.00
60-70   6      0  0.00  0.00


 156                   : lake code
Skidegate Lk ne     Haida Survey
991111                 : date
SIMRAD               2 : 1 = FURUNO FM 22  /  2 = SIMRAD
10   : Sounder Gain    : Sounder Gain

11Nov99/7Mar00/BH/EYM/20069/0/0/0/7/11/18cottid                                                               

depth / transect / targets / %sockeye / %stickleback

  2-5   1      1  1.00  0.00
  2-5   2      4  1.00  0.00
  2-5   3      0  1.00  0.00
  2-5   4      5  1.00  0.00
  2-5   5      1  1.00  0.00
  2-5   6      5  1.00  0.00
  2-5   7     11  1.00  0.00
  3-5   1      0  0.00  0.00
  3-5   2      0  0.00  0.00
  3-5   3      0  0.00  0.00
  3-5   4      0  0.00  0.00
  3-5   5      0  0.00  0.00
  3-5   6      0  0.00  0.00
  3-5   7      0  0.00  0.00
 5-10   1     18  1.00  0.00
 5-10   2     36  1.00  0.00
 5-10   3     13  1.00  0.00
 5-10   4     56  1.00  0.00
 5-10   5     18  1.00  0.00
 5-10   6     80  1.00  0.00
 5-10   7     35  1.00  0.00
10-15   1     28  1.00  0.00
10-15   2     58  1.00  0.00
10-15   3     15  1.00  0.00
10-15   4     92  1.00  0.00
10-15   5     18  1.00  0.00
10-15   6     74  1.00  0.00
10-15   7     31  1.00  0.00
15-20   1      0  0.00  0.00
15-20   2     52  0.28  0.72
15-20   3     18  0.28  0.72
15-20   4     57  0.28  0.72
15-20   5      0  0.00  0.00
15-20   6     66  0.28  0.72
15-20   7     46  0.28  0.72


 155                   : lake code
Skidegate Lk sw     Haida Survey
991111                 : date
SIMRAD               2 : 1 = FURUNO FM 22  /  2 = SIMRAD
10   : Sounder Gain    : Sounder Gain

11Nov99/7Mar00/BH/EYM/20069/0/0/0/7/11/18Cottid                                                               

depth / transect / targets / %sockeye / %stickleback

  2-5   1      3  1.00  0.00
  2-5   2      7  1.00  0.00
  2-5   3     17  1.00  0.00
  3-5   1      0  0.00  0.00
  3-5   2      0  0.00  0.00
  3-5   3      0  0.00  0.00
 5-10   1     10  1.00  0.00
 5-10   2     27  1.00  0.00
 5-10   3     70  1.00  0.00


   2                   : lake code
Sproat Lk           Poor Survey
990627                 : date
SIMRAD               2 : 1 = FURUNO FM 22  /  2 = SIMRAD
10   : Sounder Gain    : Sounder Gain
Hanslit - McQueen
27Jun99/7Jul99/BH/EYM/20069/0/0/0/10/59/0                                                                     

depth / transect / targets / %sockeye / %stickleback

  2-5   1      4  1.00  0.00
  2-5   2     17  1.00  0.00
  2-5   3      8  1.00  0.00
  2-5   4     41  1.00  0.00
  2-5   5      9  1.00  0.00
  2-5   6      3  1.00  0.00
  2-5   7     18  1.00  0.00
  2-5   8     12  1.00  0.00
  2-5   9      3  1.00  0.00
  2-5  10      0  1.00  0.00
  2-5  11      1  1.00  0.00
  3-5   1      0  0.00  0.00
  3-5   2      0  0.00  0.00
  3-5   3      0  0.00  0.00
  3-5   4      0  0.00  0.00
  3-5   5      0  0.00  0.00
  3-5   6      0  0.00  0.00
  3-5   7      0  0.00  0.00
  3-5   8      0  0.00  0.00
  3-5   9      0  0.00  0.00
  3-5  10      0  0.00  0.00
  3-5  11      0  0.00  0.00
 5-10   1     41  1.00  0.00
 5-10   2     38  1.00  0.00
 5-10   3     57  1.00  0.00
 5-10   4    103  1.00  0.00
 5-10   5    212  1.00  0.00
 5-10   6     58  1.00  0.00
 5-10   7    155  1.00  0.00
 5-10   8     95  1.00  0.00
 5-10   9     10  1.00  0.00
 5-10  10     10  1.00  0.00
 5-10  11     17  1.00  0.00
10-15   1     33  1.00  0.00
10-15   2     36  1.00  0.00
10-15   3     32  1.00  0.00
10-15   4    132  1.00  0.00
10-15   5    133  1.00  0.00
10-15   6    368  1.00  0.00
10-15   7    232  1.00  0.00
10-15   8    143  1.00  0.00
10-15   9    180  1.00  0.00
10-15  10    205  1.00  0.00
10-15  11    401  1.00  0.00
15-20   1     40  1.00  0.00
15-20   2     32  1.00  0.00
15-20   3     34  1.00  0.00
15-20   4     82  1.00  0.00
15-20   5     81  1.00  0.00
15-20   6    268  1.00  0.00
15-20   7     65  1.00  0.00
15-20   8     42  1.00  0.00
15-20   9    129  1.00  0.00
15-20  10    124  1.00  0.00
15-20  11    208  1.00  0.00
20-30   1     63  1.00  0.00
20-30   2     70  1.00  0.00
20-30   3     42  1.00  0.00
20-30   4    137  1.00  0.00
20-30   5    106  1.00  0.00
20-30   6    328  1.00  0.00
20-30   7     55  1.00  0.00
20-30   8     33  1.00  0.00
20-30   9     73  1.00  0.00
20-30  10    115  1.00  0.00
20-30  11    143  1.00  0.00
30-40   1     29  1.00  0.00
30-40   2     13  1.00  0.00
30-40   3      3  1.00  0.00
30-40   4     75  1.00  0.00
30-40   5     50  1.00  0.00
30-40   6    154  1.00  0.00
30-40   7     18  1.00  0.00
30-40   8     13  1.00  0.00
30-40   9     27  1.00  0.00
30-40  10     42  1.00  0.00
30-40  11     29  1.00  0.00
40-50   1      1  1.00  0.00
40-50   2      2  1.00  0.00
40-50   3      6  1.00  0.00
40-50   4     38  1.00  0.00
40-50   5     14  1.00  0.00
40-50   6     10  1.00  0.00
40-50   7      0  1.00  0.00
40-50   8      0  1.00  0.00
40-50   9      9  1.00  0.00
40-50  10      3  1.00  0.00
40-50  11      0  1.00  0.00
50-60   1      2  1.00  0.00
50-60   2      0  1.00  0.00
50-60   3      0  1.00  0.00
50-60   4     25  1.00  0.00
50-60   5      0  1.00  0.00
50-60   6      0  1.00  0.00
50-60   7      0  1.00  0.00
50-60   8      0  1.00  0.00
50-60   9      5  1.00  0.00
50-60  10      0  1.00  0.00
50-60  11      0  1.00  0.00
60-70   1      0  0.00  0.00
60-70   2      0  0.00  0.00
60-70   3      0  0.00  0.00
60-70   4      0  0.00  0.00
60-70   5      0  0.00  0.00
60-70   6      0  0.00  0.00
60-70   7      0  0.00  0.00
60-70   8      0  0.00  0.00
60-70   9      0  0.00  0.00
60-70  10      0  0.00  0.00
60-70  11      0  0.00  0.00
70-80   1      0  0.00  0.00
70-80   2      0  0.00  0.00
70-80   3      0  0.00  0.00
70-80   4      0  0.00  0.00
70-80   5      0  0.00  0.00
70-80   6      0  0.00  0.00
70-80   7      0  0.00  0.00
70-80   8      0  0.00  0.00
70-80   9      0  0.00  0.00
70-80  10      0  0.00  0.00
70-80  11      0  0.00  0.00


   2                   : lake code
Sproat Lk           Rankin-Hanslit Survey
990721                 : date
SIMRAD               2 : 1 = FURUNO FM 22  /  2 = SIMRAD
10   : Sounder Gain    : Sounder Gain

21Jul99/25Jan00/BH/EYM/20069/0/0/0/7/218/0                                                                    

depth / transect / targets / %sockeye / %stickleback

  2-5   1      3  1.00  0.00
  2-5   2      2  1.00  0.00
  2-5   3      0  1.00  0.00
  2-5   4      0  1.00  0.00
  2-5   5      0  1.00  0.00
  2-5   6      7  1.00  0.00
  2-5   7      5  1.00  0.00
  2-5   8      3  1.00  0.00
  2-5   9      0  1.00  0.00
  2-5  10      0  1.00  0.00
  2-5  11      0  1.00  0.00
  3-5   1      0  0.00  0.00
  3-5   2      0  0.00  0.00
  3-5   3      0  0.00  0.00
  3-5   4      0  0.00  0.00
  3-5   5      0  0.00  0.00
  3-5   6      0  0.00  0.00
  3-5   7      0  0.00  0.00
  3-5   8      0  0.00  0.00
  3-5   9      0  0.00  0.00
  3-5  10      0  0.00  0.00
  3-5  11      0  0.00  0.00
 5-10   1     54  1.00  0.00
 5-10   2    126  1.00  0.00
 5-10   3    163  1.00  0.00
 5-10   4      0  1.00  0.00
 5-10   5      0  1.00  0.00
 5-10   6     65  1.00  0.00
 5-10   7     82  1.00  0.00
 5-10   8     72  1.00  0.00
 5-10   9     57  1.00  0.00
 5-10  10     64  1.00  0.00
 5-10  11     69  1.00  0.00
10-15   1     51  1.00  0.00
10-15   2     70  1.00  0.00
10-15   3    167  1.00  0.00
10-15   4    207  1.00  0.00
10-15   5    260  1.00  0.00
10-15   6    310  1.00  0.00
10-15   7    299  1.00  0.00
10-15   8    243  1.00  0.00
10-15   9    257  1.00  0.00
10-15  10    337  1.00  0.00
10-15  11    627  1.00  0.00
15-20   1     15  1.00  0.00
15-20   2     16  1.00  0.00
15-20   3     61  1.00  0.00
15-20   4    280  1.00  0.00
15-20   5    301  1.00  0.00
15-20   6    342  1.00  0.00
15-20   7    308  1.00  0.00
15-20   8    213  1.00  0.00
15-20   9    196  1.00  0.00
15-20  10    361  1.00  0.00
15-20  11    692  1.00  0.00
20-30   1     11  1.00  0.00
20-30   2     18  1.00  0.00
20-30   3     47  1.00  0.00
20-30   4    295  1.00  0.00
20-30   5    145  1.00  0.00
20-30   6    233  1.00  0.00
20-30   7     90  1.00  0.00
20-30   8     65  1.00  0.00
20-30   9     42  1.00  0.00
20-30  10    106  1.00  0.00
20-30  11    311  1.00  0.00
30-40   1      4  1.00  0.00
30-40   2      3  1.00  0.00
30-40   3      0  1.00  0.00
30-40   4     30  1.00  0.00
30-40   5     13  1.00  0.00
30-40   6     17  1.00  0.00
30-40   7      0  1.00  0.00
30-40   8      3  1.00  0.00
30-40   9      5  1.00  0.00
30-40  10      6  1.00  0.00
30-40  11     19  1.00  0.00
40-50   1      3  1.00  0.00
40-50   2      0  1.00  0.00
40-50   3      0  1.00  0.00
40-50   4      0  1.00  0.00
40-50   5      0  1.00  0.00
40-50   6      5  1.00  0.00
40-50   7      0  1.00  0.00
40-50   8      0  1.00  0.00
40-50   9      1  1.00  0.00
40-50  10      4  1.00  0.00
40-50  11      0  1.00  0.00
50-60   1      0  1.00  0.00
50-60   2      0  1.00  0.00
50-60   3      0  1.00  0.00
50-60   4      0  1.00  0.00
50-60   5      0  1.00  0.00
50-60   6      1  1.00  0.00
50-60   7      0  1.00  0.00
50-60   8      0  1.00  0.00
50-60   9      0  1.00  0.00
50-60  10      0  1.00  0.00
50-60  11      0  1.00  0.00
60-70   1      0  1.00  0.00
60-70   2      0  1.00  0.00
60-70   3      0  1.00  0.00
60-70   4      0  1.00  0.00
60-70   5      0  1.00  0.00
60-70   6      0  1.00  0.00
60-70   7      0  1.00  0.00
60-70   8      0  1.00  0.00
60-70   9      0  1.00  0.00
60-70  10      0  1.00  0.00
60-70  11      0  1.00  0.00
70-80   1      0  1.00  0.00
70-80   2      0  1.00  0.00
70-80   3      0  1.00  0.00
70-80   4      0  1.00  0.00
70-80   5      0  1.00  0.00
70-80   6      0  1.00  0.00
70-80   7      0  1.00  0.00
70-80   8      0  1.00  0.00
70-80   9      0  1.00  0.00
70-80  10      0  1.00  0.00
70-80  11      0  1.00  0.00


   2                   : lake code
Sproat Lk           Rankin-Hanslit Survey
991130                 : date
SIMRAD               2 : 1 = FURUNO FM 22  /  2 = SIMRAD
10   : Sounder Gain    : Sounder Gain

30Nov99/25Jan00/BH/EYM/20069/0/0/0/8/64/0/                                                                    

depth / transect / targets / %sockeye / %stickleback

  2-5   1     13  1.00  0.00
  2-5   2      7  1.00  0.00
  2-5   3     10  1.00  0.00
  2-5   4     22  1.00  0.00
  2-5   5      0  1.00  0.00
  2-5   6      2  1.00  0.00
  2-5   7      9  1.00  0.00
  2-5   8      6  1.00  0.00
  2-5   9      6  1.00  0.00
  2-5  10     19  1.00  0.00
  2-5  11      3  1.00  0.00
  3-5   1      0  0.00  0.00
  3-5   2      0  0.00  0.00
  3-5   3      0  0.00  0.00
  3-5   4      0  0.00  0.00
  3-5   5      0  0.00  0.00
  3-5   6      0  0.00  0.00
  3-5   7      0  0.00  0.00
  3-5   8      0  0.00  0.00
  3-5   9      0  0.00  0.00
  3-5  10      0  0.00  0.00
  3-5  11      0  0.00  0.00
 5-10   1    102  1.00  0.00
 5-10   2     79  1.00  0.00
 5-10   3     52  1.00  0.00
 5-10   4     68  1.00  0.00
 5-10   5     30  1.00  0.00
 5-10   6     36  1.00  0.00
 5-10   7     63  1.00  0.00
 5-10   8     58  1.00  0.00
 5-10   9     34  1.00  0.00
 5-10  10    116  1.00  0.00
 5-10  11     14  1.00  0.00
10-15   1    162  1.00  0.00
10-15   2    162  1.00  0.00
10-15   3    147  1.00  0.00
10-15   4    126  1.00  0.00
10-15   5     63  1.00  0.00
10-15   6     90  1.00  0.00
10-15   7    110  1.00  0.00
10-15   8     98  1.00  0.00
10-15   9     72  1.00  0.00
10-15  10    170  1.00  0.00
10-15  11     41  1.00  0.00
15-20   1    144  1.00  0.00
15-20   2    157  1.00  0.00
15-20   3    235  1.00  0.00
15-20   4    286  1.00  0.00
15-20   5    213  1.00  0.00
15-20   6    219  1.00  0.00
15-20   7    180  1.00  0.00
15-20   8    157  1.00  0.00
15-20   9    171  1.00  0.00
15-20  10    331  1.00  0.00
15-20  11    149  1.00  0.00
20-30   1    200  1.00  0.00
20-30   2    373  1.00  0.00
20-30   3    396  1.00  0.00
20-30   4    529  1.00  0.00
20-30   5    505  1.00  0.00
20-30   6    460  1.00  0.00
20-30   7    245  1.00  0.00
20-30   8    385  1.00  0.00
20-30   9    419  1.00  0.00
20-30  10    702  1.00  0.00
20-30  11    525  1.00  0.00
30-40   1     29  1.00  0.00
30-40   2    133  1.00  0.00
30-40   3    173  1.00  0.00
30-40   4    442  1.00  0.00
30-40   5    328  1.00  0.00
30-40   6    227  1.00  0.00
30-40   7    133  1.00  0.00
30-40   8    163  1.00  0.00
30-40   9    337  1.00  0.00
30-40  10    312  1.00  0.00
30-40  11    219  1.00  0.00
40-50   1     23  1.00  0.00
40-50   2     85  1.00  0.00
40-50   3    204  1.00  0.00
40-50   4    260  1.00  0.00
40-50   5    113  1.00  0.00
40-50   6     45  1.00  0.00
40-50   7     47  1.00  0.00
40-50   8    173  1.00  0.00
40-50   9     72  1.00  0.00
40-50  10     74  1.00  0.00
40-50  11    113  1.00  0.00
50-60   1     17  1.00  0.00
50-60   2     85  1.00  0.00
50-60   3    119  1.00  0.00
50-60   4    208  1.00  0.00
50-60   5     70  1.00  0.00
50-60   6     16  1.00  0.00
50-60   7     45  1.00  0.00
50-60   8    158  1.00  0.00
50-60   9     54  1.00  0.00
50-60  10     73  1.00  0.00
50-60  11     48  1.00  0.00
60-70   1      0  1.00  0.00
60-70   2      0  1.00  0.00
60-70   3     60  1.00  0.00
60-70   4     71  1.00  0.00
60-70   5      0  1.00  0.00
60-70   6      0  1.00  0.00
60-70   7     80  1.00  0.00
60-70   8    241  1.00  0.00
60-70   9      0  1.00  0.00
60-70  10      0  1.00  0.00
60-70  11      0  1.00  0.00
70-80   1      0  0.00  0.00
70-80   2      0  0.00  0.00
70-80   3     13  1.00  0.00
70-80   4     20  1.00  0.00
70-80   5    163  1.00  0.00
70-80   6      0  0.00  0.00
70-80   7      0  0.00  0.00
70-80   8      0  0.00  0.00
70-80   9      0  0.00  0.00
70-80  10      0  0.00  0.00
70-80  11      0  0.00  0.00


 238                   : lake code
Osoyoos Lk (N)      Hanslit - Machin Survey
990811                 : date
SIMRAD               2 : 1 = FURUNO FM 22  /  2 = SIMRAD
1-   : Sounder Gain    : Sounder Gain

11Aug99/1Nov99/BH/EYM/20069/0/0/0/5/10/0                                                                      

depth / transect / targets / %sockeye / %stickleback

  2-5   1      3  1.00  0.00
  2-5   2     22  1.00  0.00
  2-5   3      2  1.00  0.00
  2-5   4      0  1.00  0.00
  2-5   5     12  1.00  0.00
  2-5   6      0  1.00  0.00
  2-5   7      2  1.00  0.00
  2-5   8      4  1.00  0.00
  2-5   9      1  1.00  0.00
  2-5  10      4  1.00  0.00
  3-5   1      0  0.00  0.00
  3-5   2      0  0.00  0.00
  3-5   3      0  0.00  0.00
  3-5   4      0  0.00  0.00
  3-5   5      0  0.00  0.00
  3-5   6      0  0.00  0.00
  3-5   7      0  0.00  0.00
  3-5   8      0  0.00  0.00
  3-5   9      0  0.00  0.00
  3-5  10      0  0.00  0.00
 5-10   1     13  1.00  0.00
 5-10   2     11  1.00  0.00
 5-10   3      3  1.00  0.00
 5-10   4      0  1.00  0.00
 5-10   5     10  1.00  0.00
 5-10   6      1  1.00  0.00
 5-10   7      5  1.00  0.00
 5-10   8      8  1.00  0.00
 5-10   9      4  1.00  0.00
 5-10  10      9  1.00  0.00
10-15   1     18  1.00  0.00
10-15   2     10  1.00  0.00
10-15   3      5  1.00  0.00
10-15   4      4  1.00  0.00
10-15   5     13  1.00  0.00
10-15   6      4  1.00  0.00
10-15   7      6  1.00  0.00
10-15   8     11  1.00  0.00
10-15   9      4  1.00  0.00
10-15  10      3  1.00  0.00
15-20   1     19  1.00  0.00
15-20   2     14  1.00  0.00
15-20   3     31  1.00  0.00
15-20   4     39  1.00  0.00
15-20   5     33  1.00  0.00
15-20   6     22  1.00  0.00
15-20   7     29  1.00  0.00
15-20   8     31  1.00  0.00
15-20   9     38  1.00  0.00
15-20  10    130  1.00  0.00
20-30   1     60  1.00  0.00
20-30   2    102  1.00  0.00
20-30   3    111  1.00  0.00
20-30   4    128  1.00  0.00
20-30   5     73  1.00  0.00
20-30   6    114  1.00  0.00
20-30   7    131  1.00  0.00
20-30   8     74  1.00  0.00
20-30   9    134  1.00  0.00
20-30  10    156  1.00  0.00
30-40   1     14  1.00  0.00
30-40   2     38  1.00  0.00
30-40   3     29  1.00  0.00
30-40   4     82  1.00  0.00
30-40   5     36  1.00  0.00
30-40   6     24  1.00  0.00
30-40   7     53  1.00  0.00
30-40   8      0  1.00  0.00
30-40   9     89  1.00  0.00
30-40  10     38  1.00  0.00


  64                   : lake code
Tahltan Lk          processed by PR, 03Nov99.
991011                 : date
SIMRAD               2 : 1 = FURUNO FM 22  /  2 = SIMRAD
10   : Sounder Gain    : Sounder Gain
ocst,calm,snw,AT2-3,ST7-8.
11Oct99/03Nov99/PR/EYM/20128//1/0/0/6/0/0.                                                                    

depth / transect / targets / %sockeye / %stickleback

  2-5   1      2  1.00  0.00
  2-5   2      1  1.00  0.00
  2-5   3      1  1.00  0.00
  2-5   4      0  1.00  0.00
  2-5   5      0  1.00  0.00
  2-5   6      0  1.00  0.00
  2-5   7      1  1.00  0.00
  2-5   8      0  1.00  0.00
  2-5   9      0  1.00  0.00
  2-5  10      0  1.00  0.00
  2-5  11      0  1.00  0.00
  2-5  12      0  1.00  0.00
  2-5  13      0  1.00  0.00
  2-5  14      0  1.00  0.00
  3-5   1      0  0.00  0.00
  3-5   2      0  0.00  0.00
  3-5   3      0  0.00  0.00
  3-5   4      0  0.00  0.00
  3-5   5      0  0.00  0.00
  3-5   6      0  0.00  0.00
  3-5   7      0  0.00  0.00
  3-5   8      0  0.00  0.00
  3-5   9      0  0.00  0.00
  3-5  10      0  0.00  0.00
  3-5  11      0  0.00  0.00
  3-5  12      0  0.00  0.00
  3-5  13      0  0.00  0.00
  3-5  14      0  0.00  0.00
 5-10   1      4  1.00  0.00
 5-10   2      4  1.00  0.00
 5-10   3      2  1.00  0.00
 5-10   4      0  1.00  0.00
 5-10   5      0  1.00  0.00
 5-10   6      0  1.00  0.00
 5-10   7      0  1.00  0.00
 5-10   8      2  1.00  0.00
 5-10   9      0  1.00  0.00
 5-10  10      2  1.00  0.00
 5-10  11      0  1.00  0.00
 5-10  12      0  1.00  0.00
 5-10  13      2  1.00  0.00
 5-10  14      3  1.00  0.00
10-15   1      7  1.00  0.00
10-15   2     17  1.00  0.00
10-15   3      4  1.00  0.00
10-15   4      1  1.00  0.00
10-15   5      1  1.00  0.00
10-15   6      3  1.00  0.00
10-15   7      3  1.00  0.00
10-15   8      3  1.00  0.00
10-15   9      5  1.00  0.00
10-15  10      3  1.00  0.00
10-15  11      1  1.00  0.00
10-15  12      3  1.00  0.00
10-15  13      6  1.00  0.00
10-15  14      8  1.00  0.00
15-20   1     26  1.00  0.00
15-20   2     41  1.00  0.00
15-20   3     29  1.00  0.00
15-20   4     15  1.00  0.00
15-20   5      5  1.00  0.00
15-20   6      3  1.00  0.00
15-20   7     18  1.00  0.00
15-20   8      9  1.00  0.00
15-20   9     30  1.00  0.00
15-20  10      7  1.00  0.00
15-20  11      6  1.00  0.00
15-20  12      6  1.00  0.00
15-20  13     19  1.00  0.00
15-20  14     35  1.00  0.00
20-30   1     89  1.00  0.00
20-30   2    274  1.00  0.00
20-30   3    278  1.00  0.00
20-30   4    107  1.00  0.00
20-30   5     58  1.00  0.00
20-30   6     85  1.00  0.00
20-30   7     95  1.00  0.00
20-30   8     99  1.00  0.00
20-30   9    152  1.00  0.00
20-30  10     34  1.00  0.00
20-30  11    111  1.00  0.00
20-30  12    103  1.00  0.00
20-30  13    179  1.00  0.00
20-30  14    304  1.00  0.00
30-40   1    167  1.00  0.00
30-40   2    239  1.00  0.00
30-40   3    419  1.00  0.00
30-40   4    118  1.00  0.00
30-40   5    121  1.00  0.00
30-40   6      0  0.00  0.00
30-40   7      0  0.00  0.00
30-40   8      0  0.00  0.00
30-40   9      0  0.00  0.00
30-40  10      0  0.00  0.00
30-40  11    115  1.00  0.00
30-40  12    194  1.00  0.00
30-40  13    139  1.00  0.00
30-40  14    420  1.00  0.00


  66                   : lake code
Tatsamenie Lk       processed by PR,03Nov99.
991014                 : date
SIMRAD               2 : 1 = FURUNO FM 22  /  2 = SIMRAD
10   : Sounder Gain    : Sounder Gain
nomn,lgtsnw,ocst,brgtaurora17th
14Oct99/03Nov99/PR/EYM/20128/1/0/0/18/27/0.                                                                   

depth / transect / targets / %sockeye / %stickleback

  2-5   1      0  1.00  0.00
  2-5   2      0  1.00  0.00
  2-5   3      0  1.00  0.00
  2-5   4      0  1.00  0.00
  2-5   5      0  1.00  0.00
  2-5   6      0  1.00  0.00
  2-5   7      0  1.00  0.00
  2-5   8      0  0.00  0.00
  2-5   9      0  0.00  0.00
  2-5  10      0  0.00  0.00
  2-5  11      0  0.00  0.00
  2-5  12      0  0.00  0.00
  2-5  13      0  0.00  0.00
  2-5  14      0  0.00  0.00
  2-5  15      0  0.00  0.00
  2-5  16      0  0.00  0.00
  3-5   1      0  0.00  0.00
  3-5   2      0  0.00  0.00
  3-5   3      0  0.00  0.00
  3-5   4      0  0.00  0.00
  3-5   5      0  0.00  0.00
  3-5   6      0  0.00  0.00
  3-5   7      0  0.00  0.00
  3-5   8      0  0.00  0.00
  3-5   9      0  0.00  0.00
  3-5  10      0  0.00  0.00
  3-5  11      0  0.00  0.00
  3-5  12      0  0.00  0.00
  3-5  13      0  0.00  0.00
  2-5  14      0  0.00  0.00
  2-5  15      0  0.00  0.00
  2-5  16      0  0.00  0.00
 5-10   1      4  1.00  0.00
 5-10   2      4  1.00  0.00
 5-10   3     10  1.00  0.00
 5-10   4     12  1.00  0.00
 5-10   5      1  1.00  0.00
 5-10   6      1  1.00  0.00
 5-10   7      0  1.00  0.00
 5-10   8      0  0.00  0.00
 5-10   9      0  0.00  0.00
 5-10  10      0  0.00  0.00
 5-10  11      0  0.00  0.00
 5-10  12      0  0.00  0.00
 5-10  13      0  0.00  0.00
 5-10  14      0  0.00  0.00
 5-10  15      0  0.00  0.00
 5-10  16      0  0.00  0.00
10-15   1      2  1.00  0.00
10-15   2      8  1.00  0.00
10-15   3     21  1.00  0.00
10-15   4     25  1.00  0.00
10-15   5      9  1.00  0.00
10-15   6      1  1.00  0.00
10-15   7      1  1.00  0.00
10-15   8      0  0.00  0.00
10-15   9      0  0.00  0.00
10-15  10      0  0.00  0.00
10-15  11      0  0.00  0.00
10-15  12      0  0.00  0.00
10-15  13      0  0.00  0.00
10-15  14      0  0.00  0.00
10-15  15      0  0.00  0.00
10-15  16      0  0.00  0.00
15-20   1      3  1.00  0.00
15-20   2      4  1.00  0.00
15-20   3     17  1.00  0.00
15-20   4     20  1.00  0.00
15-20   5      4  1.00  0.00
15-20   6      3  1.00  0.00
15-20   7      4  1.00  0.00
15-20   8      0  0.00  0.00
15-20   9      0  0.00  0.00
15-20  10      0  0.00  0.00
15-20  11      0  0.00  0.00
15-20  12      0  0.00  0.00
15-20  13      0  0.00  0.00
15-20  14      0  0.00  0.00
15-20  15      0  0.00  0.00
15-20  16      0  0.00  0.00
20-30   1     11  1.00  0.00
20-30   2     10  1.00  0.00
20-30   3     16  1.00  0.00
20-30   4     83  1.00  0.00
20-30   5     45  1.00  0.00
20-30   6      4  1.00  0.00
20-30   7     21  1.00  0.00
20-30   8      0  0.00  0.00
20-30   9      0  0.00  0.00
20-30  10      0  0.00  0.00
20-30  11      0  0.00  0.00
20-30  12      0  0.00  0.00
20-30  13      0  0.00  0.00
20-30  14      0  0.00  0.00
20-30  15      0  0.00  0.00
20-30  16      0  0.00  0.00
30-40   1     28  1.00  0.00
30-40   2     16  1.00  0.00
30-40   3     45  1.00  0.00
30-40   4     90  1.00  0.00
30-40   5     94  1.00  0.00
30-40   6     26  1.00  0.00
30-40   7     11  1.00  0.00
30-40   8      0  0.00  0.00
30-40   9      0  0.00  0.00
30-40  10      0  0.00  0.00
30-40  11      0  0.00  0.00
30-40  12      0  0.00  0.00
30-40  13      0  0.00  0.00
30-40  14      0  0.00  0.00
30-40  15      0  0.00  0.00
30-40  16      0  0.00  0.00
40-50   1     19  1.00  0.00
40-50   2     13  1.00  0.00
40-50   3     32  1.00  0.00
40-50   4     24  1.00  0.00
40-50   5     68  1.00  0.00
40-50   6     69  1.00  0.00
40-50   7      0  1.00  0.00
40-50   8      0  0.00  0.00
40-50   9      0  0.00  0.00
40-50  10      0  0.00  0.00
40-50  11      0  0.00  0.00
40-50  12      0  0.00  0.00
40-50  13      0  0.00  0.00
40-50  14      0  0.00  0.00
40-50  15      0  0.00  0.00
40-50  16      0  0.00  0.00
50-60   1     10  1.00  0.00
50-60   2      7  1.00  0.00
50-60   3     26  1.00  0.00
50-60   4      5  1.00  0.00
50-60   5     30  1.00  0.00
50-60   6     19  1.00  0.00
50-60   7      0  1.00  0.00
50-60   8      0  0.00  0.00
50-60   9      0  0.00  0.00
50-60  10      0  0.00  0.00
50-60  11      0  0.00  0.00
50-60  12      0  0.00  0.00
50-60  13      0  0.00  0.00
50-60  14      0  0.00  0.00
50-60  15      0  0.00  0.00
50-60  16      0  0.00  0.00


 175                   : lake code
Tuya Lk             processed by PR, 03Nov99.
990914                 : date
SIMRAD               2 : 1 = FURUNO FM 22  /  2 = SIMRAD
10   : Sounder Gain    : Sounder Gain
clr->ocst,lght-modwnd,lgtrn,AT7.5-9.5,ST9.
14Sep99/03Nov99/PR/EYM/20128//1/0/0/5/0/0/10.                                                                 

depth / transect / targets / %sockeye / %stickleback

  2-5   1     11  1.00  0.00
  2-5   2      0  1.00  0.00
  2-5   3      8  1.00  0.00
  2-5   4      5  1.00  0.00
  2-5   5     10  1.00  0.00
  2-5   6      0  1.00  0.00
  2-5   7      9  1.00  0.00
  2-5   8      0  1.00  0.00
  2-5   9      7  1.00  0.00
  2-5  10      2  1.00  0.00
  3-5   1      0  0.00  0.00
  3-5   2      0  0.00  0.00
  3-5   3      0  0.00  0.00
  3-5   4      0  0.00  0.00
  3-5   5      0  0.00  0.00
  3-5   6      0  0.00  0.00
  3-5   7      0  0.00  0.00
  3-5   8      0  0.00  0.00
  3-5   9      0  0.00  0.00
  3-5  10      0  0.00  0.00
 5-10   1     11  1.00  0.00
 5-10   2     15  1.00  0.00
 5-10   3     41  1.00  0.00
 5-10   4     43  1.00  0.00
 5-10   5     25  1.00  0.00
 5-10   6      5  1.00  0.00
 5-10   7     23  1.00  0.00
 5-10   8      3  1.00  0.00
 5-10   9     16  1.00  0.00
 5-10  10     78  1.00  0.00
10-15   1     27  1.00  0.00
10-15   2     34  1.00  0.00
10-15   3     51  1.00  0.00
10-15   4     40  1.00  0.00
10-15   5     25  1.00  0.00
10-15   6      0  0.00  0.00
10-15   7     43  1.00  0.00
10-15   8     22  1.00  0.00
10-15   9     30  1.00  0.00
10-15  10     45  1.00  0.00
15-20   1     12  0.00  1.00
15-20   2     80  0.00  1.00
15-20   3     40  0.00  1.00
15-20   4     58  0.00  1.00
15-20   5      3  0.00  1.00
15-20   6      0  0.00  0.00
15-20   7     37  0.00  1.00
15-20   8      4  0.00  1.00
15-20   9     38  0.00  1.00
15-20  10     34  0.00  1.00
20-30   1      4  0.00  1.00
20-30   2     25  0.00  1.00
20-30   3     20  0.00  1.00
20-30   4     28  0.00  1.00
20-30   5      0  0.00  0.00
20-30   6      0  0.00  0.00
20-30   7     10  0.00  1.00
20-30   8      2  0.00  1.00
20-30   9     38  0.00  1.00
20-30  10      7  0.00  1.00
30-40   1      0  0.00  0.00
30-40   2      2  0.00  1.00
30-40   3      0  0.00  1.00
30-40   4      0  0.00  1.00
30-40   5      0  0.00  0.00
30-40   6      0  0.00  0.00
30-40   7      0  0.00  1.00
30-40   8      0  0.00  0.00
30-40   9      0  0.00  1.00
30-40  10      0  0.00  1.00
40-50   1      0  0.00  0.00
40-50   2      0  0.00  0.00
40-50   3      0  0.00  0.00
40-50   4      0  0.00  0.00
40-50   5      0  0.00  0.00
40-50   6      0  0.00  0.00
40-50   7      0  0.00  1.00
40-50   8      0  0.00  0.00
40-50   9      0  0.00  1.00
40-50  10      0  0.00  1.00


  69                   : lake code
Yakoun Lk           Haida Survey
991126                 : date
SIMRAD               2 : 1 = FURUNO FM 22  /  2 = SIMRAD
10   : Sounder Gain    : Sounder Gain

26Nov99/7Mar00/BH/EYM/20069/0/0/0/4/0/0/                                                                      

depth / transect / targets / %sockeye / %stickleback

  2-5   1      0  1.00  0.00
  2-5   2      0  1.00  0.00
  2-5   3      0  1.00  0.00
  2-5   4      0  1.00  0.00
  2-5   5      0  1.00  0.00
  2-5   6      1  1.00  0.00
  2-5   7      0  1.00  0.00
  2-5   8      0  1.00  0.00
  2-5   9      0  1.00  0.00
  2-5  10      0  1.00  0.00
  2-5  11      0  1.00  0.00
  2-5  12      0  1.00  0.00
  3-5   1      0  0.00  0.00
  3-5   2      0  0.00  0.00
  3-5   3      0  0.00  0.00
  3-5   4      0  0.00  0.00
  3-5   5      0  0.00  0.00
  3-5   6      0  0.00  0.00
  3-5   7      0  0.00  0.00
  3-5   8      0  0.00  0.00
  3-5   9      0  0.00  0.00
  3-5  10      0  0.00  0.00
  3-5  11      0  0.00  0.00
  3-5  12      0  0.00  0.00
 5-10   1      3  1.00  0.00
 5-10   2     14  1.00  0.00
 5-10   3      1  1.00  0.00
 5-10   4      6  1.00  0.00
 5-10   5      7  1.00  0.00
 5-10   6     12  1.00  0.00
 5-10   7     21  1.00  0.00
 5-10   8     13  1.00  0.00
 5-10   9      6  1.00  0.00
 5-10  10      4  1.00  0.00
 5-10  11      5  1.00  0.00
 5-10  12      4  1.00  0.00
10-15   1     20  1.00  0.00
10-15   2     19  1.00  0.00
10-15   3      4  1.00  0.00
10-15   4     18  1.00  0.00
10-15   5     25  1.00  0.00
10-15   6     43  1.00  0.00
10-15   7     41  1.00  0.00
10-15   8     24  1.00  0.00
10-15   9     42  1.00  0.00
10-15  10     15  1.00  0.00
10-15  11     25  1.00  0.00
10-15  12     11  1.00  0.00
15-20   1     29  1.00  0.00
15-20   2     34  1.00  0.00
15-20   3     12  1.00  0.00
15-20   4      9  1.00  0.00
15-20   5     33  1.00  0.00
15-20   6     29  1.00  0.00
15-20   7     35  1.00  0.00
15-20   8     35  1.00  0.00
15-20   9     66  1.00  0.00
15-20  10     10  1.00  0.00
15-20  11     23  1.00  0.00
15-20  12     25  1.00  0.00
20-30   1     31  1.00  0.00
20-30   2     67  1.00  0.00
20-30   3      9  1.00  0.00
20-30   4     30  1.00  0.00
20-30   5     66  1.00  0.00
20-30   6     43  1.00  0.00
20-30   7     49  1.00  0.00
20-30   8     45  1.00  0.00
20-30   9     96  1.00  0.00
20-30  10     29  1.00  0.00
20-30  11     30  1.00  0.00
20-30  12     52  1.00  0.00
30-40   1      3  1.00  0.00
30-40   2     16  1.00  0.00
30-40   3      3  1.00  0.00
30-40   4     12  1.00  0.00
30-40   5     23  1.00  0.00
30-40   6      7  1.00  0.00
30-40   7      4  1.00  0.00
30-40   8      8  1.00  0.00
30-40   9     23  1.00  0.00
30-40  10      8  1.00  0.00
30-40  11      5  1.00  0.00
30-40  12      6  1.00  0.00
40-50   1      0  0.00  0.00
40-50   2      0  0.00  0.00
40-50   3      0  1.00  0.00
40-50   4      0  1.00  0.00
40-50   5      0  1.00  0.00
40-50   6      0  1.00  0.00
40-50   7      0  1.00  0.00
40-50   8      0  1.00  0.00
40-50   9      0  1.00  0.00
40-50  10      0  1.00  0.00
40-50  11      0  1.00  0.00
40-50  12      0  0.00  0.00
50-60   1      0  0.00  0.00
50-60   2      0  0.00  0.00
50-60   3      0  1.00  0.00
50-60   4      0  1.00  0.00
50-60   5      0  1.00  0.00
50-60   6      0  1.00  0.00
50-60   7      0  1.00  0.00
50-60   8      0  0.00  0.00
50-60   9      0  1.00  0.00
50-60  10      0  1.00  0.00
50-60  11      0  1.00  0.00
50-60  12      0  0.00  0.00
60-70   1      0  0.00  0.00
60-70   2      0  0.00  0.00
60-70   3      0  1.00  0.00
60-70   4      0  1.00  0.00
60-70   5      0  1.00  0.00
60-70   6      0  0.00  0.00
60-70   7      0  0.00  0.00
60-70   8      0  1.00  0.00
60-70   9      0  1.00  0.00
60-70  10      0  1.00  0.00
60-70  11      0  1.00  0.00
60-70  12      0  0.00  0.00
