010396
35 COOPER C.
1 GREAT CENTRAL LK
250195
2
2*2*7.5 NET
2
0006
15
16
2 STICKLEBACK
TR 2-3. VICKI WALKER.
1 10% FORMALIN - WGHD AFT 5 WKS
5
58
1.88
0

52
1.19
0

59
2.02
0
 
62
2.54
0

63
2.42
0

010396
35 COOPER C.
1 GREAT CENTRAL LK
250195
2
2*2*7.5 NET
3
0025
15
26
2 STICKLEBACK
TR 2-3. VICKI WALKER.
1 10% FORMALIN - WGHD AFT 5 WKS
2
58
1.97
0

59
2.12
0

010396
35   COOPER C.
1   GREAT CENTRAL LK
260195
2
2*2*7.5 NET
4
0051
15
35
2 STICKLEBACK
TR 2-3. VICKI WALKER.
1 10% FORMALIN - WGHD AFT 5 WKS
1
64
2.59
0

070396
35 COOPER C.
1 GREAT CENTRAL LK
260195
2
2*2*7.5 NET
5
0113
15
45
2 STICKLEBACK
TR 2-3. VICKI WALKER.
1 10% FORMALIN - WGHD AFT 5 WKS
1
62
2.46
0

070396
35 COOPER C.
1 GREAT CENTRAL LK
260195
2
2*2*7.5 NET
7
0216
15
16
2 STICKLEBACK
TR 4-5. VICKI WALKER.
1 10% FORMALIN - WGHD AFT 5 WKS
1
58
2.05
0

070396
35 COOPER C.
1 GREAT CENTRAL LK
260195
2
2*2*7.5 NET
8
0234
15
26
2 STICKLEBACK
TR 4-5. VICKI WALKER.
1 10% FORMALIN - WGHD AFT 5 WKS
13
63
2.67
0

63
2.6
0

58
2.16
0

64
2.65
0

55
1.54
0

62
2.48
0

62
2.47
0

53
1.32
0

59
2.09
0

45
.95
0

62
2.08
0

62
2.5
0

52
1.22
0

070396
35 COOPER C.
1 GREAT CENTRAL LK
260195
2
2*2*7.5 NET
9
0254
15
35
2 STICKLEBACK
TR 4-5. VICKI WALKER.
1 10% FORMALIN - WGHD AFT 5 WKS
4
52
1.48
0

55
1.71
0

53
1.68
0

62
2.65
0

070396
35 COOPER C.
1 GREAT CENTRAL LK
260195
2
2*2*7.5 NET
10
0320
15
45
2 STICKLEBACK
TR 5-6. VICKI WALKER.
1 10% FORMALIN - WGHD AFT 5 WKS
1
53
1.22
0

010396
35 COOPER C.
1 GREAT CENTRAL LK
250195
2
2*2*7.5 NET
2
0006
15
16
7 SOCKEYE (FRY)
TR 2-3. VICKI WALKER.
1 10% FORMALIN - WGHD AFT 5 WKS
1
52
1.31
0

010396
35  COOPER C.
1  GREAT CENTRAL LK
250195
2
2*2*7.5 NET
3
0025
15
26
7  SOCKEYE (FRY)
TR 2-3. VICKI WALKER.
1 10% FORMALIN - WGHD AFT 5 WKS
11
58
2.12
0

68
2.97
0

53
1.34
0

43
.81
0

60
2.16
0

56
1.64
0

54
1.44
0

58
1.97
0

43
.69
0

44
.71
0

47
.9
0

010396
35   COOPER C.
1   GREAT CENTRAL LK
260195
2
2*2*7.5 NET
4
0051
15
35
7   SOCKEYE (FRY)
TR 2-3. VICKI WALKER.
1 10% FORMALIN - WGHD AFT 5 WKS
30
49
.71
0

57
2.03
0

60
2.2
0

57
1.59
0

52
1.22
0

57
1.65
0

42
.63
0

50
1.14
0

49
1.11
0

50
1.26
0

51
1.23
0

49
1.06
0

58
1.91
0

58
1.84
0

52
1.3
0

45
.8
0

50
1.14
0

58
1.85
0

52
1.33
0

45
.85
0

48
1.04
0
 
47
1
0

60
2.43
0

50
1.16
0

44
.86
0

41
.63
0

48
1.12
0

58
2.02
0

63
2.47
0

72
3.69
0

070396
35 COOPER C.
1 GREAT CENTRAL LK
260195
2
2*2*7.5 NET
5
0113
15
45
7 SOCKEYE (FRY)
TR 2-3. VICKI WALKER.
1 10% FORMALIN - WGHD AFT 5 WKS
31
63
2.37
0

63
2.33
0

67
2.92
0

59
1.8
0

62
2.26
0

50
1.32
0

48
.98
0

43
.74
0

57
1.78
0

43
.75
0

63
2.45
0

58
1.75
0

61
2.15
0

46
.97
0

54
1.32
0

51
1.41
0

49
1.11
0

54
1.62
0

44
.8
0

47
.86
0

67
2.42
0

47
1.02
0

58
1.88
0

60
2.18
0

59
2.11
0

60
2.09
0

58
2
0

53
1.5
0

43
.8
0

56
1.76
0

62
2.46
0

070396
35 COOPER C.
1 GREAT CENTRAL LK
260195
2
2*2*7.5 NET
7
0216
15
16
7 SOCKEYE (FRY)
TR 4-5. VICKI WALKER.
1 10% FORMALIN - WGHD AFT 5 WKS
8
48
1
0

53
1.25
0

50
1.32
0

49
1.87
0

49
1.13
0

61
2.24
0

55
1.45
0

69
2.33
0

070396
35 COOPER C.
1 GREAT CENTRAL LK
260195
2
2*2*7.5 NET
8
0234
15
26
7 SOCKEYE (FRY)
TR 4-5. VICKI WALKER.
1 10% FORMALIN - WGHD AFT 5 WKS
20
65
2.72
0

47
.87
0

44
.86
0

55
1.56
0

65
2.44
0

53
1.54
0

60
1.69
0

55
1.68
0

59
1.96
0

44
.86
0

64
2.32
0

57
1.7
0

63
2.22
0

62
2.35
0

61
2.27
0

39
.64
0

50
1.27
0

62
2.24
0

51
1.28
0

45
.79
0

070396
35 COOPER C.
1 GREAT CENTRAL LK
260195
2
2*2*7.5 NET
9
0254
15
35
7 SOCKEYE (FRY)
TR 4-5. VICKI WALKER.
1 10% FORMALIN - WGHD AFT 5 WKS
35
55
1.61
0

59
1.89
0

53
1.46
0

48
1.09
0

48
.89
0

58
1.99
0

62
2.17
0

51
1.32
0

53
1.34
0

50
1.39
0

50
1.17
0

52
1.7
0

56
1.56
0

51
1.29
0

42
.64
0

50
1.01
0

44
.83
0

54
1.37
0

40
.58
0

43
.67
0

59
1.89
0

59
1.74
0

52
1.56
0

53
1.5
0

46
.83
0

48
1.06
0

47
.99
0

52
1.33
0

60
2.17
0

47
.46
0

45
.78
0

41
.72
0

44
.8
0

53
1.45
0
 
43
.78
0
 
070396
35 COOPER C.
1 GREAT CENTRAL LK
260195
2
2*2*7.5 NET
10
0320
15
45
7 SOCKEYE (FRY)
TR 5-6. VICKI WALKER.
1 10% FORMALIN - WGHD AFT 5 WKS
26
52
1.4
0

61
2.2
0

39
.55
0

56
1.66
0

52
1.24
0

59
2.17
0

58
1.89
0

52
1.43
0

62
2.25
0

44
.74
0

55
1.72
0

57
1.99
0

49
1.28
0

49
1.11
0

57
1.72
0

61
2.22
0

51
1.21
0

66
2.58
0

50
1.29
0

45
.78
0

51
1.35
0

54
1.46
0

56
1.52
0

49
1.11
0

58
1.42
0

80
6.02
1
A
290296
35 COOPER C.
3 HENDERSON LK
010395
2
2*2*7.5 NET
3
2115
15
8
2 STICKLEBACK
TR 2-3.VICKI WALKER.
1 10% FORMALIN - WGHD AFT 5 WKS
1
45
.87
0

290296
35    COOPER C.
3    HENDERSON LK
010395
2
2*2*7.5 NET
5
2155
15
17
2 STICKLEBACK
TR 3-4. VICKI WALKER.
1 10% FORMALIN - WGHD AFT 5 WKS
1
58
2.05
0

010396
35 COOPER C.
3 HENDERSON LK
010395
2
2*2*7.5 NET
9
2325
15
8
2 STICKLEBACK
TR 4-5. VICKI WALKER.
1 10% FORMALIN - WGHD AFT 5 WKS
1
59
1.45
0

290296
35 COOPER C.
3 HENDERSON LK
010395
2
2*2*7.5 NET
1
2033
15
0
7 SOCKEYE (FRY)
TR 1-2.VICKI WALKER.
1 10% FORMALIN - WGHD AFT 5 WKS
1
53
1.29
0

110196
36      BROWN B.
3     HENDERSON LK
191194
2
2*2*7.5 NET
2
1938
15
12
7      SOCKEYE (FRY)
TR.1-2-3.           SUPPLEMENT.FISH 4 REDONE FOR SCALES.
1 100% FORMALIN - WGHD AFT 5 WKS
66
58
2.07
1
A
46
.96
2
A
52
1.34
3
A
65
2.67
1
C
53
1.59
5
A
65
2.92
6
A
42
.77
7
A
56
1.89
8
A
53
1.55
0
A
48
1.19
9
A
65
3.04
10
A
48
1.21
11
A
45
.96
0
A
53
1.66
12
A
57
2.02
13
A
55
1.73
14
A
46
1.12
15
A
53
1.49
1
B
50
1.2
2
B
56
1.84
0

59
2.2
3
B
48
1.11
4
B
53
1.57
5
B
44
.79
6
B
51
1.28
7
B
67
3.01
8
B
57
2.01
0

45
.9
9
B
45
.95
0

47
1.06
10
B
65
2.93
1
D
53
1.63
0

66
3.12
2
D
57
2.11
3
D
61
2.26
0

59
2.1
0

68
3.25
4
D
61
2.49
0

60
2.28
5
D
59
2.15
0

58
2.08
6
D
53
1.71
0

58
2.2
0

60
2.26
7
D
62
2.73
8
D
62
2.51
0

58
2.11
0

62
2.64
9
D
64
2.81
10
D
52
1.52
11
D
60
2.21
0

55
1.73
0

52
1.54
0

50
1.29
0

50
1.34
0

55
1.73
0
 
59
2.03
0

57
2.01
0

58
2.21
12
D
60
2.3
0

56
1.91
13
D
55
1.83
0

52
1.4
0

56
1.8
0

65
2.99
14
D
55
1.77
15
D
290296
35   COOPER C.
3   HENDERSON LK
010395
2
2*2*7.5 NET
3
2115
15
8
7   SOCKEYE (FRY)
TR 2-3.VICKI WALKER.
1 10% FORMALIN - WGHD AFT 5 WKS
14
57
1.59
0

58
2.01
0

48
1.12
0

48
1.14
0

53
1.24
0

54
1.39
0

48
.99
0

61
2.11
0

52
1.27
0

56
1.69
0

55
1.5
0

56
1.55
0

63
2.59
0

58
1.77
0

110196
36      BROWN B.
3     HENDERSON LK
201194
2
2*2*7.5 NET
12
2242
15
12
7      SOCKEYE (FRY)
TR 4-5
1 100% FORMALIN - WGHD AFT 5 WKS
1
53
1.54
1
A
290296
35  COOPER C.
3  HENDERSON LK
010395
2
2*2*7.5 NET
4
2135
15
12
7  SOCKEYE (FRY)
TR 2-3.VICKI WALKER.
1 10% FORMALIN - WGHD AFT 5 WKS
11
60
2.16
0

54
1.32
0

60
1.91
0

57
1.79
0
 
57
1.65
0
 
47
1.13
0
 
65
2.85
0
 
46
.94
0
 
53
1.43
0
 
53
1.25
0
 
50
1.1
0
 
290296
35    COOPER C.
3    HENDERSON LK
010395
2
2*2*7.5 NET
5
2155
15
17
7    SOCKEYE (FRY)
TR 3-4. VICKI WALKER.
1 10% FORMALIN - WGHD AFT 5 WKS
23
65
2.67
0

53
1.26
0

56
1.68
0

48
1.05
0

58
1.82
0

56
1.84
0

52
1.42
0

55
1.67
0

53
1.34
0

51
1.22
0

51
1.12
0

60
1.92
0

57
1.78
0

49
1.08
0

47
.86
0

49
.95
0

57
1.56
0

55
1.66
0

54
1.41
0

54
1.49
0

53
1.26
0

57
1.64
0

44
.71
0

160196
36      BROWN B.
3      HENDERSON LK
191194
2
2*2*7.5 NET
5
2050
15
23.75
7      SOCKEYE (FRY)
TR 3-4.
1 100% FORMALIN - WGHD AFT 5 WKS
4
55
1.6
1
A
58
2.18
2
A
50
1.36
3
A
47
.93
4
A
290296
35    COOPER C.
3    HENDERSON LK
010395
2
2*2*7.5 NET
6
2216
15
25
7 SOCKEYE (FRY)
TR 3-4. VICKI WALKER.
1 10% FORMALIN - WGHD AFT 5 WKS
30
55
1.57
0

50
1.18
0

57
1.78
0

45
.85
0

57
1.7
0

58
1.7
0

48
1.04
0

51
1.33
0

48
.94
0

57
1.75
0

57
1.65
0

51
1.28
0

52
1.42
0

44
.67
0

46
.87
0

55
1.47
0

57
1.82
0

44
.83
0

54
1.27
0

45
.86
0

49
1.06
0

54
1.61
0

54
1.26
0

56
1.51
0

44
.93
0

55
1.71
0

44
.74
0

43
.58
0

47
.88
0

42
.95
0

150196
36    BROWN B.
3    HENDERSON LK
191194
2
2*2*7.5 NET
6
2122
15
         
7    SOCKEYE (FRY)
TR.3-4. SUPPLEMENT.
1 100% FORMALIN - WGHD AFT 5 WKS
22
60
2.28
1
A
52
1.63
0

61
2.45
2
A
52
1.38
3
A
56
1.92
4
A
55
1.91
5
A
57
1.76
6
A
52
1.33
7
A
56
1.78
8
A
64
2.58
0

61
2.3
9
A
50
1.28
10
A
47
.93
1
B
46
1.07
0
 
60
2.18
0
 
64
2.98
0
 
58
1.8
0
 
57
1.95
0

60
2.2
2
B
57
1.81
0

57
1.88
3
B
50
1.35
4
B
010396
35 COOPER C.
3 HENDERSON LK
010395
2
2*2*7.5 NET
7
2238
15
34
7 SOCKEYE (FRY)
TR 4-5. VICKI WALKER.
1 10% FORMALIN - WGHD AFT 5 WKS
41
52
1.34
0

48
1.05
0

49
1.1
0

53
1.52
0

58
1.91
0

48
1.09
0

60
1.96
0

52
1.33
0

54
1.57
0

51
1.12
0

46
.91
0

61
2.24
0

52
1.31
0

50
1.24
0

43
.67
0

45
.71
0

60
1.99
0

64
2.4
0

53
1.28
0

50
1.02
0

57
1.76
0
 
47
.84
0

55
1.41
0

47
.93
0

47
.92
0

50
1.12
0

43
.73
0

52
1.43
0

49
1.04
0

43
.71
0

43
.69
0

54
1.4
0

44
.72
0

53
1.26
0

51
1.11
0

60
2.07
0

64
2.45
0

55
1.48
0

39
.56
0

43
.62
0

65
2.62
0

010396
35 COOPER C.
3 HENDERSON LK
010395
2
2*2*7.5 NET
8
2302
15
42.5
7 SOCKEYE (FRY)
TR 4-5. VICKI WALKER.
1 10% FORMALIN - WGHD AFT 5 WKS
33
52
1.4
0

60
2.22
0

57
1.76
0

52
1.19
0

54
1.59
0

39
.47
0

57
1.69
0

43
.77
0

56
1.61
0

52
1.4
0

65
2.65
0

58
1.88
0

45
.85
0

51
1.17
0

55
1.42
0

45
.66
0

51
1.15
0

49
1.03
0

48
.99
0

53
1.15
0

55
1.49
0
 
65
2.87
0

57
1.69
0

59
2.26
0

50
1.21
0

58
2.04
0

54
1.54
0

62
2.2
0

55
1.47
0

47
.99
0

55
1.54
0

57
1.63
0

44
.84
0

010396
35 COOPER C.
3 HENDERSON LK
010395
2
2*2*7.5 NET
9
2325
15
8
7 SOCKEYE (FRY)
TR 4-5. VICKI WALKER.
1 10% FORMALIN - WGHD AFT 5 WKS
23
55
1.87
0

58
1.78
0

57
1.53
0
 
57
1.87
0

50
1.06
0

50
1.07
0

54
1.41
0

57
1.62
0

52
1.25
0

48
1.02
0

57
1.9
0

58
1.98
0

64
2.55
0

55
1.62
0

50
1.22
0

68
2.9
0

60
2.19
0

54
1.4
0

56
1.59
0

50
1.06
0

53
1.28
0
 
57
1.64
0

50
1.03
0

150196
36   BROWN B.
3   HENDERSON LK
191194
2
2*2*7.5 NET
10
2157
15
32
7   SOCKEYE (FRY)
TR.4-5. SUPPLEMENT.
1 100% FORMALIN - WGHD AFT 5 WKS
16
45
.84
7
B
60
2.24
1
A
47
1.06
2
A
50
1.1
3
A
50
1.2
4
A
53
1.54
5
A
55
1.43
6
A
54
1.48
7
A
55
1.7
1
B
58
1.9
2
B
54
1.52
3
B
55
1.72
0
A
50
1.28
4
B
53
1.38
5
B
49
1.17
6
B
39
.59
0

110196
36      BROWN B.
3     HENDERSON LK
201194
2
2*2*7.5 NET
12
2242
15
12
7      SOCKEYE (FRY)
TR 4-5
1 100% FORMALIN - WGHD AFT 5 WKS
1
52
1.37
1
A
150196
36    BROWN B.
3    HENDERSON LK
201194
2
2*2*7.5 NET
13
2305
15
37
7    SOCKEYE (FRY)
TR.5-6. SUPPLEMENT.
1 100% FORMALIN - WGHD AFT 5 WKS
47
58
2.21
1
A
55
1.77
2
A
58
2.19
3
A
52
1.45
4
A
60
2.45
5
A
60
2.43
6
A
55
1.81
7
A
48
1.13
0

57
1.96
8
A
51
1.48
9
A
54
1.71
10
A
50
1.3
0

51
1.37
0

55
1.58
11
A
65
2.93
12
A
48
1.11
13
A
53
1.49
0

45
.91
0

49
1.13
14
A
42
.69
0

47
1.07
15
A
63
2.7
1
B
50
1.23
2
B
57
1.79
3
B
55
1.8
0

52
1.4
4
B
50
1.36
5
B
41
.72
6
B
64
2.79
7
B
42
.78
0

54
1.61
8
B
54
1.74
9
B
54
1.68
1
C
67
3.34
2
C
54
1.64
3
C
63
2.86
4
C
54
1.83
5
C
56
1.89
6
C
54
1.62
7
C
48
1.14
8
C
52
1.5
9
C
58
1.87
10
C
59
2.16
11
C
52
1.36
12
C
48
1.23
13
C
51
1.34
14
C
48
1.09
15
C
010396
35 COOPER C.
3 HENDERSON LK
010395
2
2*2*7.5 NET
14
0133
15
0
7 SOCKEYE (FRY)
TR 5-6. VICKI WALKER.
1 10% FORMALIN - WGHD AFT 5 WKS
2
54
1.29
0

58
1.91
0

160196
36    BROWN B.
3    HENDERSON LK
201194
2
2*2*7.5 NET
14
2329
15
37
7    SOCKEYE (FRY)
TR.5-6. SUPPLEMENT.
1 100% FORMALIN - WGHD AFT 5 WKS
23
52
1.45
1
A
56
1.97
2
A
53
1.51
3
A
57
1.91
4
A
52
1.35
0
A
51
1.25
0
A
47
.95
0

53
1.57
5
A
50
1.21
6
A
51
1.42
7
A
54
1.58
8
B
56
1.61
0

55
1.72
9
B
52
1.31
0

48
1.05
0

51
1.27
10
A
59
1.99
1
B
52
1.35
2
B
55
1.63
3
B
50
1.38
4
B
56
1.88
5
B
52
1.43
6
B
56
1.65
7
B
160196
36      BROWN B.
3      HENDERSON LK
201194
2
2*2*7.5 NET
15
2359
15
25
7      SOCKEYE (FRY)
TR.5-6. SUPPLEMENT.
1 100% FORMALIN - WGHD AFT 5 WKS
104
57
2.18
1
A
53
1.54
2
A
50
1.24
3
A
61
2.59
4
A
57
1.99
5
A
57
2.12
6
A
58
2.25
7
A
55
1.79
8
A
38
.66
0

47
1.04
9
A
61
2.52
10
A
55
1.76
11
A
51
1.51
12
A
47
1.01
0

58
2.12
13
A
54
1.7
14
A
61
2.5
15
A
64
2.84
1
B
51
1.58
2
B
58
2.23
3
B
51
1.43
4
B
57
2.05
5
B
54
1.66
6
B
49
1.48
7
B
55
1.74
8
B
60
2.31
9
B
59
1.94
10
B
54
1.74
11
B
46
1.06
12
B
69
2.87
13
B
51
1.29
14
B
54
1.62
15
B
60
2.28
1
C
49
1.1
2
C
52
1.41
3
C
47
1.01
4
C
60
2.31
5
C
51
1.28
6
C
48
1.13
7
C
63
2.45
8
C
55
1.53
9
C
60
2.12
10
C
54
1.56
11
C
47
1.18
12
C
48
1.17
13
C
48
2.07
14
C
63
2.58
15
C
56
1.86
1
D
55
1.64
2
D
61
2.4
3
D
46
1.04
0

60
2.4
4
D
52
1.36
5
D
60
3.09
6
D
54
1.69
7
D
57
2.04
8
D
49
1.22
9
D
56
1.75
10
D
53
1.5
11
D
55
1.77
12
D
51
1.35
13
D
48
1.1
0

61
2.39
14
D
61
2.48
1
E
60
2.46
2
E
55
1.82
3
E
64
2.94
4
E
60
2.61
5
E
67
3.16
6
E
62
2.7
7
E
63
2.63
8
E
56
1.93
9
E
58
2.23
10
E
57
1.97
11
E
62
2.31
12
E
70
4.3
13
E
57
1.95
14
E
65
2.78
15
E
57
2.02
1
F
58
1.99
2
F
54
1.66
3
F
55
1.73
4
F
55
1.76
5
F
49
1.16
6
F
52
1.47
7
F
57
1.82
8
F
49
1.14
9
F
48
1.19
10
F
54
1.44
11
F
48
1.1
12
F
50
1.27
13
F
49
1.26
14
F
65
2.91
15
F
62
2.63
1
G
58
2.12
2
G
46
.94
3
G
57
1.88
4
G
60
2.2
5
G
49
1.25
6
G
52
1.35
7
G
48
1.15
8
G
48
1.1
9
G
52
1.35
10
G
54
1.66
11
G
160196
36      BROWN B.
3      HENDERSON LK
211194
2
2*2*7.5 NET
16
0057
14
0
7      SOCKEYE (FRY)
TR 14-7.
1 100% FORMALIN - WGHD AFT 5 WKS
5
55
1.88
1
A
48
1.06
2
A
51
1.33
3
A
60
2.35
4
A
52
1.48
5
A
030496
35 COOPER C.
8 LONG LK
230395
2
2*2*7.5 NET
2
2331
15
6
2 STICKLEBACK
TR 1B-2B.VICKI WALKER.
1 10% FORMALIN - WGHD AFT 5 WKS
5
62
1.94
0

64
2.5
0

68
2.9
0

71
2.96
0

71
2.98
0

030496
35 COOPER C.
8 LONG LK
230395
2
2*2*7.5 NET
3
2355
15
14
2 STICKLEBACK
TR 2B-3B.VICKI WALKER.
1 10% FORMALIN - WGHD AFT 5 WKS
5
63
2.25
0

58
1.61
0

67
2.75
0

68
2.67
0

71
3.68
0

030496
35 COOPER C.
8 LONG LK
230395
2
2*2*7.5 NET
4
0019
15
25
2 STICKLEBACK
TR 2B-3B.VICKI WALKER.
1 10% FORMALIN - WGHD AFT 5 WKS
25
50
.98
0

52
1.01
0

51
1.12
0

52
1.28
0

65
2.7
0

50
.94
0

60
2.21
0

29
.2
0

55
1.39
0

50
1.24
0

49
1.11
0

45
.73
0

49
1.11
0

60
2.1
0

66
2.73
0

57
1.8
0

46
.76
0

48
.88
0

63
2.15
0

56
1.79
0

43
.62
0

52
1.18
0

64
2.72
0

69
3.29
0

74
3.8
0

030496
35 COOPER C.
8 LONG LK
230395
2
2*2*7.5 NET
5
0043
15
40
2 STICKLEBACK
TR 2B-3B.VICKI WALKER.
1 10% FORMALIN - WGHD AFT 5 WKS
15
57
1.62
0

55
1.45
0

52
1.08
0

51
1.13
0

51
1.13
0

48
.86
0

49
1.11
0

55
1.73
0

62
2.37
0

50
1.31
0

55
1.6
0

61
2.04
0

51
1.14
0

66
2.95
0

57
1.64
0

030496
35 COOPER C.
8 LONG LK
230395
2
2*2*7.5 NET
6
0107
15
25
2 STICKLEBACK
TR 3B-4B.VICKI WALKER.
1 10% FORMALIN - WGHD AFT 5 WKS
88
46
.68
0

53
1.23
0

48
.91
0

45
.72
0

56
1.42
0

58
1.83
0

59
2.04
0

50
1.01
0

51
1.07
0

70
3.4
0

46
.75
0

60
1.68
0

61
2.13
0

70
3.34
0

46
.69
0

57
1.66
0

65
2.28
0

48
.87
0

71
3.26
0

65
2.5
0

44
.7
0

52
1.19
0

49
1.01
0

55
1.43
0

45
.81
0

51
.99
0

47
.91
0

62
2.25
0

51
1.07
0

58
1.86
0

45
.81
0

44
.68
0

43
.64
0

45
.71
0

55
1.53
0

48
.78
0

51
1.23
0

50
.97
0

54
1.25
0

56
1.62
0

46
.77
0

49
.91
0

42
.59
0

46
.67
0

47
.88
0

45
.71
0

47
.84
0

41
.56
0

47
.9
0
 
44
.69
0

55
1.55
0

53
1.32
0

53
1.44
0

55
1.61
0

45
.71
0

41
.59
0

56
1.44
0

45
.78
0

58
1.66
0

47
.82
0

45
.79
0

46
.71
0

48
.77
0

41
.57
0

46
.7
0

45
.68
0

58
1.82
0

59
2.02
0

51
1.08
0
 
57
1.71
0

55
1.5
0

55
1.51
0

50
.95
0

42
.54
0

42
.58
0

48
.85
0

49
.9
0

46
.8
0

44
.82
0

43
.65
0

64
2.26
0

45
.74
0

49
.81
0

48
.85
0

46
.73
0

54
1.33
0

49
.91
0

45
.75
0

100496
35 COOPER C.
8 LONG LK
230395
2
2*2*7.5 NET
7
0130
15
14
2 STICKLEBACK
TR 3B-4B.VICKI WALKER.
1 10% FORMALIN - WGHD AFT 5 WKS
18
45
.69
0

47
.81
0

62
2.08
0

58
1.69
0

66
2.39
0

68
2.39
0

43
.58
0

46
.76
0

57
1.49
0

50
.89
0

60
1.93
0

65
2.7
0

26
.11
0

44
.76
0

57
1.7
0

44
.59
0

56
1.58
0

41
.45
0

100496
35 COOPER C.
8 LONG LK
230395
2
2*2*7.5 NET
8
0156
15
6
2 STICKLEBACK
TR 3B-4B.VICKI WALKER.
1 10% FORMALIN - WGHD AFT 5 WKS
6
45
.66
0

45
.68
0

34
.32
0

46
.65
0

73
3.84
0

62
2.02
0

100496
35 COOPER C.
8 LONG LK
260395
2
2*2*7.5 NET
9
0226
15
0
2 STICKLEBACK
TR 2B-1B.VICKI WALKER.
1 10% FORMALIN - WGHD AFT 5 WKS
2
72
2.68
0

29
.21
0

100496
35 COOPER C.
8 LONG LK
250395
2
2*2*7.5 NET
12
2107
15
28
2 STICKLEBACK
TR W-1A. VICKI WALKER.LOC'N FROM TRIP REPORT - LABEL READS E-1A.
1 10% FORMALIN - WGHD AFT 5 WKS
3
50
.99
0

52
1.29
0

61
2.11
0

100496
35 COOPER C.
8 LONG LK
250395
2
2*2*7.5 NET
13
2130
15
12
2 STICKLEBACK
TR W-1A. VICKI WALKER.LOC'N FROM TRIP REPORT - LABEL READS E-1A.
1 10% FORMALIN - WGHD AFT 5 WKS
200
30
.2
0

26
.13
0

31
.23
0

31
.23
0

36
.39
0

29
.18
0

35
.33
0

32
.25
0

34
.29
0

33
.27
0

29
.21
0

29
.16
0

32
.24
0

34
.31
0

45
.69
0

35
.32
0

30
.21
0

28
.17
0

25
.13
0

27
.16
0

37
.38
0

29
.18
0

25
.14
0

27
.15
0

28
.17
0

27
.17
0

30
.25
0

37
.4
0

35
.32
0

34
.32
0

36
.34
0

34
.3
0

23
.13
0

28
.18
0

27
.15
0

41
.52
0

25
.12
0

26
.14
0

32
.27
0

35
.31
0

31
.22
0

35
.36
0

29
.2
0

32
.23
0

27
.15
0

31
.23
0

27
.17
0

26
.15
0

27
.15
0

24
.12
0

33
.27
0

29
.16
0

34
.3
0

29
.2
0

33
.28
0

32
.25
0

38
.42
0

28
.18
0

28
.16
0

29
.18
0

29
.19
0

34
.32
0

32
.2
0

27
.15
0

28
.17
0

28
.17
0

29
.16
0

25
.12
0

27
.14
0

24
.11
0

37
.38
0

30
.2
0

37
.38
0

26
.14
0

30
.22
0

39
.44
0

28
.18
0

25
.13
0

33
.27
0

32
.27
0

33
.27
0

34
.32
0

29
.19
0

40
.46
0

28
.15
0

29
.19
0

28
.21
0

42
.53
0

33
.29
0

44
.6
0

31
.24
0

33
.29
0

32
.22
0

30
.21
0

32
.28
0

36
.36
0

31
.22
0

28
.17
0

32
.25
0

30
.23
0

30
.2
0

32
.27
0

24
.11
0

32
.22
0

33
.29
0

36
.35
0

25
.13
0

30
.18
0

34
.25
0

30
.2
0

35
.31
0

31
.23
0

40
.51
0

29
.2
0

24
.09
0

30
.23
0

35
.32
0

34
.26
0

31
.23
0

35
.33
0

24
.11
0

30
.2
0

29
.21
0

30
.2
0

25
.13
0

30
.21
0

28
.18
0

33
.27
0

31
.22
0

28
.19
0

30
.22
0

29
.19
0

32
.24
0

29
.18
0

31
.22
0

35
.33
0

28
.17
0

29
.2
0

32
.25
0

26
.15
0

35
.34
0

39
.44
0

35
.35
0

40
.47
0

32
.25
0

36
.35
0

25
.14
0

29
.21
0

34
.3
0

35
.32
0

32
.26
0

37
.37
0

38
.43
0

32
.24
0

30
.2
0

33
.28
0

32
.23
0

31
.22
0

35
.38
0

30
.21
0

36
.33
0

29
.19
0

25
.15
0

26
.14
0

30
.22
0

28
.17
0

33
.29
0

31
.23
0

32
.23
0

22
.1
0

33
.29
0

29
.18
0

30
.19
0

34
.3
0

27
.16
0

31
.21
0

26
.16
0

30
.22
0

27
.17
0

23
.12
0

28
.17
0

28
.19
0

31
.31
0

22
.08
0

35
.35
0

35
.31
0

31
.23
0

30
.22
0

27
.14
0

32
.26
0

33
.23
0

30
.21
0

30
.2
0

31
.24
0

33
.27
0

29
.2
0

30
.19
0

30
.22
0

29
.2
0

32
.25
0

030496
35 COOPER C.
8 LONG LK
230395
2
2*2*7.5 NET
1
2250
15
0
7 SOCKEYE (FRY)
TR 1B-2B.VICKI WALKER.
1 10% FORMALIN - WGHD AFT 5 WKS
3
46
.9
0

53
1.37
0

43
.74
0

030496
35 COOPER C.
8 LONG LK
230395
2
2*2*7.5 NET
2
2331
15
6
7 SOCKEYE (FRY)
TR 1B-2B.VICKI WALKER.
1 10% FORMALIN - WGHD AFT 5 WKS
45
50
1.25
0

36
.5
0

42
.69
0

54
1.5
0

29
.16
0

25
.13
0

42
.75
0

51
1.43
0

29
.2
0

27
.12
0

42
.73
0

49
1.15
0

46
.91
0

51
1.24
0

42
.77
0

53
1.38
0

48
.98
0

52
1.26
0

49
1.31
0

44
.79
0

50
1.13
0

50
1.2
0

48
1.17
0

48
1.26
0

57
1.97
0

55
1.76
0

50
1.21
0

47
1.17
0

50
1.23
0

47
1.02
0

50
1.19
0

49
1.14
0

54
1.67
0

50
1.2
0

51
1.26
0

48
1.05
0

53
1.52
0

57
1.88
0

48
1.09
0

47
1.1
0

50
1.19
0

51
1.29
0

49
1.15
0

45
.95
0

58
2
0

030496
35 COOPER C.
8 LONG LK
230395
2
2*2*7.5 NET
3
2355
15
14
7 SOCKEYE (FRY)
TR 2B-3B.VICKI WALKER.
1 10% FORMALIN - WGHD AFT 5 WKS
10
62
2.35
0

50
1.16
0

58
1.8
0

57
1.73
0

43
.75
0

50
1.15
0

45
.95
0

50
1.15
0

52
1.49
0

50
1.28
0

030496
35 COOPER C.
8 LONG LK
230395
2
2*2*7.5 NET
4
0019
15
25
7 SOCKEYE (FRY)
TR 2B-3B.VICKI WALKER.
1 10% FORMALIN - WGHD AFT 5 WKS
5
53
1.36
0

56
1.77
0

49
1.17
0

47
1.04
0

53
1.46
0

030496
35 COOPER C.
8 LONG LK
230395
2
2*2*7.5 NET
5
0043
15
40
7 SOCKEYE (FRY)
TR 2B-3B.VICKI WALKER.
1 10% FORMALIN - WGHD AFT 5 WKS
7
56
1.86
0

45
.95
0

47
1.09
0

52
1.39
0

48
1.16
0

68
3.2
0

72
3.74
0

030496
35 COOPER C.
8 LONG LK
230395
2
2*2*7.5 NET
6
0107
15
25
7 SOCKEYE (FRY)
TR 3B-4B.VICKI WALKER.
1 10% FORMALIN - WGHD AFT 5 WKS
17
50
.86
0

56
1.76
0

53
1.41
0

50
1.31
0

46
.95
0

49
1.13
0

50
1.09
0

49
1.09
0

47
1.15
0

45
.87
0

52
1.28
0

50
1.22
0

53
1.26
0

55
1.72
0

48
1.05
0

48
1.11
0

47
1
0

100496
35 COOPER C.
8 LONG LK
230395
2
2*2*7.5 NET
7
0130
15
14
7 SOCKEYE (FRY)
TR 3B-4B.VICKI WALKER.
1 10% FORMALIN - WGHD AFT 5 WKS
22
58
2.07
0

52
1.3
0

48
1.09
0

51
1.33
0

57
1.84
0

51
1.29
0

59
2.16
0

50
1.25
0

51
1.3
0

50
1.41
0

54
1.6
0

45
1.15
0

48
1.29
0

50
1.24
0

51
1.32
0

53
1.47
0

52
1.43
0

50
1.23
0

56
1.72
0

52
1.4
0

48
1.08
0

24
.13
0

100496
35 COOPER C.
8 LONG LK
230395
2
2*2*7.5 NET
8
0156
15
6
7 SOCKEYE (FRY)
TR 3B-4B.VICKI WALKER.
1 10% FORMALIN - WGHD AFT 5 WKS
29
49
1.18
0

56
1.59
0

56
1.52
0

45
.94
0

77
4.21
0

59
1.96
0

50
1.32
0

48
1.16
0

51
1.33
0

53
1.56
0

55
1.59
0

53
1.33
0

56
1.61
0

47
1.05
0

49
1.11
0

55
1.88
0

51
1.14
0

51
1.31
0

55
1.52
0

51
1.27
0

47
.97
0

48
1.35
0

49
1.22
0

51
1.36
0

26
.14
0

27
.18
0

26
.15
0

25
.13
0

26
.13
0

100496
35 COOPER C.
8 LONG LK
260395
2
2*2*7.5 NET
9
0226
15
0
7 SOCKEYE (FRY)
TR 2B-1B.VICKI WALKER.
1 10% FORMALIN - WGHD AFT 5 WKS
2
50
1.37
0

46
.91
0

100496
35 COOPER C.
8 LONG LK
250395
2
2*2*7.5 NET
19
0058
15
42
7 SOCKEYE (FRY)
TR 3A-4A.VICKI WALKER.
1 10% FORMALIN - WGHD AFT 5 WKS
2
52
1.4
0

42
.78
0

070396
35 COOPER C.
41 KENNEDY L (MAIN)
140195
2
2*2*7.5 NET
12
         
         
0
2 STICKLEBACK
VICKI WALKER.
1 10% FORMALIN - WGHD AFT 5 WKS
3
33
.25
0

25
.11
0

40
.49
0

070396
35 COOPER C.
41 KENNEDY L (MAIN)
200195
2
2*2*7.5 NET
13
         
         
35
2 STICKLEBACK
TRANS 1. VICKI WALKER.
1 10% FORMALIN - WGHD AFT 5 WKS
6
35
.32
0

47
1.01
0

27
.17
0

39
.51
0

49
1.04
0

48
1.07
0

070396
35 COOPER C.
41 KENNEDY L (MAIN)
200195
2
2*2*7.5 NET
14
         
         
42
2 STICKLEBACK
TRANS 1. VICKI WALKER.1 LAMPREY NOT     SAMPLED.
1 10% FORMALIN - WGHD AFT 5 WKS
4
27
.15
0

25
.15
0

43
.94
0

45
.82
0

080396
35 COOPER C.
41 KENNEDY L (MAIN)
200195
2
2*2*7.5 NET
15
         
         
45
2 STICKLEBACK
TRANS 2-3-4. VICKI WALKER.
1 10% FORMALIN - WGHD AFT 5 WKS
13
53
1.15
0

52
1.18
0

48
.97
0

53
1.17
0

53
1.12
0

32
.24
0

53
1.22
0

49
1.01
0

50
.98
0

50
1.03
0

55
1.35
0

50
1.08
0

49
.86
0

070396
35 COOPER C.
41 KENNEDY L (MAIN)
200195
2
2*2*7.5 NET
16
         
         
38
2 STICKLEBACK
TR 3-4.  VICKI WALKER.
1 10% FORMALIN - WGHD AFT 5 WKS
30
47
.95
0

48
.94
0

52
1.23
0

50
.97
0

51
1.13
0

29
.16
0

49
.99
0

48
.95
0

47
1.12
0

55
1.26
0

51
1.15
0

39
.51
0

34
.3
0

57
1.64
0

52
1.08
0

47
.93
0

52
1.07
0

32
.26
0

52
1.18
0

48
.93
0
 
48
1.05
0

50
1.04
0

46
.76
0

50
1.11
0

50
1.22
0
 
38
.45
0
 
47
.95
0
 
38
.47
0
 
49
1.07
0

54
1.32
0

080396
35 COOPER C.
41 KENNEDY L (MAIN)
200195
2
2*2*7.5 NET
17
         
         
45
2 STICKLEBACK
TRANS 4-3. VICKI WALKER.
1 10% FORMALIN - WGHD AFT 5 WKS
5
46
.81
0

29
.15
0

45
.67
0

35
.32
0

25
.1
0

080396
35 COOPER C.
41 KENNEDY L (MAIN)
200195
2
2*2*7.5 NET
18
         
         
38
2 STICKLEBACK
TRANS 3-2. VICKI WALKER.
1 10% FORMALIN - WGHD AFT 5 WKS
29
51
.91
0

55
1.2
0

52
1.09
0

37
.39
0

53
1.19
0

47
.8
0

47
.85
0

49
.86
0

49
1.01
0

39
.48
0

33
.26
0

44
.75
0

49
.94
0

55
1.2
0

49
1.04
0

50
1.03
0

51
1.2
0

48
.9
0

45
.81
0

47
.88
0

51
1.17
0

49
.98
0

53
1.12
0

33
.27
0

48
.97
0

29
.18
0

47
.81
0

53
1.23
0

36
.37
0

070396
35 COOPER C.
41 KENNEDY L (MAIN)
140195
2
2*2*7.5 NET
12
         
         
0
7 SOCKEYE (FRY)
VICKI WALKER.
1 10% FORMALIN - WGHD AFT 5 WKS
1
51
1.14
0

070396
35 COOPER C.
41 KENNEDY L (MAIN)
200195
2
2*2*7.5 NET
13
         
         
35
7 SOCKEYE (FRY)
TRANS 1. VICKI WALKER.
1 10% FORMALIN - WGHD AFT 5 WKS
1
57
1.75
0

070396
35 COOPER C.
41 KENNEDY L (MAIN)
200195
2
2*2*7.5 NET
14
         
         
42
7 SOCKEYE (FRY)
TRANS 1. VICKI WALKER.1 LAMPREY NOT     SAMPLED.
1 10% FORMALIN - WGHD AFT 5 WKS
1
59
1.86
0

080396
35 COOPER C.
41 KENNEDY L (MAIN)
200195
2
2*2*7.5 NET
15
         
         
45
7 SOCKEYE (FRY)
TRANS 2-3-4. VICKI WALKER.
1 10% FORMALIN - WGHD AFT 5 WKS
216
59
1.68
0

63
2.4
0

63
2.11
0

48
.97
0

54
1.28
0

52
1.25
0

51
1.16
0

52
1.28
0

67
2.8
0

59
1.66
0

62
2.29
0

51
1.27
0

55
1.39
0

58
1.92
0

55
1.5
0

51
1.23
0

57
1.51
0

60
2.04
0

67
2.55
0

55
1.32
0

57
1.86
0

49
1.09
0

46
.94
0

51
1.11
0

60
2.12
0

54
1.59
0

46
.81
0

60
1.88
0

51
1.21
0

50
1.03
0

52
1.3
0

45
.79
0

66
2.64
0

48
.93
0

46
.84
0

52
1.38
0

53
1.43
0

67
2.64
0

58
1.85
0

52
1.24
0

50
1.23
0

62
2.32
0

54
1.31
0

52
1.3
0

52
1.29
0

65
2.47
0

63
2.27
0

54
1.67
0

55
1.52
0

62
2.33
0

53
1.39
0

57
1.61
0

50
1.23
0

52
1.47
0

43
.61
0

58
1.31
0

43
.77
0

49
.98
0

50
1.05
0

54
1.6
0

58
1.54
0

50
1.13
0

58
1.69
0

48
.98
0

64
2.29
0

45
.77
0

58
1.78
0

50
1.03
0

51
1.28
0

56
1.68
0

59
1.78
0

65
2.58
0

53
1.45
0

53
1.53
0

58
1.68
0

66
2.56
0

63
2.41
0

48
1.03
0

62
2.21
0

54
1.32
0

51
1.19
0

66
2.74
0

54
1.35
0

46
.81
0
 
59
1.91
0

65
2.4
0

43
.84
0

64
2.4
0

46
1.03
0

52
1.24
0

61
2.18
0

46
.96
0

52
1.29
0

51
1.19
0

65
2.47
0

64
2.11
0

44
.85
0

45
.94
0

55
1.5
0

57
1.82
0

53
1.25
0

48
.95
0

61
2.06
0

57
1.71
0

55
1.68
0

62
1.92
0

54
1.3
0

59
1.84
0

50
1.32
0

51
1.3
0

53
1.46
0

52
1.14
0

56
1.73
0

48
1.01
0

49
1.02
0

57
1.62
0

60
1.97
0

57
1.6
0

46
.92
0

52
1.28
0

57
1.68
0

63
2.22
0

54
1.44
0

52
1.36
0

52
1.39
0

51
1.13
0

53
1.35
0

56
1.55
0

55
1.55
0

52
1.21
0

50
1.28
0

53
1.37
0

49
.97
0

46
.98
0

54
1.37
0

55
1.63
0

59
1.99
0

45
.86
0

46
.83
0

55
1.68
0

55
1.45
0

55
1.47
0

59
1.86
0

52
1.4
0

49
1.07
0

43
.81
0

54
1.49
0

52
1.23
0

45
.88
0

59
1.84
0

56
1.56
0

52
1.21
0

55
1.57
0

59
1.96
0

49
1.08
0

52
1.43
0

47
.95
0

48
1.06
0

51
1.22
0

52
1.33
0

55
1.65
0

50
1.15
0

47
.87
0

48
1
0

61
2.13
0

49
1.12
0

56
1.75
0

47
1.03
0

49
1.07
0

47
.91
0

53
1.46
0

47
.82
0

48
1.04
0

40
.53
0

52
1.42
0

63
2.13
0

52
1.32
0

41
.66
0

53
1.34
0

45
.81
0

46
.92
0

47
.93
0

45
.72
0

52
1.12
0

64
2.11
0

48
1.03
0

50
1.15
0

59
1.81
0

48
1
0

47
.92
0

62
2.22
0

47
.93
0

43
.73
0

54
1.5
0

51
1.21
0

54
1.44
0

47
.91
0

51
1.22
0

54
1.59
0

43
.7
0

49
1.15
0

58
1.94
0

63
2.23
0

54
1.43
0

53
1.46
0

51
1.22
0

46
.97
0

56
1.77
0

56
1.65
0

62
2.35
0

54
1.51
0

61
2.18
0

53
1.41
0

48
1.05
0

48
.92
0

49
1.03
0

070396
35 COOPER C.
41 KENNEDY L (MAIN)
200195
2
2*2*7.5 NET
16
         
         
38
7 SOCKEYE (FRY)
TR 3-4.  VICKI WALKER.
1 10% FORMALIN - WGHD AFT 5 WKS
28
53
1.36
0

59
1.97
0

50
1.37
0

51
1.27
0

58
1.75
0

58
1.78
0

56
1.69
0

47
.91
0

64
2.55
0

65
2.52
0

53
1.36
0

52
1.31
0

56
1.7
0

51
1.3
0

42
.76
0

58
1.74
0

53
1.42
0

53
1.37
0

48
.95
0

39
.52
0

55
1.58
0

46
.91
0

55
1.66
0

48
1.01
0

48
.94
0

47
.82
0
A
44
.67
0

47
.91
0

080396
35 COOPER C.
41 KENNEDY L (MAIN)
200195
2
2*2*7.5 NET
17
         
         
45
7 SOCKEYE (FRY)
TRANS 4-3. VICKI WALKER.
1 10% FORMALIN - WGHD AFT 5 WKS
96
57
1.97
0

61
2.33
0

48
.95
0

51
1.23
0

58
1.98
0

57
1.76
0

62
2.17
0

65
2.53
0

52
1.31
0

60
2.21
0

54
1.51
0

53
1.26
0

64
2.38
0

63
2.27
0

51
1.32
0

49
1.09
0

48
1.12
0

52
1.21
0

58
1.73
0

52
1.27
0

45
.87
0

54
1.4
0

53
1.39
0

63
2.25
0

57
1.78
0

54
1.46
0

62
2.28
0

57
1.71
0

65
2.51
0

47
1.12
0

58
1.82
0

53
1.31
0

48
.86
0

46
.92
0

54
1.52
0

47
.96
0

45
.88
0

51
1.16
0

43
.66
0

48
1.13
0

55
1.54
0

57
1.77
0

60
2
0

48
1.03
0

59
1.91
0

53
1.29
0

66
2.5
0

65
2.69
0

55
1.47
0

64
2.47
0

51
1.19
0

49
1.04
0

52
1.24
0

58
1.67
0

45
.81
0

54
1.39
0

47
.99
0

56
1.67
0

55
1.52
0

48
1
0

62
2.21
0

58
1.95
0

60
2.21
0

58
1.9
0

63
2.51
0

57
1.76
0

50
1.17
0

52
1.24
0

63
2.48
0

58
1.96
0

58
1.94
0

50
1.18
0

46
.96
0

52
1.21
0

57
1.87
0

57
1.8
0

55
1.59
0

61
1.97
0

60
2.2
0

51
1.24
0

63
2.18
0

57
1.85
0

52
1.32
0

52
1.35
0
 
62
2.26
0

50
1.18
0

62
2.47
0

53
1.39
0

53
1.47
0

58
1.87
0

53
1.6
0

55
1.52
0

46
.94
0

44
.79
0

57
1.71
0

60
2.19
0

080396
35 COOPER C.
41 KENNEDY L (MAIN)
200195
2
2*2*7.5 NET
18
         
         
38
7 SOCKEYE (FRY)
TRANS 3-2. VICKI WALKER.
1 10% FORMALIN - WGHD AFT 5 WKS
74
58
1.44
0

55
1.89
0

45
1
0

55
1.66
0

50
1.17
0

55
1.62
0

64
2.66
0

50
1.14
0

48
1.04
0

44
.78
0

47
1.03
0

52
1.3
0

54
1.44
0

48
1.1
0

49
1.06
0

47
1.01
0

59
2.04
0

59
1.95
0

62
2.35
0

56
1.74
0

58
1.78
0

46
.93
0

50
1.2
0

54
1.5
0

60
2.1
0

50
1.19
0

46
.87
0

51
1.18
0

61
2.15
0

46
.93
0

51
1.2
0

65
2.42
0

53
1.42
0

45
.82
0

46
.85
0

48
1.04
0

54
1.47
0

49
1.02
0

44
.73
0

41
.57
0

57
1.8
0

53
1.39
0

52
1.33
0

51
1.21
0

54
1.6
0

54
1.48
0

54
1.34
0

52
1.39
0

50
1.18
0

53
1.6
0

60
1.78
0

47
.92
0

51
1.15
0

43
.7
0

54
1.57
0

45
.85
0

55
1.54
0

67
2.8
0

53
1.38
0

52
1.25
0

44
.74
0

47
1.02
0

56
1.63
0

53
1.37
0

47
.93
0

55
1.61
0

52
1.19
0

48
1.08
0

48
1.08
0

48
1.13
0

56
1.5
0

47
1.08
0

52
1.32
0

41
.7
0

070596
35 COOPER C.
45 MUCHALAT LK
100295
2
2*2*7.5 NET
1
         
         
0
7 SOCKEYE (FRY)
TR 4-3.VICKI WALKER.
1 10% FORMALIN - WGHD AFT 5 WKS
5
58
1.78
0

56
1.58
0

53
1.17
0

47
.75
0

42
.63
0

070596
35 COOPER C.
45 MUCHALAT LK
100295
2
2*2*7.5 NET
2
         
         
0
7 SOCKEYE (FRY)
TR 3-2.VICKI WALKER.
1 10% FORMALIN - WGHD AFT 5 WKS
8
55
1.28
0

49
1.03
0

45
.64
0

41
.59
0

42
.51
0

53
1.14
0

40
.45
0

43
.61
0

070596
35 COOPER C.
45 MUCHALAT LK
100295
2
2*2*7.5 NET
3
         
         
25
7 SOCKEYE (FRY)
TR 2-3.VICKI WALKER.
1 10% FORMALIN - WGHD AFT 5 WKS
15
60
2.14
0

59
1.92
0

63
2.33
0

56
1.51
0

56
1.67
0

57
1.69
0

51
1.26
0

48
.95
0

54
1.28
0

48
.93
0

50
1.03
0

53
1.43
0

53
1.42
0

41
.56
0

37
.42
0

070596
35 COOPER C.
45 MUCHALAT LK
100295
2
2*2*7.5 NET
4
         
         
38
7 SOCKEYE (FRY)
TR 2-3.VICKI WALKER.
1 10% FORMALIN - WGHD AFT 5 WKS
12
55
1.59
0

49
1.03
0

55
1.48
0

51
1.1
0

43
.74
0

51
1.01
0

55
1.61
0

45
.73
0

50
.95
0

61
1.93
0

48
.94
0

50
.97
0

070596
35 COOPER C.
45 MUCHALAT LK
100295
2
2*2*7.5 NET
5
         
13
38
7 SOCKEYE (FRY)
TR 2-1.VICKI WALKER.
1 10% FORMALIN - WGHD AFT 5 WKS
12
57
1.71
0

52
1.3
0

52
1.17
0

52
1.19
0

48
.99
0

59
1.89
0

57
1.55
0

53
1.34
0

49
1.01
0

50
1.19
0

51
1.22
0

45
.77
0

070596
35 COOPER C.
45 MUCHALAT LK
100295
2
2*2*7.5 NET
6
         
         
38
7 SOCKEYE (FRY)
TR 2-3.VICKI WALKER.
1 10% FORMALIN - WGHD AFT 5 WKS
6
56
1.72
0

56
1.66
0

51
1.11
0

56
1.6
0

56
1.64
0

52
1.23
0

070596
35 COOPER C.
45 MUCHALAT LK
100295
2
2*2*7.5 NET
7
         
         
25
7 SOCKEYE (FRY)
TR 4-3.VICKI WALKER.
1 10% FORMALIN - WGHD AFT 5 WKS
18
68
2.76
0

52
1.3
0

51
1.18
0

55
1.71
0

48
.94
0

49
.95
0

50
1.15
0

41
.57
0

47
.87
0

43
.6
0

51
1.19
0

48
1.07
0

52
1.28
0

44
.7
0

51
1.2
0

53
1.35
0

37
.45
0

41
.54
0

070596
35 COOPER C.
45 MUCHALAT LK
100295
2
2*2*7.5 NET
8
         
         
38
7 SOCKEYE (FRY)
TR 3-4.VICKI WALKER.
1 10% FORMALIN - WGHD AFT 5 WKS
30
58
1.79
0

55
1.59
0

47
.89
0

53
1.22
0

58
1.87
0

57
1.8
0

58
1.92
0

53
1.51
0

58
1.67
0

50
1.05
0

59
1.84
0

55
1.32
0

50
1.32
0

48
1.02
0

51
1.14
0

54
1.54
0

57
1.62
0

56
1.57
0

48
.96
0

46
.87
0

59
1.96
0

65
2.76
0

53
1.24
0

51
1.27
0

52
1.34
0

51
1.16
0

55
1.45
0

49
.99
0

47
1
0

47
.78
0

