070597
41 HIRST A.
1 GREAT CENTRAL LK
260297
2
2*2*7.5 NET
2
2303
15
30
2 STICKLEBACK

1 10% FORMALIN - WGHD AFT 5 WKS
1
69
3.58
0

060597
41  HIRST A.
1  GREAT CENTRAL LK
260297
2
2*2*7.5 NET
3
2325
15
13
2  STICKLEBACK
.
110 0% FORMALIN - WGHD AFT 5 WKS
6
60
2.17
0
 
60
2.13
0
 
66
2.71
0
 
68
3.27
0
 
61
2.57
0
 
58
2.09
0

070597
41 HIRST A.
1 GREAT CENTRAL LK
260297
2
2*2*7.5 NET
4
2345
14
13
2 STICKLEBACK

1 10% FORMALIN - WGHD AFT 5 WKS
2
67
2.86
0

58
2.1
0

060597
41 HIRST A.
1 GREAT CENTRAL LK
260297
2
2*2*7.5 NET
5
0006
15
32
2 STICKLEBACK
.
1 10% FORMALIN - WGHD AFT 5 WKS
1
65
2.99
0

191297
37     WHITEAKER M.
1    GREAT CENTRAL LK
201196
2
2*2*7.5NET
2
0
15
42
7     SOCKEYE (FRY)
NEA PIKE.
110    0% FORMALIN - WGHD AFT 5 WKS
1
95
9.64
0
A
060597
41  HIRST A.
1  GREAT CENTRAL LK
250796
2
2*2*7.5 NET
2
0245
15
12
7  SOCKEYE (FRY)

110 0% FORMALIN - WGHD AFT 5 WKS
33
54
1.57
0

51
1.31
0

51
1.33
0

47
1.04
0

47
1.02
0

53
1.76
0

55
1.71
0

55
1.77
0

51
1.23
0

52
1.55
0

41
.62
0

50
1.27
0

49
1.1
0

51
1.27
0

53
1.43
0

56
1.79
0

46
.99
0

53
1.65
0

46
.92
0

41
.63
0

48
1.03
0

52
1.32
0

50
1.33
0

48
1.07
0

48
1.05
0

53
1.46
0

49
1.17
0

49
1.16
0

42
.74
0

49
1.17
0

53
1.42
0

52
1.37
0

60
2.09
0

070597
41 HIRST A.
1 GREAT CENTRAL LK
260297
2
2*2*7.5 NET
2
2303
15
30
7 SOCKEYE (FRY)

1 10% FORMALIN - WGHD AFT 5 WKS
2
63
2.54
0

75
4.54
0

191297
37   WHITEAKER M.
1  GREAT CENTRAL LK
201196
2
2*2*7.5NET
3
0
15
45
7   SOCKEYE (FRY)
NEA PIKE.
110  0% FORMALIN - WGHD AFT 5 WKS
4
84
6.84
0
A
58
2.27
0
A
54
1.91
0
A
53
1.71
0

050597
41  HIRST A.
1  GREAT CENTRAL LK
250796
2
2*2*7.5 NET
3
0321
15
12
7  SOCKEYE (FRY)

110 0% FORMALIN - WGHD AFT 5 WKS
61
63
2.83
0

46
1.03
0

37
.45
0

73
4.26
0

48
1.17
0

49
1.34
0

49
1.27
0

56
1.86
0

50
1.33
0

45
.9
0

55
1.82
0

42
.79
0

53
1.5
0

49
1.16
0

49
1.29
0

52
1.42
0

51
1.34
0

55
1.85
0

50
1.28
0

52
1.4
0

45
.96
0

53
1.57
0

51
1.45
0

44
.89
0

60
2.26
0

50
1.25
0

51
1.29
0

47
1.02
0

48
1.16
0

46
1.03
0

40
.63
0

38
.49
0

45
.88
0

45
.94
0

48
1.12
0

39
.53
0

46
.99
0

42
.62
0

47
.97
0

46
.97
0

44
.79
0

45
.87
0

40
.62
0

43
.82
0

41
.68
0

47
1
0

50
1.29
0

42
.69
0

50
1.33
0

48
1.12
0

40
.59
0

51
1.31
0

49
1.24
0

49
1.26
0

45
.99
0

44
.88
0

53
1.51
0

46
.88
0

49
1.21
0

50
1.31
0

50
1.22
0

090198
37  WHITEAKER M.
8  LONG LK
170896
2
2*2*7.5NET
14
0011
15
22
2  STICKLEBACK
NEA PIKE.
110 0% FORMALIN - WGHD AFT 5 WKS
3
61
2.05
0

50
1.27
0

60
2.35
0

090198
37   WHITEAKER M.
8   LONG LK
170896
2
2*2*7.5NET
15
0018
15
12
2  STICKLEBACK
NEA PIKE.
110  0% FORMALIN - WGHD AFT 5 WKS
21
64
2.43
0

63
1.83
0

52
1.48
0

67
2.81
0

58
2.1
0

56
1.96
0

58
1.61
0

59
1.93
0

54
1.48
0

54
1.64
0

54
1.77
0

50
1.22
0

55
1.93
0

50
1.42
0

60
2.1
0

54
1.53
0

54
1.51
0

55
1.79
0

51
1.26
0

54
1.44
0

63
2.25
0

090198
37   WHITEAKER M.
8   LONG LK
170896
2
2*2*7.5NET
16
0053
15
17
2  STICKLEBACK
NEA PIKE.
110  0% FORMALIN - WGHD AFT 5 WKS
13
60
2.37
0

56
1.91
0

53
1.57
0

60
2.31
0

60
2.41
0

64
2.51
0

46
1.23
0

60
2.48
0

60
2.05
0

59
1.82
0

61
1.91
0

64
2.27
0

54
1.56
0

090198
37   WHITEAKER M.
8   LONG LK
170896
2
2*2*7.5NET
17
0112
15
22
2  STICKLEBACK
NEA PIKE.
110  0% FORMALIN - WGHD AFT 5 WKS
4
55
1.74
0

72
3.61
0

56
1.99
0

53
1.73
0

120198
37 WHITEAKER M.
8 LONG LK
160896
2
2*2*7.5NET
2
2148
15
0
7 SOCKEYE (FRY)
NEA PIKE.
1 10% FORMALIN - WGHD AFT 5 WKS
2
50
1.6
0

55
2
0
 
120198
37 WHITEAKER M.
8 LONG LK
160896
2
2*2*7.5NET
4
2255
15
12
7 SOCKEYE (FRY)
NEA PIKE.
1 10% FORMALIN - WGHD AFT 5 WKS
1
54
2.24
0

120198
37 WHITEAKER M.
8 LONG LK
160896
2
2*2*7.5NET
6
0057
15
17
7 SOCKEYE (FRY)
NEA PIKE.
1 10% FORMALIN - WGHD AFT 5 WKS
6
52
1.66
0

60
2.85
0
 
54
1.79
0

58
2.48
0

64
3.1
0

79
5.87
0

120198
37 WHITEAKER M.
8 LONG LK
160896
2
2*2*7.5NET
7
0012
15
12
7 SOCKEYE (FRY)
NEA PIKE.
1 10% FORMALIN - WGHD AFT 5 WKS
30
56
2.34
0

68
3.33
0
 
62
2.92
0

55
2.15
0

58
2.37
0

50
1.84
0

48
1.33
0

49
1.63
0

56
2.67
0

50
1.75
0

55
2.02
0
 
54
1.91
0

54
2.06
0

56
2.32
0

57
2.41
0

53
1.73
0

51
1.57
0

57
2.6
0

59
2.5
0

48
1.32
0

56
2.19
0

65
3.66
0

51
1.63
0

53
2.03
0

58
2.5
0

48
1.68
0

44
.92
0

40
.89
0

52
1.76
0

69
4.26
0

120198
37 WHITEAKER M.
8 LONG LK
160896
2
2*2*7.5NET
8
0034
15
8
7 SOCKEYE (FRY)
NEA PIKE.
1 10% FORMALIN - WGHD AFT 5 WKS
2
55
2.06
0

50
1.69
0
 
120198
37 WHITEAKER M.
8 LONG LK
160896
2
2*2*7.5NET
9
0053
15
16
7 SOCKEYE (FRY)
NEA PIKE.
1 10% FORMALIN - WGHD AFT 5 WKS
1
41
.93
0

060298
37 WHITEAKER M.
8 LONG LK
170896
2
2*2*7.5NET
12
2315
15
12
7 SOCKEYE (FRY)
NEA PIKE.
1 10% FORMALIN - WGHD AFT 5 WKS
2
64
3.2
0

60
3.18
0

090198
37  WHITEAKER M.
8  LONG LK
170896
2
2*2*7.5NET
13
2350
15
17
7  SOCKEYE (FRY)
NEA PIKE.
110 0% FORMALIN - WGHD AFT 5 WKS
3
58
2.52
0

68
3.88
0

56
2.06
0

090198
37  WHITEAKER M.
8  LONG LK
170896
2
2*2*7.5NET
14
0011
15
22
7  SOCKEYE (FRY)
NEA PIKE.
110 0% FORMALIN - WGHD AFT 5 WKS
2
74
5.04
0

52
1.69
0

090198
37  WHITEAKER M.
8  LONG LK
170896
2
2*2*7.5NET
15
0018
15
12
7  SOCKEYE (FRY)
NEA PIKE.
110 0% FORMALIN - WGHD AFT 5 WKS
2
53
1.75
0

58
2.25
0

090198
37   WHITEAKER M.
8   LONG LK
170896
2
2*2*7.5NET
16
0053
15
17
7  SOCKEYE (FRY)
NEA PIKE.
110  0% FORMALIN - WGHD AFT 5 WKS
3
34
.48
0

44
.96
0

58
2.45
0

090198
37   WHITEAKER M.
8   LONG LK
170896
2
2*2*7.5NET
17
0112
15
22
7  SOCKEYE (FRY)
NEA PIKE.
110  0% FORMALIN - WGHD AFT 5 WKS
2
34
.49
0

54
1.85
0

140397
35 COOPER C.
18 OWIKENO LK
190896
2
2*2*7.5
1
2316
15
0
2 STICKLEBACK
PROCESSED BY K. DANIEL
1 10% FORMALIN - WGHD AFT 5 WKS
2
55
1.85
0

43
.66
0
 
140397
35 COOPER C.
18 OWIKENO LK
200896
2
2*2*7.5
3
0013
15
0
2 STICKLEBACK
PROCESSED BY K. DANIEL
1 10% FORMALIN - WGHD AFT 5 WKS
1
54
1.61
0
 
110497
35  COOPER C.
18  OWIKENO LK
210896
2
2*2*7.5
11
2148
15
0
2 STICKLEBACK
PROCESSED BY K.DANIEL
1 10% FORMALIN - WGHD AFT 5 WKS
18
53
1.72
0

55
1.88
0

70
4.16
0

56
2.17
0

51
1.39
0

58
1.88
0

53
1.57
0

55
2.18
0

65
3.19
0

58
2.32
0

58
2.15
0

42
.79
0

55
2.02
0

57
2.24
0

46
1.07
0

53
1.43
0

56
2.19
0

48
1.06
0

110497
35  COOPER C.
18  OWIKENO LK
210896
2
2*2*7.5
12
2214
15
22
2 STICKLEBACK
PROCESSED BY K.DANIEL
1 10% FORMALIN - WGHD AFT 5 WKS
1
59
2.44
0

110497
35  COOPER C.
18  OWIKENO LK
210896
2
2*2*7.5
13
2234
15
8
2 STICKLEBACK
PROCESSED BY K.DANIEL
1 10% FORMALIN - WGHD AFT 5 WKS
1
55
1.9
0

110497
35  COOPER C.
18  OWIKENO LK
210896
2
2*2*7.5
14
2253
15
22
2 STICKLEBACK
PROCESSED BY K.DANIEL
1 10% FORMALIN - WGHD AFT 5 WKS
2
60
2.25
0

51
1.58
0

110497
35  COOPER C.
18  OWIKENO LK
210896
2
2*2*7.5
15
2313
15
8
2 STICKLEBACK
PROCESSED BY K.DANIEL
1 10% FORMALIN - WGHD AFT 5 WKS
8
54
1.65
0

59
2.55
0

57
2.09
0

57
2.12
0

59
2.29
0

55
1.96
0

45
.99
0

59
2.54
0

110497
35  COOPER C.
18  OWIKENO LK
220896
2
2*2*7.5
16
0011
15
0
2 STICKLEBACK
PROCESSED BY K.DANIEL
1 10% FORMALIN - WGHD AFT 5 WKS
70
57
2.01
0

59
2.08
0

58
2.09
0

55
2.1
0

50
1.26
0

58
2.07
0

64
2.79
0

59
2.24
0

58
2.14
0

51
1.57
0

52
1.66
0

53
1.52
0

55
1.94
0

52
1.64
0

50
1.52
0

57
2.57
0

52
1.66
0

52
1.7
0

53
1.58
0

54
1.52
0

50
1.3
0

52
1.59
0

51
1.68
0

48
1.2
0

44
.88
0

46
1.05
0

60
2.18
0

59
2.33
0

49
1.27
0

50
1.45
0

50
1.3
0

56
2.34
0

52
1.5
0

49
1.58
0

40
.93
0

38
.6
0

27
.16
0

33
.33
0

48
1.25
0

46
.98
0

52
1.85
0

43
.82
0

42
.74
0

49
1.4
0

55
1.94
0

55
2.09
0

52
1.64
0

47
1.31
0

48
1.12
0

38
.64
0

41
.67
0

48
1.22
0

42
.7
0

40
.62
0

39
.54
0

59
2.43
0

44
.77
0

56
2.01
0

34
.4
0

36
.45
0

44
1.02
0

50
1.46
0

46
1.03
0

39
.56
0

38
.56
0

41
.71
0

42
.81
0

45
.86
0

34
.43
0

40
.65
0

110497
35    COOPER C.
18    OWIKENO LK
220896
2
2*2*7.5
17
0031
15
0
2   STICKLEBACK
PROCESSED BY K.DANIEL
110  0% FORMALIN - WGHD AFT 5 WKS
75
54
1.54
0

52
1.55
0

60
2.44
0

58
2.2
0

47
1.1
0

58
2.22
0

52
1.9
0

51
1.35
0

44
1.04
0

51
1.42
0

57
1.77
0

42
.72
0

52
1.49
0

50
1.11
0

56
1.95
0

54
2
0

51
1.54
0

40
.59
0

56
1.84
0

55
1.74
0

55
1.69
0

48
1.04
0

47
1.14
0

50
1.28
0

44
.83
0

58
2.01
0

58
1.76
0

58
2.28
0

47
1.15
0

56
1.93
0

53
1.26
0

50
1.23
0

51
1.42
0

53
1.54
0

49
1.21
0

49
1.25
0

46
.89
0

37
.62
0

48
1.07
0

53
1.6
0

37
.51
0

57
2.29
0

41
.79
0

34
.35
0

50
1.4
0

48
1.24
0

46
.95
0

41
.55
0

53
1.9
0

58
2.19
0

51
1.51
0

40
.71
0

55
1.89
0

45
1
0

42
.81
0

43
.92
0

47
1.07
0

40
.64
0

43
.81
0

40
.68
0

40
.71
0

46
1.06
0

39
.53
0

38
.52
0

22
.08
0

38
.56
0

37
.45
0

37
.53
0

49
1.51
0

36
.46
0

40
.6
0

52
1.48
0

46
1.1
0

25
.16
0

23
.15
0

170497
35  COOPER C.
18  OWIKENO LK
220896
2
2*2*7.5
18
0056
15                
28
2 STICKLEBACK
PROCESSED BY K.DANIEL
1 10% FORMALIN - WGHD AFT 5 WKS
9
55
1.94
0

49
1.38
0

52
1.36
0

48
1.29
0

57
2.09
0

52
1.43
0

43
.8
0

42
.72
0

43
.76
0

170497
35  COOPER C.
18  OWIKENO LK
220896
2
2*2*7.5
19
0120
15                
28
2 STICKLEBACK
1 LAMPREY IN SAMPLE - PROCESSED BY K. DANIEL
1 10% FORMALIN - WGHD AFT 5 WKS
2
45
.94
0

58
2.15
0

170497
35 COOPER C.
18 OWIKENO LK
220896
2
2*2*7.5
20
0226
15                
0
2 STICKLEBACK
PROCESSED BY K.DANIEL
1 10% FORMALIN - WGHD AFT 5 WKS
86
68
3.82
0

73
4.53
0

58
2.42
0

61
2.83
0

63
2.73
0

59
2.4
0

59
2.14
0

63
2.08
0

63
2.64
0

59
2.74
0

57
2.19
0

64
2.98
0

63
2.35
0

53
1.9
0

56
2.13
0

54
1.99
0

55
2.3
0

56
1.96
0

58
2.39
0

57
2.33
0

60
2.17
0

55
1.76
0

53
1.67
0

62
2.44
0

57
2.08
0

59
2.11
0

54
1.96
0

60
2.49
0

67
3.97
0

57
2.52
0

57
2.2
0

58
2.15
0

56
2.06
0

52
1.69
0

47
1.18
0

62
2.66
0

55
1.85
0

53
1.52
0

54
1.57
0

57
2.23
0

52
1.59
0

44
.79
0

44
.88
0

54
1.52
0

49
1.35
0

43
.78
0

47
.88
0

44
.71
0

44
.77
0

44
.8
0

46
1.22
0

40
.67
0

54
.82
0

51
1.27
0

41
.72
0

42
.74
0

46
.95
0

39
.56
0

49
1.31
0

42
.79
0

38
.59
0

42
.71
0

25
.14
0

26
.13
0

23
.1
0

22
.08
0

25
.15
0

22
.1
0

24
.12
0

24
.11
0

24
.11
0

22
.08
0

25
.13
0

23
.11
0

20
.06
0

23
.08
0

21
.07
0

24
.12
0

20
.06
0

23
.1
0

22
.09
0

20
.08
0

19
.06
0

22
.08
0

22
.09
0

20
.08
0

031097
35  COOPER C.
18  OWIKENO LK
220896
2
2*2*7.5
21
0250
15
16
2  STICKLEBACK
PROCESSED BY K. DANIEL
110 0% FORMALIN - WGHD AFT 5 WKS
7
66
2.88
0
 
59
2.31
0
 
60
2.44
0
 
47
.95
0
 
48
.71
0
 
44
.82
0
 
57
1.72
0
 
031097
35  COOPER C.
18  OWIKENO LK
220896
2
2*2*7.5
23
0336
15
16
2  STICKLEBACK
PROCESSED BY K. DANIEL
110 0% FORMALIN - WGHD AFT 5 WKS
1
41
.68
0
 
031097
35  COOPER C.
18  OWIKENO LK
220896
2
2*2*7.5
24
0358
15
32
2  STICKLEBACK
PROCESSED BY K. DANIEL
110 0% FORMALIN - WGHD AFT 5 WKS
5
52
1.51
0
 
57
1.96
0
 
23
.11
0
 
24
.12
0
 
21
.08
0
 
101097
35  COOPER C.
18  OWIKENO LK
220896
2
2*2*7.5
25
0420
15
0
2  STICKLEBACK
PROCESSED BY K. DANIEL
110 0% FORMALIN - WGHD AFT 5 WKS
77
61
2.16
0

56
1.87
0

53
1.36
0

58
1.91
0

55
1.7
0

57
1.88
0

56
1.81
0

25
.13
0

20
.05
0

23
.09
0

56
1.59
0

49
1.17
0

57
1.89
0

60
2.18
0

75
4.04
0

60
2.14
0

59
2.29
0

49
1.23
0

42
.89
0

60
2.56
0

47
1.27
0

47
2.3
0

60
2.1
0

56
2.06
0

59
2.16
0

62
2.46
0

63
2.76
0

44
.86
0

57
1.92
0

53
1.47
0

43
.77
0

44
.89
0

52
1.28
0

61
2.45
0

40
.52
0

42
.61
0

56
2.14
0

49
1.23
0

42
.83
0

56
.84
0

56
1.68
0

47
.9
0

47
1.06
0

21
.06
0

40
.84
0

40
.59
0

43
.85
0

48
1.27
0

43
.74
0

45
.88
0

44
.74
0

36
.45
0

25
.12
0

22
.09
0

17
.04
0

37
.52
0

24
.11
0

22
.06
0

15
.02
0

21
.08
0

21
.07
0

41
.61
0

21
.05
0

21
.06
0

24
.1
0

20
.05
0

20
.06
0

18
.04
0

22
.08
0

2.5
.11
0

2.7
.16
0

18
.04
0

25
.11
0

22
.06
0

19
.05
0

26
.12
0

47
.95
0

070397
35   COOPER C.
18   OWIKENO LK
190896
2
2*2*7.5 NET
1
2316
15
0
7   SOCKEYE (FRY)
K. DANIEL PROCESSED SAMPLE
1 10% FORMALIN - WGHD AFT 5 WKS
142
56
1.77
0

50
1.5
0

45
1.06
0

48
1.33
0

56
2.29
0

55
1.68
0

56
1.76
0

55
1.84
0

45
.98
0

45
1.1
0

49
1.45
0

62
2.82
0

46
1.04
0

54
1.94
0

44
.82
0

50
1.64
0

51
1.75
0

53
1.92
0

51
1.58
0

54
1.75
0

48
1.23
0

51
1.69
0

47
1.03
0

49
1.36
0

47
1.16
0

55
1.75
0

50
1.29
0

54
1.79
0

47
1.15
0

51
1.37
0

56
1.94
0

57
2.04
0

48
1.19
0

47
1.1
0

43
.85
0

53
1.73
0

54
1.63
0

49
1.19
0

52
1.43
0

53
1.67
0

55
1.94
0

43
.84
0

45
1.03
0

52
1.44
0

49
1.24
0

51
1.48
0

45
1.01
0

50
1.31
0

43
1.02
0

58
2.54
0

47
1.13
0

47
1.16
0

55
1.85
0

51
1.52
0

52
1.44
0

44
.84
0

45
.89
0

44
.93
0

47
1.11
0

38
.62
0

49
1.38
0

53
1.58
0

43
.87
0

51
1.57
0

45
.99
0

41
.79
0

37
.54
0

40
.72
0

40
.64
0

43
.81
0

57
2.27
0

47
1.22
0

43
1.04
0

45
1.01
0

44
.88
0

46
.99
0

53
1.53
0

49
1.33
0

48
1.18
0

50
1.43
0

55
1.8
0

56
2.2
0

44
.97
0

48
1.13
0

49
1.26
0

50
1.19
0

47
1.08
0

40
.75
0

49
1.3
0

39
.66
0

48
1.12
0

50
1.34
0

46
1.01
0

41
.67
0

45
.93
0

50
1.32
0

45
1
0
 
52
1.4
0

45
.86
0

38
.54
0

45
.87
0

50
1.19
0

53
1.51
0

43
.76
0

47
1.05
0

48
1.06
0

49
1.24
0

42
.72
0

48
1.17
0

42
.76
0

49
1.25
0

49
1.22
0

41
.83
0

41
.76
0

47
1.19
0

50
1.2
0

48
1.17
0

48
1.23
0

54
1.78
0

47
1.08
0

49
1.27
0

55
1.68
0

58
2.4
0

45
.79
0

42
.79
0

45
.89
0

47
1.16
0

50
1.4
0

47
1.16
0

46
1.03
0

43
.79
0

45
.92
0

41
.78
0

43
.74
0

43
.7
0

46
1.04
0

46
.89
0

43
.83
0

47
1.18
0

40
.58
0

46
1.03
0

38
.56
0

140397
35 COOPER C.
18 OWIKENO LK
190896
2
2*2*7.5
2
2348
15
10
7 SOCKEYE (FRY)
PROCESSED BY K. DANIEL
1 10% FORMALIN - WGHD AFT 5 WKS
23
56
2.01
0

59
2.34
0
 
45
.9
0

56
2.15
0

56
1.95
0

42
.74
0

50
1.33
0

53
1.66
0

43
.89
0

41
.78
0

44
.97
0

47
1.23
0

41
.73
0

43
.86
0

36
.52
0

49
1.23
0

45
.95
0

49
1.33
0

51
1.45
0

46
.95
0

43
.8
0

34
.44
0

39
.69
0

140397
35 COOPER C.
18 OWIKENO LK
200896
2
2*2*7.5
3
0013
15
0
7 SOCKEYE (FRY)
PROCESSED BY K. DANIEL
1 10% FORMALIN - WGHD AFT 5 WKS
200
50
1.45
0

61
2.7
0

54
1.6
0

51
1.97
0

55
1.85
0

55
2.09
0

57
2.14
0

50
1.37
0

54
1.77
0

60
2.81
0

56
1.89
0

56
1.81
0

49
1.22
0

40
.64
0

38
.64
0

60
2.24
0

48
1.24
0

57
2.17
0
 
54
1.68
0

50
1.29
0

55
1.84
0

55
1.64
0

53
1.57
0

54
1.81
0

55
1.91
0

47
1.15
0

57
2.03
0

50
1.39
0

52
1.57
0

49
1.35
0

50
1.23
0

48
1.22
0

47
.97
0

54
1.73
0

55
1.71
0

48
1.04
0

48
1.34
0

53
1.63
0

48
1.17
0

50
1.48
0

53
1.64
0

46
1.27
0

56
1.83
0

51
1.36
0

52
1.51
0

45
1.09
0

53
1.65
0

52
1.46
0

46
.98
0

47
1.11
0

53
1.49
0

52
1.46
0

51
1.33
0

44
.95
0

47
1.03
0

44
.9
0

53
1.66
0

50
1.47
0

48
1.15
0

57
2.09
0

48
1.2
0

54
1.55
0

50
1.28
0

41
.69
0

61
2.36
0

43
.95
0

55
1.65
0

49
1.3
0

47
1.06
0

49
1.18
0

45
.89
0

48
1.18
0

41
.71
0
 
49
1.16
0

52
1.61
0

40
.75
0

49
1.17
0

44
1.08
0

49
1.27
0

47
1.32
0

48
1.09
0

38
.66
0

45
.91
0

53
1.44
0

48
1.11
0

44
.87
0

50
1.35
0

50
1.41
0

52
1.55
0

46
1.05
0

53
1.58
0

53
1.53
0

49
1.26
0

47
1.12
0

47
1.1
0

49
1.37
0

47
1.16
0

43
.69
0

49
1.22
0

48
1.08
0

52
1.37
0

43
.83
0

48
1.18
0

47
1.11
0

49
1.19
0

52
1.51
0

54
1.74
0

34
.41
0

48
1.12
0

47
1.05
0

54
1.53
0

44
.87
0

48
1.3
0

46
.94
0

50
1.26
0

46
.99
0

48
1.41
0

51
1.48
0
 
44
.92
0
 
50
1.42
0

45
.95
0

51
1.37
0

45
.93
0

47
1.22
0

49
1.31
0

45
1.11
0

54
1.68
0

45
.84
0

45
.92
0

48
1.2
0

48
1.06
0

40
.7
0

50
1.37
0

49
1.16
0

47
1.19
0

45
.88
0

45
.93
0

44
.92
0

49
1.29
0

56
1.8
0

53
1.65
0

46
1.05
0

44
.9
0

40
.63
0

46
1.02
0

40
.65
0

44
.95
0

35
.5
0

39
.56
0

44
.82
0

39
.7
0

44
.83
0

61
2.36
0

59
2.32
0

52
1.59
0

50
1.39
0

56
1.9
0

56
2.07
0

49
1.37
0
 
48
1.19
0

55
1.91
0

53
1.61
0

50
1.36
0

48
1.3
0

48
1.31
0

47
1.18
0

47
1.1
0

52
1.48
0

55
1.75
0

54
1.76
0

51
1.36
0

48
1.34
0
 
47
1.24
0

48
1.2
0

46
1.04
0

61
2.93
0

47
1.05
0

46
1.1
0

54
1.95
0

54
1.65
0

58
2.63
0

57
2.06
0

56
2.03
0

56
2.12
0

55
1.72
0

48
1.54
0

48
1.33
0

59
2.36
0

49
1.41
0

48
1.13
0

50
1.49
0

52
1.51
0

47
1.08
0

53
1.45
0

44
1.01
0

46
1.09
0

53
1.7
0

53
1.62
0

49
1.33
0

49
1.32
0

140397
35  COOPER C.
18  OWIKENO LK
200896
2
2*2*7.5
3
0013
15
0
7  SOCKEYE (FRY)
PROCESSED BY K. DANIEL
110 0% FORMALIN - WGHD AFT 5 WKS
61
50
1.4
0

51
1.37
0
 
50
1.42
0
 
52
1.54
0

49
1.26
0

44
.97
0

53
1.56
0

49
1.34
0

53
1.74
0

49
1.29
0

51
1.44
0

53
1.72
0

49
1.37
0

45
.95
0

49
1.23
0

42
.8
0

52
1.49
0

50
1.39
0

47
1.09
0

42
.81
0

51
1.43
0

48
1.14
0

46
1.06
0

52
1.45
0

41
.8
0

44
1
0

47
1.12
0

42
.78
0

44
.96
0

52
1.49
0

51
1.38
0

50
1.31
0

47
1.13
0

51
1.46
0

39
.72
0

45
1.07
0

41
.76
0

44
.96
0

45
1.02
0

42
.84
0

48
1.04
0

45
.94
0

45
.97
0

45
.98
0

45
.97
0

47
1.07
0

42
.86
0

42
.81
0

45
1.07
0

43
.94
0

46
1.08
0

43
.76
0

39
.64
0
 
43
.84
0

45
1.02
0

45
.96
0

43
.85
0

48
1.19
0

49
1.23
0

42
.77
0

38
.58
0

210397
35  COOPER C.
18  OWIKENO LK
190896
2
2*2*7.5
4
0049
15
23
7  SOCKEYE (FRY)
PROCESSED BY K.DANIEL
110 0% FORMALIN - WGHD AFT 5 WKS
5
55
1.61
0

59
2.33
0

43
.84
0

47
1.13
0

42
.77
0

210397
35  COOPER C.
18  OWIKENO LK
200896
2
2*2*7.5
4
0049
15
23
7  SOCKEYE (FRY)
PROCESSED BY K.DANIEL
110 0% FORMALIN - WGHD AFT 5 WKS
5
55
1.61
0

59
2.33
0

43
.84
0

47
1.13
0

42
.77
0

210397
35  COOPER C.
18  OWIKENO LK
200896
2
2*2*7.5
5
0205
15
36
7  SOCKEYE (FRY)
PROCESSED BY K.DANIEL
1 10% FORMALIN - WGHD AFT 5 WKS
16
49
1.22
0

50
1.32
0

57
2.15
0

50
1.42
0

52
1.4
0

44
.93
0

50
1.3
0

48
1.41
0

53
1.7
0

42
.74
0

46
.96
0

44
.85
0

40
.68
0

41
1.06
0

37
.55
0

37
.56
0

210397
35 COOPER C.
18 OWIKENO LK
200896
2
2*2*7.5
6
0232
15
0
7 SOCKEYE (FRY)
PROCESSED BY K.DANIEL
1 10% FORMALIN - WGHD AFT 5 WKS
100
58
2.03
0
 
47
1.16
0

48
1.22
0

50
1.39
0

51
1.46
0

54
1.69
0

47
1.14
0

54
1.66
0

47
1.15
0

49
1.35
0

53
1.66
0

51
1.38
0

52
1.45
0
 
55
1.66
0

50
1.35
0

44
.94
0

51
1.3
0

51
1.48
0

54
1.81
0

54
1.93
0

48
1.17
0

50
1.36
0

50
1.34
0

50
1.55
0

53
1.7
0

48
1.13
0

50
1.33
0

58
2.19
0

48
1.1
0
 
47
1.17
0

50
1.43
0

52
1.56
0

46
1.08
0

45
1.09
0

46
1.1
0

47
1.14
0

47
1.14
0

47
1.26
0

45
.98
0

45
.98
0

44
.91
0

47
1.06
0

53
1.62
0

46
1.11
0

46
1.02
0

54
1.98
0

53
1.58
0

44
.96
0

49
1.33
0

56
1.92
0

55
1.88
0

50
1.4
0

50
1.44
0

49
1.44
0

48
1.27
0

47
1.05
0

49
1.28
0

45
1.04
0

55
1.89
0

53
1.72
0

46
.99
0

44
.93
0
 
45
.99
0

49
1.28
0

49
1.27
0

42
.8
0

45
1
0

46
.98
0

48
1.17
0

56
1.97
0

47
1.15
0

50
1.41
0

48
1.17
0

47
1.17
0

42
.86
0

45
1
0

42
.89
0

47
1.1
0

47
1.04
0

49
1.32
0

49
1.26
0

47
1.06
0

45
1.02
0

49
1.18
0

38
.58
0

45
.98
0

41
.75
0

45
.92
0

46
1.1
0

40
.65
0

43
.81
0

40
.71
0

42
.7
0

40
.75
0

38
.61
0

38
.62
0

40
.68
0

39
.63
0

39
.63
0

41
.72
0

040497
35  COOPER C.
18  OWIKENO LK
200896
2
2*2*7.5
7
0259
15
46
7  SOCKEYE (FRY)
PROCESSED BY K.DANIEL
1 10% FORMALIN - WGHD AFT 5 WKS
6
61
2.52
0

54
1.73
0

55
1.78
0

50
1.31
0

45
.97
0

44
1.01
0

040497
35   COOPER C.
18   OWIKENO LK
200896
2
2*2*7.5
8
0325
15
10
7   SOCKEYE (FRY)
PROCESSED BY K. DANIEL
1 10% FORMALIN - WGHD AFT 5 WKS
6
48
1.2
0

47
1.25
0

45
.95
0

46
1.1
0

40
.69
0

47
1.08
0

040497
35   COOPER C.
18   OWIKENO LK
200896
2
2*2*7.5
9
0433
15
46
7   SOCKEYE (FRY)
PROCESSED BY K. DANIEL
1 10% FORMALIN - WGHD AFT 5 WKS
90
52
1.58
0

51
1.48
0

49
1.32
0

49
1.31
0

47
1.17
0

50
1.46
0

51
1.52
0

47
1.1
0

41
.8
0

49
1.23
0

39
.63
0

42
.79
0

47
1.17
0

52
1.54
0

32
.32
0

43
.78
0

50
1.25
0

41
.74
0

46
.96
0

53
1.42
0

44
1
0

48
1.21
0

50
1.27
0

46
1.04
0

50
1.35
0

50
1.33
0

44
.97
0

46
1.17
0

47
1.2
0

46
1.15
0

45
.93
0

48
1.23
0

44
.91
0

48
1.18
0

48
1.25
0

37
.54
0

48
1.16
0

49
1.11
0

46
1.16
0

45
.96
0

47
1
0

47
1.08
0

40
.54
0

46
1
0

33
.41
0

37
.48
0

42
.87
0

38
.64
0

48
1.1
0

34
.38
0

44
.87
0

45
.89
0

42
.77
0
 
44
.82
0

40
.65
0

38
.64
0

44
.87
0

38
.56
0

39
.69
0

43
.98
0

41
.68
0

42
.77
0

41
.69
0

39
.69
0

38
.63
0

40
.7
0

38
.6
0

38
.5
0

39
.59
0

41
.73
0

43
.87
0

42
.73
0

36
.43
0

48
1.22
0

44
.92
0

43
.92
0

47
1.12
0

53
1.66
0

52
1.55
0

37
.5
0

36
.52
0

44
.9
0

31
.32
0

47
1.17
0

48
1.19
0

38
.56
0

35
.37
0

34
.36
0

34
.44
0

45
1.01
0

110497
35 COOPER C.
18 OWIKENO LK
210896
2
2*2*7.5
10
2104
15
0
7 SOCKEYE (FRY)
PROCESSED BY K.DANIEL
1 10% FORMALIN - WGHD AFT 5 WKS
6
42
.82
0

49
1.26
0

43
1.03
0

42
.68
0

55
1.75
0

39
.56
0

110497
35  COOPER C.
18  OWIKENO LK
210896
2
2*2*7.5
11
2148
15
0
7  SOCKEYE (FRY)
PROCESSED BY K.DANIEL
1 10% FORMALIN - WGHD AFT 5 WKS
4
42
.86
0

40
.67
0

46
1.13
0

39
.57
0

110497
35  COOPER C.
18  OWIKENO LK
210896
2
2*2*7.5
12
2214
15
22
7 SOCKEYE (FRY)
PROCESSED BY K.DANIEL
1 10% FORMALIN - WGHD AFT 5 WKS
5
51
1.67
0

55
1.87
0

48
1.19
0

44
1.04
0

38
.63
0

110497
35  COOPER C.
18  OWIKENO LK
210896
2
2*2*7.5
13
2234
15
8
7 SOCKEYE (FRY)
PROCESSED BY K.DANIEL
1 10% FORMALIN - WGHD AFT 5 WKS
4
44
1.08
0

48
1.39
0

38
.6
0

53
1.49
0

110497
35  COOPER C.
18  OWIKENO LK
210896
2
2*2*7.5
14
2253
15
22
7 SOCKEYE (FRY)
PROCESSED BY K.DANIEL
1 10% FORMALIN - WGHD AFT 5 WKS
7
56
1.95
0

44
1.05
0

43
.86
0

59
2.5
0

39
.68
0

40
.71
0

38
.62
0

110497
35  COOPER C.
18  OWIKENO LK
210896
2
2*2*7.5
15
2313
15
8
7 SOCKEYE (FRY)
PROCESSED BY K.DANIEL
1 10% FORMALIN - WGHD AFT 5 WKS
17
48
1.22
0

52
1.55
0

52
1.39
0

52
1.64
0

51
1.59
0

39
.63
0

53
1.56
0

53
1.67
0

48
1.2
0

47
1.05
0

46
1.04
0

49
1.33
0

40
.68
0

44
.96
0

42
.78
0

46
1.1
0

47
1.02
0

110497
35  COOPER C.
18  OWIKENO LK
220896
2
2*2*7.5
16
0011
15
0
7 SOCKEYE (FRY)
PROCESSED BY K.DANIEL
1 10% FORMALIN - WGHD AFT 5 WKS
13
54
1.6
0

54
1.77
0

47
1.07
0

40
.71
0

40
.67
0

39
.62
0

40
.64
0

44
.87
0

39
.59
0

46
1.06
0

48
1.09
0

39
.64
0

38
.63
0

110497
35  COOPER C.
18  OWIKENO LK
220896
2
2*2*7.5
17
0031
15
0
7 SOCKEYE (FRY)
PROCESSED BY K.DANIEL
1 10% FORMALIN - WGHD AFT 5 WKS
10
35
.37
0

42
.7
0

36
.54
0

38
.54
0

33
.31
0

39
.42
0

35
.48
0

34
.32
0

39
.61
0

31
.21
0

170497
35  COOPER C.
18  OWIKENO LK
220896
2
2*2*7.5
18
0056
15
28
7  SOCKEYE (FRY)
PROCESSED BY K.DANIEL
1 10% FORMALIN - WGHD AFT 5 WKS
97
36
.45
0

38
.55
0

43
.84
0

51
1.55
0

38
.6
0

39
.65
0

40
.72
0

42
.74
0

38
.59
0

40
.57
0

33
.32
0

40
.67
0

43
.78
0

39
.61
0

38
.52
0

37
.43
0

41
.64
0

34
.37
0

36
.48
0

42
.76
0

34
.43
0

39
.57
0

41
.71
0

42
.73
0

43
.79
0

36
.5
0

42
.75
0

40
.69
0

34
.41
0

42
.73
0

42
.73
0

41
.76
0

37
.53
0

39
.55
0

39
.56
0

41
.77
0

31
.3
0
 
38
.51
0
 
39
.61
0

35
.48
0

36
.49
0

34
.39
0

38
.53
0

37
.5
0

35
.39
0

34
.37
0

41
.69
0

33
.38
0

39
.59
0

35
.44
0

39
.34
0

38
.58
0

41
.76
0

37
.5
0

34
.47
0

40
.68
0

38
.5
0

36
.39
0

39
.38
0

32
.25
0

32
.33
0

34
.35
0

37
.55
0

33
.37
0

33
.4
0

35
.42
0

35
.41
0

34
.39
0

35
.47
0

29
.25
0

35
.42
0

37
.38
0

36
.44
0

33
.35
0

33
.35
0

32
.33
0

33
.34
0

34
.37
0

35
.41
0

33
.36
0

32
.26
0

34
.33
0

34
.31
0

32
.33
0

35
.29
0
 
33
.26
0
 
35
.34
0

44
.78
0

42
.76
0

36
.43
0

35
.4
0

36
.41
0

36
.4
0

37
.45
0

35
.45
0

32
.29
0

33
.35
0

170497
35  COOPER C.
18  OWIKENO LK
220896
2
2*2*7.5
19
0120
15                
28
7 SOCKEYE (FRY)
1PROCESSED BY K.DANIEL
1 10% FORMALIN - WGHD AFT 5 WKS
80
58
2.36
0

46
.87
0

54
1.76
0

36
.55
0

43
.75
0

37
.43
0

34
.4
0

39
.66
0

39
.63
0

48
1.15
0

47
1.07
0

38
.59
0

39
.65
0

45
.94
0

37
.49
0

38
.55
0

41
.67
0

41
.81
0

44
.86
0

47
1.09
0

40
.57
0

40
.65
0

36
.47
0

36
.41
0

40
.62
0

38
.65
0

35
.4
0

32
.27
0

42
.77
0

40
.61
0

37
.48
0

39
.64
0

38
.59
0

37
.56
0

39
.63
0

39
.59
0

42
.76
0
 
40
.69
0
 
29
.23
0

35
.41
0

35
.43
0

39
.66
0

43
.82
0

39
.54
0

36
.48
0

36
.42
0

44
.83
0

42
.82
0

40
.66
0

36
.44
0

39
.35
0

38
.7
0

34
.4
0

31
.32
0

33
.27
0

38
.51
0

38
.56
0

32
.29
0

33
.34
0

40
.57
0

33
.3
0

38
.49
0

37
.35
0

33
.41
0

36
.47
0

38
.47
0

36
.46
0

38
.44
0

36
.47
0

36
.44
0

33
.32
0

32
.31
0

30
.29
0
 
35
.47
0

34
.32
0

32
.32
0

31
.26
0

33
.34
0

31
.31
0

38
.47
0

170497
35   COOPER C. 
18   OWIKENO LK 
220896
2
2*2*7.5
20
0226
15                
0
7  SOCKEYE (FRY) 
PROCESSED BY K.DANIEL
1 10% FORMALIN - WGHD AFT 5 WKS
42
39
.62
0
 
43
.79
0
 
47
1.21
0
 
46
.98
0
 
43
.95
0
 
45
.87
0
 
50
1.35
0
 
49
1.21
0
 
49
1.15
0
 
52
1.48
0
 
37
.53
0
 
59
2.06
0
 
55
1.69
0
 
51
1.28
0
 
46
1.06
0
 
32
.27
0
 
45
.83
0
 
44
.8
0
 
47
1.02
0
 
43
.76
0
 
47
1.26
0
 
41
.64
0
 
36
.37
0
 
37
.43
0
 
38
.48
0
 
41
.6
0
 
41
.75
0
 
52
1.49
0
 
38
.52
0
 
48
1.13
0
 
34
.32
0
 
45
.94
0
 
39
.58
0
 
50
1.21
0
 
36
.5
0
 
43
.84
0
 
42
.73
0
 
33
.35
0
 
38
.5
0
 
37
.44
0
 
37
.51
0
 
33
.22
0
 
031097
35  COOPER C.
18  OWIKENO LK
220896
2
2*2*7.5
21
0250
15
16
7  SOCKEYE (FRY)
PROCESSED BY K. DANIEL
110 0% FORMALIN - WGHD AFT 5 WKS
17
45
1.03
0
 
52
1.59
0
 
41
.71
0
 
53
1.66
0
 
46
.9
0
 
42
.72
0
 
48
1.28
0
 
36
.44
0
 
47
1.13
0
 
48
1.07
0
 
41
.67
0
 
46
1.14
0
 
47
1.17
0
 
38
.6
0
 
42
.81
0
 
47
.8
0
 
40
.66
0
 
031097
35  COOPER C.
18  OWIKENO LK
220896
2
2*2*7.5
22
0311
15
32
7  SOCKEYE (FRY)
PROCESSED BY K. DANIEL
110 0% FORMALIN - WGHD AFT 5 WKS
28
53
1.55
0
 
47
1.07
0
 
45
1.02
0
 
44
.92
0
 
48
1.44
0
 
47
1.09
0
 
41
.71
0
 
46
1.04
0
 
44
.99
0
 
38
.61
0
 
45
1.01
0
 
41
.68
0
 
52
1.63
0
 
43
.96
0
 
49
1.37
0
 
39
.59
0
 
39
.62
0
 
46
1.12
0
 
44
.88
0
 
37
.56
0
 
48
1.28
0
 
51
1.53
0
 
44
1
0
 
39
.68
0
 
47
1.13
0
 
46
1.04
0
 
38
.64
0
 
36
.46
0
 
031097
35  COOPER C.
18  OWIKENO LK
220896
2
2*2*7.5
23
0336
15
16
7  SOCKEYE (FRY)
PROCESSED BY K. DANIEL
110 0% FORMALIN - WGHD AFT 5 WKS
21
44
.95
0
 
49
1.38
0
 
38
.59
0
 
45
1.07
0
 
47
1.17
0
 
42
.83
0
 
45
1.06
0
 
45
1.01
0
 
47
1.2
0
 
40
.68
0
 
36
.49
0
 
43
.9
0
 
51
1.48
0
 
47
1.15
0
 
51
1.47
0
 
44
.92
0
 
41
.74
0
 
46
1.02
0
 
42
.9
0
 
42
.99
0
 
44
.94
0
 
031097
35  COOPER C.
18  OWIKENO LK
220896
2
2*2*7.5
24
0358
15
32
7  SOCKEYE (FRY)
PROCESSED BY K. DANIEL
110 0% FORMALIN - WGHD AFT 5 WKS
12
45
1.02
0
 
49
1.34
0
 
48
1.26
0
 
49
1.32
0
 
48
1.19
0
 
49
1.36
0
 
45
1.04
0
 
46
1.1
0
 
33
.43
0
 
41
.75
0
 
36
.56
0
 
47
.88
0
 
101097
35    COOPER C.
18    OWIKENO LK
220896
2
2*2*7.5
25
0420
15
0
7 SOCKEYE (FRY)
PROCESSED BY K. DANIEL
1 10% FORMALIN - WGHD AFT 5 WKS
71
40
.55
0

41
.66
0

47
1.14
0

49
1.28
0

49
1.28
0

57
1.82
0

55
1.86
0

47
.95
0

51
1.42
0

36
.54
0

49
1.3
0

51
1.42
0

42
.82
0

46
1.05
0

38
.55
0

49
1.24
0

44
.91
0

41
.75
0

47
1.03
0

45
.9
0

46
.97
0

37
.5
0

46
.97
0

48
1.09
0

42
.78
0

49
1.27
0

45
.9
0

42
.75
0

42
.67
0

43
.78
0

48
1.01
0

53
1.6
0

39
.62
0

53
1.78
0

44
.9
0

45
1.05
0

47
1
0

48
1.32
0

43
.81
0

47
1.12
0

44
1.01
0

40
.64
0

49
1.34
0

43
.8
0

43
.76
0

49
1.14
0

43
.84
0

43
.75
0

46
1
0

44
.87
0

41
.7
0

41
.68
0

47
1.08
0
 
37
.48
0

45
.92
0

46
.95
0

36
.42
0

44
.92
0

40
.64
0

41
.69
0
 
40
.67
0
 
44
.88
0

45
.91
0

48
.99
0
 
43
.77
0

39
.55
0

40
.61
0

35
.48
0

36
.38
0

37
.56
0

37
.43
0

140397
35 COOPER C.
18 OWIKENO LK
190896
2
2*2*7.5
1
2316
15
0
11 CHINOOK
PROCESSED BY K. DANIEL
1 10% FORMALIN - WGHD AFT 5 WKS
1
79
6.13
1
A
170497
35   COOPER C.
18   OWIKENO LK
220896
2
2*2*7.5
17
0031
15                
0
11   CHINOOK
PROCESSED BY K.DANIEL
110  0% FORMALIN - WGHD AFT 5 WKS
1
65
3.18
1
A
170497
35 COOPER C.
18 OWIKENO LK
220896
2
2*2*7.5
20
0226
15                
0
11 CHINOOK
PROCESSED BY K.DANIEL
1 10% FORMALIN - WGHD AFT 5 WKS
1
76
6.36
1
A
101297
99 UNKNOWN
26 IAN LK
130996
2
2*2*7TRAWL
1
2200
15
0 
2 STICKLEBACK
THE OBSERVER IS MICHAEL MCCULLOCH FOR PAUL RANKIN. THIS TRAWL CONTAINED FOUR  COTTIDS THAT WERE BADLY MANGLED (ALL WERE UNDER 25MM).
1 10% FORMALIN - WGHD AFT 5 WKS
2
32
.22
0

36
.37
0

101297
99 UNKNOWN
26 IAN LK
130996
2
2*2*7TRAWL
2
2223
15
0 
2 STICKLEBACK
THE OBSERVER IS MICHAEL MCCULLOCH FOR PAUL RANKIN.
1 10% FORMALIN - WGHD AFT 5 WKS
2
37
.63
0

47
1.01
0

101296
99    UNKNOWN
26 IAN LK
131096
2
2*2*7.5NET
5
2356
15
5
7 SOCKEYE (FRY)
OBSERVER IS MICHAEL MCCULLOCH. SCALE BOOK NUMBER IS 41465 A.
110   0% FORMALIN - WGHD AFT 5 WKS
2
63
2.62
0
A
123
26.82
1
A
101297
99  UNKNOWN
26  IAN LK
130996
2
2*2*7TRAWL
4
2325
15
20
7 SOCKEYE (FRY)
OBSERVER IS MICHAEL MCCULLOCH FOR PAUL RANKIN.                                      
110 0% FORMALIN - WGHD AFT 5 WKS
6
57
2.1
0

54
2.01
0
A
53
1.86
0
 
52
1.83
0
 
55
1.9
0
 
47
1.15
0
 
101297
99   UNKNOWN
26   IAN LK
130996
2
2*2*7TRAWL
5
2356
15
20
7  SOCKEYE (FRY)
THE OBSERVER IS MIKE MCCULLOCH FOR PAUL RANKIN.    THE SCALE BOOK NUMBER IS 41465 A.  
110  0% FORMALIN - WGHD AFT 5 WKS
2
63
2.62
0

123
26.82
1
A
101297
99 UNKNOWN
26 IAN LK
130996
2
2*2*7TRAWL
6
0019
15
20
7 SOCKEYE (FRY)
THE OBSERVER IS MICHAEL MCCULLOCH FOR PAUL RANKIN.
1 10% FORMALIN - WGHD AFT 5 WKS
4
48
1.32
0

57
2.35
0

58
2.58
0

56
1.85
0

050198
99 UNKNOWN
40 KENNEDY L (CLAY)
200297
2
2*2*7.5TRAWL 
2
2346
15
12
2 STICKLEBACK
THE OBSERVER IS MIKE MCCULLOCH FOR PAUL RANKIN.  
1 10% FORMALIN - WGHD AFT 5 WKS
3
58
1.85
0

52
1.23
0

54
1.35
0

050198
99 UNKNOWN
40 KENNEDY L (CLAY)
200297
2
2*2*7.5TRAWL 
3
0005
15
17
2 STICKLEBACK
THE OBSERVER IS MIKE MCCULLOCH FOR PAUL RANKIN.  
1 10% FORMALIN - WGHD AFT 5 WKS
3
60
2.41
0

58
2.14
0

57
1.8
0

140198
99 UNKNOWN
40 KENNEDY L (CLAY)
200297
2
2*2*7.5MTRAWL
5
0103
30
12
2 STICKLEBACK
THE OBSERVER IS MIKE MCCULLOCH FOR PAUL RANKIN.
1 10% FORMALIN - WGHD AFT 5 WKS
6
67
2.9
0

69
3.48
0

67
2.63
0

52
1.23
0

52
1.31
0
 
53
1.27
0

140198
99 UNKNOWN
40 KENNEDY L (CLAY)
200297
2
2*2*7.5MTRAWL
6
0138
30
17
2 STICKLEBACK
THE OBSERVER IS MIKE MCCULLOCH FOR PAUL RANKIN.
1 10% FORMALIN - WGHD AFT 5 WKS
5
67
3.01
0

62
2.2
0

62
2
0

47
1.03
0

57
1.78
0

050198
99 UNKNOWN
40 KENNEDY L (CLAY)
200297
2
2*2*7.5TRAWL 
2
2346
15
12
26 STICKLEBACK FRY
THE OBSERVER IS MIKE MCCULLOCH FOR PAUL RANKIN.  
1 10% FORMALIN - WGHD AFT 5 WKS
6
29
.23
0

28
.2
0

26
.16
0

26
.14
0

26
.14
0

26
.16
0

050198
99 UNKNOWN
40 KENNEDY L (CLAY)
200297
2
2*2*7.5TRAWL 
3
0005
15
17
26 STICKLEBACK FRY
THE OBSERVER IS MIKE MCCULLOCH FOR PAUL RANKIN.  
1 10% FORMALIN - WGHD AFT 5 WKS
2
26
.16
0

29
.17
0

140198
99 UNKNOWN
40 KENNEDY L (CLAY)
200297
2
2*2*7.5MTRAWL
5
0103
30
12
26 STICKLEBACK FRY
THE OBSERVER IS MIKE MCCULLOCH FOR PAUL RANKIN.
1 10% FORMALIN - WGHD AFT 5 WKS
2
29
.17
0

29
.16
0

140198
99 UNKNOWN
40 KENNEDY L (CLAY)
200297
2
2*2*7.5MTRAWL
6
0138
30
17
26 STICKLEBACK FRY
THE OBSERVER IS MIKE MCCULLOCH FOR PAUL RANKIN.
1 10% FORMALIN - WGHD AFT 5 WKS
2
29
.22
0

28
.19
0

050198
99 UNKNOWN
40 KENNEDY L (CLAY)
200297
2
2*2*7.5TRAWL 
2
2346
15
12
27 STICKLEBACK (SUBADULT)
THE OBSERVER IS MIKE MCCULLOCH FOR PAUL RANKIN.  
1 10% FORMALIN - WGHD AFT 5 WKS
10
41
.36
0

37
.42
0

36
.37
0

38
.4
0

33
.27
0

33
.31
0

35
.32
0

34
.31
0

33
.29
0

33
.3
0

050198
99 UNKNOWN
40 KENNEDY L (CLAY)
200297
2
2*2*7.5TRAWL 
3
0005
15
17
27 STICKLEBACK (SUBADULT)
THE OBSERVER IS MIKE MCCULLOCH FOR PAUL RANKIN.  
1 10% FORMALIN - WGHD AFT 5 WKS
21
49
1.15
0

49
1.04
0

48
.98
0

41
.61
0

38
.41
0

38
.48
0

38
.47
0

37
.37
0

35
.39
0
 
38
.49
0
 
38
.45
0
 
39
.98
0

43
.65
0

40
.48
0

35
.27
0

38
.42
0

33
.33
0

36
.37
0

35
.33
0

35
.32
0

30
.18
0

140198
99 UNKNOWN
40 KENNEDY L (CLAY)
200297
2
2*2*7.5MTRAWL
5
0103
30
12
27 STICKLEBACK (SUBADULT)
THE OBSERVER IS MIKE MCCULLOCH FOR PAUL RANKIN.
1 10% FORMALIN - WGHD AFT 5 WKS
8
49
1.08
0

47
.92
0

38
.44
0

33
.27
0

36
.37
0
 
34
.27
0

33
.29
0

33
.26
0

140198
99 UNKNOWN
40 KENNEDY L (CLAY)
200297
2
2*2*7.5MTRAWL
6
0138
30
17
27 STICKLEBACK (SUBADULT)
THE OBSERVER IS MIKE MCCULLOCH FOR PAUL RANKIN.
1 10% FORMALIN - WGHD AFT 5 WKS
14
47
.95
0

39
.55
0

43
.8
0

42
.62
0

42
.65
0

43
.55
0

39
.53
0

37
.39
0

36
.39
0

33
.35
0

32
.25
0

33
.28
0

31
.24
0

31
.24
0

231297
99        UNKNOWN
41  KENNEDY L (MAIN)
011196
2
2*2*7.5 TRAWL
3
1933
15
22
2  STICKLEBACK
THE OBSERVER IS MIKE MCCULLOCH FOR PAUL RANKIN.
110       0% FORMALIN - WGHD AFT 5 WKS
1
58
2.17
0

311297
99  UNKNOWN
41 KENNEDY L (MAIN)
200297
2
2*2*7.5TRAWL
3
1859
15
12
2 STICKLEBACK
THE OBSERVER IS MIKE MCCULLOCH FOR PAUL RANKIN.
110 0% FORMALIN - WGHD AFT 5 WKS
2
53
1.22
0
A
49
1.09
0
A
231297
99        UNKNOWN
41  KENNEDY L (MAIN)
011196
2
2*2*7.5 TRAWL
4
1956
15
17
2  STICKLEBACK
THE OBSERVER IS MIKE MCCULLOCH FOR PAUL RANKIN.
110       0% FORMALIN - WGHD AFT 5 WKS
1
58
1.96
0

231297
99       UNKNOWN
41 KENNEDY L (MAIN)
011196
2
2*2*7.5 TRAWL
5
2247
15
17
2 STICKLEBACK
THE OBSERVER IS MIKE MCCULLOCH FOR PAUL RANKIN.
110      0% FORMALIN - WGHD AFT 5 WKS
2
65
2.53
0

58
1.94
0
A
211197
35 COOPER C.
41 KENNEDY L (MAIN)
200297
2
2*2*7.5 NET
5
2028
15
8
2 STICKLEBACK
PROCESSED BY K. DANIEL
1 10% FORMALIN - WGHD AFT 5 WKS
2
60
1.92
0

55
1.4
0

291297
99 UNKNOWN
41 KENNEDY L (MAIN)
011196
2
2*2*7.5TRAWL
6
2041
15
17
2 STICKLEBACK
THE OBSERVER IS MIKE MCCULLOCH FOR PAUL RANKIN.
1 10% FORMALIN - WGHD AFT 5 WKS
1
53
1.45
0
 
291297
99  UNKNOWN
41  KENNEDY L (MAIN)
011196
2
2*2*7.5TRAWL
7
2103
15
35
2  STICKLEBACK
THE OBSERVER IS MIKE MCCULLOCH FOR PAUL RANKIN.
110 0% FORMALIN - WGHD AFT 5 WKS
31
52
1.45
0

57
1.78
0

57
2.1
0

53
1.8
0

64
2.34
0

57
1.87
0

56
1.74
0

54
1.49
0

60
2.08
0

63
2.48
0

56
1.77
0

60
1.57
0

55
1.76
0

53
1.51
0

54
1.62
0

57
1.91
0

63
2.57
0

55
1.69
0

54
1.62
0

56
2
0

58
2.17
0

53
1.59
0

57
1.9
0

54
1.66
0

54
1.75
0

57
1.83
0

57
1.71
0

51
1.31
0

52
1.7
0

52
1.53
0

51
1.07
0

050198
99 UNKNOWN
41 KENNEDY L (MAIN)
200297
2
2*2*7.5TRAWL 
7
2023
15
24
2 STICKLEBACK
THE OBSERVER IS MIKE MCCULLOCH FOR PAUL RANKIN.  
1 10% FORMALIN - WGHD AFT 5 WKS
17
61
1.87
0

57
1.72
0

58
1.47
0

68
1.65
0

68
2.54
0

58
1.57
0

55
1.36
0

60
1.73
0

58
1.57
0

56
1.33
0

57
1.35
0

53
1.15
0

57
1.52
0

55
1.41
0

57
1.55
0

60
1.78
0

53
1.29
0

291297
99  UNKNOWN
41  KENNEDY L (MAIN)
011196
2
2*2*7.5TRAWL
8
2127
15
35
2 STICKLEBACK
THE OBSERVER IS MIKE MCCULLOCH FOR PAUL RANKIN.
110 0% FORMALIN - WGHD AFT 5 WKS
25
60
2.23
0

53
1.49
0
 
54
1.57
0

59
2.18
0

62
2.56
0

62
2.05
0

52
1.39
0
 
55
1.8
0

56
1.84
0

55
1.84
0

53
1.77
0

60
2.19
0

61
2.2
0

52
1.35
0

57
1.75
0

53
1.43
0

53
1.81
0

58
2.05
0

53
1.79
0

58
2.21
0

54
1.88
0

57
1.98
0

60
2.4
0

56
1.9
0

53
1.67
0

050198
99 UNKNOWN
41 KENNEDY L (MAIN)
200297
2
2*2*7.5TRAWL 
8
2045
15
12
2 STICKLEBACK
THE OBSERVER IS MIKE MCCULLOCH FOR PAUL RANKIN.  
1 10% FORMALIN - WGHD AFT 5 WKS
11
57
1.51
0

57
1.67
0

54
1.32
0

53
1.34
0

53
1.38
0

52
1.19
0

56
1.59
0

45
.68
0

47
.96
0

57
1.61
0

54
1.31
0

291297
99  UNKNOWN
41  KENNEDY L (MAIN)
011196
2
2*2*7.5TRAWL
9
2150
15
8
2 STICKLEBACK
THE OBSERVER IS MIKE MCCULLOCH FOR PAUL RANKIN.
110 0% FORMALIN - WGHD AFT 5 WKS
2
53
1.55
0

60
2.25
0
 
311297
99  UNKNOWN
41 KENNEDY L (MAIN)
200297
2
2*2*7.5TRAWL
9
2104
15
18
2 STICKLEBACK
THE OBSERVER IS MIKE MCCULLOCH FOR PAUL RANKIN.
110 0% FORMALIN - WGHD AFT 5 WKS
64
53
1.36
0
A
55
1.44
0
A
55
1.62
0
A
54
1.6
0
A
57
1.66
0
A
55
1.63
0

53
1.39
0
 
57
1.68
0

57
1.74
0

61
2.17
0

57
1.81
0

54
1.44
0

59
1.88
0

55
1.7
0

57
2.18
0

61
1.89
0

56
1.3
0

58
1.79
0

61
2.16
0
 
55
1.53
0

53
1.3
0

55
1.3
0

55
1.92
0
 
62
2.16
0

54
1.75
0

53
1.4
0

55
1.66
0

66
2.9
0

59
1.98
0

56
1.6
0

56
1.72
0

54
1.68
0

54
1.36
0

57
1.82
0

58
1.7
0

60
2.16
0

62
1.31
0

56
1.51
0

57
1.64
0

52
1.32
0

55
1.5
0

55
1.42
0

55
1.59
0

57
1.87
0

51
1.24
0

58
1.66
0

57
1.65
0

56
1.69
0

58
1.94
0

47
1
0

53
1.29
0

59
2.05
0

55
1.59
0

56
1.46
0

54
1.78
0

52
1.4
0

57
1.52
0

53
1.46
0

57
1.85
0

53
1.21
0

54
1.44
0

53
1.39
0

58
1.81
0

52
1.15
0

291297
99  UNKNOWN
41  KENNEDY L (MAIN)
011196
2
2*2*7.5TRAWL
10
2201
15
8
2 STICKLEBACK
THE OBSERVER IS MIKE MCCULLOCH FOR PAUL RANKIN.
110 0% FORMALIN - WGHD AFT 5 WKS
1
54
1.6
0

311297
99  UNKNOWN
41 KENNEDY L (MAIN)
200297
2
2*2*7.5TRAWL
3
1859
15
12
7 SOCKEYE (FRY)
THE OBSERVER IS MIKE MCCULLOCH FOR PAUL RANKIN.
110 0% FORMALIN - WGHD AFT 5 WKS
6
28
.16
0
A
31
.24
0
A
31
.19
0
A
30
.22
0
A
29
.25
0
A
29
.2
0

231297
99        UNKNOWN
41  KENNEDY L (MAIN)
011196
2
2*2*7.5 TRAWL
3
1933
15
22
26  STICKLEBACK FRY
THE OBSERVER IS MIKE MCCULLOCH FOR PAUL RANKIN.
110       0% FORMALIN - WGHD AFT 5 WKS
16
26
.15
0

26
.12
0
A
27
.14
0

27
.12
0

25
.11
0

25
.12
0

24
.12
0

27
.14
0
A
29
.2
0
A
28
.16
0

28
.14
0

28
.16
0

29
.21
0
A
27
.16
0
A
27
.14
0
A
28
.18
0
A
311297
99  UNKNOWN
41 KENNEDY L (MAIN)
200297
2
2*2*7.5TRAWL
3
1859
15
12
26 STICKLEBACK FRY
THE OBSERVER IS MIKE MCCULLOCH FOR PAUL RANKIN.
110 0% FORMALIN - WGHD AFT 5 WKS
12
27
.13
0
A
29
.21
0
A
26
.12
0
A
28
.16
0
A
28
.17
0
A
29
.16
0

28
.15
0
 
29
.14
0

23
.11
0

28
.14
0

28
.17
0

28
.18
0

231297
99        UNKNOWN
41  KENNEDY L (MAIN)
011196
2
2*2*7.5 TRAWL
4
1956
15
17
26  STICKLEBACK FRY
THE OBSERVER IS MIKE MCCULLOCH FOR PAUL RANKIN.
110       0% FORMALIN - WGHD AFT 5 WKS
66
27
.16
0

25
.12
0
A
25
.14
0

28
.17
0

28
.15
0

28
.15
0

26
.12
0

25
.11
0
A
29
.2
0
A
28
.17
0

28
.16
0

27
.16
0

29
.18
0
A
27
.16
0
A
29
.21
0

29
.21
0

27
.18
0

28
.18
0

23
.09
0

28
.2
0

26
.15
0

29
.23
0

24
.11
0

29
.2
0

23
.1
0

28
.19
0

24
.11
0

24
.08
0

27
.12
0

27
.14
0

27
.13
0

26
.14
0

25
.11
0

27
.14
0

25
.13
0

25
.13
0

26
.14
0

29
.14
0

28
.17
0

27
.16
0

29
.17
0

28
.16
0

29
.14
0

28
.18
0

29
.2
0

29
.19
0

27
.16
0

28
.19
0

29
.17
0

29
.19
0

26
.15
0

28
.17
0

28
.16
0

29
.23
0

29
.2
0

29
.2
0

29
.2
0

28
.18
0

27
.16
0

27
.14
0

29
.21
0

28
.16
0

29
.22
0

28
.17
0

28
.17
0

29
.2
0

231297
99        UNKNOWN
41  KENNEDY L (MAIN)
011196
2
2*2*7.5 TRAWL
5
2019
15
17
26  STICKLEBACK FRY
THE OBSERVER IS MIKE MCCULLOCH FOR PAUL RANKIN.
110       0% FORMALIN - WGHD AFT 5 WKS
18
24
.1
0

26
.14
0
A
28
.18
0

27
.16
0

24
.11
0

28
.18
0

29
.21
0

26
.14
0
A
28
.18
0
A
27
.18
0

27
.17
0

27
.14
0

26
.12
0
A
29
.19
0
A
28
.17
0

29
.18
0

29
.2
0

29
.21
0

211197
35 COOPER C.
41 KENNEDY L (MAIN)
200297
2
2*2*7.5 NET
5
2028
15
8
26 STICKLEBACK FRY
PROCESSED BY K. DANIEL
1 10% FORMALIN - WGHD AFT 5 WKS
200
25
.08
0

27
.11
0

28
.11
0

26
.09
0

26
.08
0

25
.08
0

25
.09
0

28
.12
0

25
.1
0

29
.08
0

25
.1
0

24
.07
0

23
.09
0

25
.1
0

26
.11
0

28
.12
0

27
.12
0

27
.13
0

25
.1
0

26
.1
0

23
.08
0

23
.07
0

27
.12
0

29
.14
0

26
.11
0

26
.11
0

24
.1
0

23
.08
0

25
.1
0

25
.09
0

25
.13
0

24
.08
0

26
.1
0

25
.09
0

27
.1
0

24
.08
0

27
.12
0

29
.13
0

27
.12
0

26
.12
0

29
.15
0

26
.11
0

24
.12
0

27
.13
0

28
.13
0

27
.11
0

28
.13
0

29
.16
0

27
.13
0

28
.11
0

29
.14
0

27
.11
0

23
.09
0

25
.1
0

27
.12
0

27
.13
0

26
.1
0

29
.15
0

25
.1
0

28
.13
0

27
.11
0

26
.09
0

28
.12
0

29
.16
0

27
.12
0

27
.12
0

27
.11
0

28
.14
0

28
.11
0

28
.13
0

28
.14
0

.28
.11
0

28
.12
0

27
.1
0

24
.07
0

25
.1
0

27
.1
0

27
.11
0

29
.14
0

23
.07
0

24
.1
0

27
.11
0

23
.08
0

25
.11
0

29
.12
0

27
.11
0

27
.12
0

27
.12
0

29
.16
0

24
.08
0

27
.12
0

28
.13
0

29
.13
0

26
.11
0

27
.11
0

24
.1
0

25
.1
0

28
.12
0

23
.09
0

26
.12
0

23
.07
0

28
.16
0

28
.13
0

27
.13
0

29
.17
0

24
.1
0

24
.09
0

27
.14
0

29
.15
0

26
.12
0

27
.13
0

26
.13
0

28
.14
0

29
.15
0

29
.14
0

26
.12
0

25
.1
0

25
.1
0

25
.11
0

28
.15
0

24
.12
0

28
.13
0

28
.15
0

25
.09
0

28
.15
0

27
.12
0

29
.17
0

24
.12
0

28
.16
0

28
.14
0

23
.09
0

22
.08
0

27
.14
0

23
.09
0

26
.11
0

26
.13
0

21
.08
0

25
.11
0

24
.1
0

26
.14
0

25
.11
0

26
.1
0

24
.1
0

23
.1
0

25
.11
0

24
.09
0

25
.11
0

27
.16
0

27
.14
0

26
.13
0

26
.12
0

23
.1
0

22
.07
0
 
27
.13
0

23
.09
0

26
.11
0

28
.13
0

26
.12
0

23
.09
0

23
.09
0

25
.12
0

24
.12
0

27
.14
0

27
.11
0

28
.14
0

27
.14
0

27
.13
0

25
.1
0

25
.11
0

25
.1
0

24
.11
0

24
.09
0

25
.1
0

28
.14
0

24
.1
0

23
.08
0

25
.11
0

27
.13
0

24
.1
0

24
.11
0

27
.14
0

23
.08
0

26
.1
0

25
.11
0

25
.11
0

27
.13
0

25
.1
0

25
.1
0

27
.13
0

24
.1
0

27
.13
0

27
.13
0

26
.12
0

28
.14
0

27
.11
0

23
.07
0

26
.13
0

24
.1
0

26
.12
0

27
.13
0

291297
99 UNKNOWN
41 KENNEDY L (MAIN)
011196
2
2*2*7.5TRAWL
6
2041
15
17
26 STICKLEBACK FRY
THE OBSERVER IS MIKE MCCULLOCH FOR PAUL RANKIN.
1 10% FORMALIN - WGHD AFT 5 WKS
25
22
.07
0
 
28
.12
0

29
.2
0

28
.16
0

27
.13
0

24
.12
0

28
.16
0

24
.09
0

24
.09
0

28
.17
0

38
.13
0

25
.1
0

24
.09
0

26
.13
0

27
.14
0

29
.18
0

26
.14
0

28
.16
0

28
.14
0

29
.17
0

28
.16
0

28
.18
0

29
.17
0

29
.2
0

29
.19
0

291297
99  UNKNOWN
41  KENNEDY L (MAIN)
011196
2
2*2*7.5TRAWL
7
2103
15
35
26 STICKLEBACK FRY
THE OBSERVER IS MIKE MCCULLOCH FOR PAUL RANKIN.
110 0% FORMALIN - WGHD AFT 5 WKS
12
28
.19
0

29
.25
0
 
29
.23
0

28
.24
0

27
.23
0

28
.24
0

28
.22
0

28
.18
0

24
.15
0

27
.19
0

25
.15
0

23
.12
0

050198
99 UNKNOWN
41 KENNEDY L (MAIN)
200297
2
2*2*7.5TRAWL 
7
2023
15
24
26 STICKLEBACK FRY
THE OBSERVER IS MIKE MCCULLOCH FOR PAUL RANKIN.  
1 10% FORMALIN - WGHD AFT 5 WKS
15
26
.14
0

25
.13
0

28
.18
0

29
.18
0

29
.19
0

28
.16
0

25
.11
0

28
.14
0

29
.13
0

27
.13
0

25
.1
0

29
.16
0

27
.11
0

28
.14
0

28
.15
0

050198
99 UNKNOWN
41 KENNEDY L (MAIN)
200297
2
2*2*7.5TRAWL 
8
2045
15
12
26 STICKLEBACK FRY
THE OBSERVER IS MIKE MCCULLOCH FOR PAUL RANKIN.  
1 10% FORMALIN - WGHD AFT 5 WKS
9
29
.17
0

29
.2
0

28
.17
0

29
.19
0

26
.12
0

29
.17
0

26
.14
0

27
.11
0

28
.15
0

291297
99  UNKNOWN
41  KENNEDY L (MAIN)
011196
2
2*2*7.5TRAWL
9
2150
15
8
26 STICKLEBACK FRY
THE OBSERVER IS MIKE MCCULLOCH FOR PAUL RANKIN.
110 0% FORMALIN - WGHD AFT 5 WKS
4
24
.11
0

27
.17
0
 
24
.13
0

28
.22
0

311297
99  UNKNOWN
41 KENNEDY L (MAIN)
200297
2
2*2*7.5TRAWL
9
2104
15
18
26 STICKLEBACK FRY
THE OBSERVER IS MIKE MCCULLOCH FOR PAUL RANKIN.
110 0% FORMALIN - WGHD AFT 5 WKS
4
29
.25
0
A
26
.15
0
A
27
.16
0
A
21
.17
0
A
231297
99        UNKNOWN
41  KENNEDY L (MAIN)
011196
2
2*2*7.5 TRAWL
3
1933
15
22
27  STICKLEBACK (SUBADULT)
THE OBSERVER IS MIKE MCCULLOCH FOR PAUL RANKIN.
110       0% FORMALIN - WGHD AFT 5 WKS
10
31
.24
0

31
.24
0
A
31
.21
0

30
.21
0

31
.22
0

33
.26
0

33
.25
0

45
.57
0
A
33
.31
0
A
33
.32
0

311297
99  UNKNOWN
41 KENNEDY L (MAIN)
200297
2
2*2*7.5TRAWL
3
1859
15
12
27 STICKLEBACK (SUBADULT)
THE OBSERVER IS MIKE MCCULLOCH FOR PAUL RANKIN.
110 0% FORMALIN - WGHD AFT 5 WKS
75
36
.38
0
A
33
.3
0
A
30
.2
0
A
34
.31
0
A
33
.27
0
A
34
.34
0
 
34
.29
0
 
33
.29
0

30
.19
0

33
.24
0

34
.29
0

30
.21
0

33
.32
0

32
.23
0

34
.34
0

34
.23
0

32
.23
0

30
.18
0

32
.26
0
 
30
.17
0

33
.27
0

35
.35
0

30
.2
0
 
37
.42
0

36
.36
0

35
.3
0

30
.19
0

37
.35
0

30
.19
0

32
.24
0

30
.17
0

34
.25
0

42
.54
0

40
.48
0

35
.28
0

34
.31
0

35
.34
0

45
.73
0

34
.3
0

44
.69
0

35
.27
0

34
.7
0

42
.5
0

39
.45
0

34
.33
0

33
.29
0

32
.25
0

30
.24
0

37
.37
0

36
.32
0

32
.25
0

40
.56
0

40
.44
0

33
.25
0

35
.3
0

32
.23
0

32
.26
0

36
.34
0

35
.31
0

35
.31
0

35
.33
0

31
.22
0

35
.36
0

30
.22
0

31
.21
0

33
.2
0

34
.28
0

32
.22
0

35
.36
0

33
.24
0

32
.26
0

32
.2
0

37
.35
0

31
.21
0

30
.17
0

231297
99        UNKNOWN
41  KENNEDY L (MAIN)
011196
2
2*2*7.5 TRAWL
4
1956
15
17
27  STICKLEBACK (SUBADULT)
THE OBSERVER IS MIKE MCCULLOCH FOR PAUL RANKIN.
110       0% FORMALIN - WGHD AFT 5 WKS
87
31
.22
0

31
.24
0
A
30
.21
0

31
.21
0

30
.21
0

29
.2
0

31
.29
0

31
.25
0
A
48
1.14
0
A
39
.59
0

38
.5
0

41
.59
0

39
.52
0
A
30
.22
0
A
38
.52
0

45
.83
0

34
.34
0

33
.27
0

30
.24
0

33
.25
0

32
.3
0

32
.27
0

31
.25
0

36
.36
0

33
.26
0

34
.31
0

41
.56
0

45
.7
0

38
.5
0

47
.42
0

35
.37
0

36
.36
0

36
.78
0

34
.35
0

31
.22
0

29
.21
0

33
.27
0

34
.31
0

32
.28
0

37
.42
0

37
.44
0

35
.35
0

36
.38
0

34
.31
0

33
.26
0

33
.27
0

33
.3
0

32
.24
0

32
.24
0

32
.24
0

35
.35
0

38
.44
0

34
.33
0

33
.32
0

32
.24
0

33
.29
0

35
.33
0

35
.33
0

32
.3
0

31
.24
0

33
.26
0

32
.24
0

31
.23
0

32
.27
0

37
.43
0

32
.23
0

33
.29
0

32
.23
0

32
.24
0

32
.25
0

32
.24
0

35
.29
0

30
.21
0

34
.28
0

32
.24
0

35
.32
0

33
.28
0

32
.24
0

32
.24
0

31
.32
0

34
.32
0

33
.26
0

33
.26
0

30
.23
0

31
.18
0

32
.29
0

32
.23
0
 
211197
35 COOPER C.
41 KENNEDY L (MAIN)
200297
2
2*2*7.5 NET
5
2028
15
8
27 STICKLEBACK (SUBADULT)
PROCESSED BY K. DANIEL
1 10% FORMALIN - WGHD AFT 5 WKS
200
31
.17
0

35
.34
0

39
.37
0

33
.22
0

37
.36
0

39
.36
0

40
.47
0

33
.22
0

39
.37
0

32
.21
0

42
.56
0

43
.57
0

36
.31
0

34
.28
0

38
.41
0

43
.56
0

45
.5
0

44
.64
0

43
.61
0

38
.36
0

40
.4
0

30
.18
0

35
.25
0

33
.22
0

31
.2
0

35
.29
0

37
.31
0

41
.54
0

47
.77
0

40
.5
0

37
.31
0

35
.25
0

33
.22
0

35
.3
0

36
.29
0

32
.19
0

42
.5
0

36
.31
0

33
.22
0

39
.41
0

31
.19
0

35
.26
0

38
.36
0

35
.3
0

33
.3
0

31
.18
0

34
.24
0

34
.25
0

44
.58
0

34
.32
0

38
.42
0

32
.24
0

33
.23
0

48
.73
0

36
.32
0

32
.2
0

32
.25
0

33
.29
0

32
.23
0

35
.27
0

30
.18
0

33
.25
0

34
.29
0

34
.29
0

34
.26
0

38
.4
0

35
.32
0

32
.24
0

42
.55
0

39
.46
0

41
.53
0

45
.7
0

43
.6
0

37
.28
0

33
.23
0
 
35
.32
0

32
.26
0

37
.41
0

30
.19
0

33
.27
0

40
.44
0

34
.31
0

36
.36
0

30
.21
0

34
.26
0

34
.24
0

30
.18
0

33
.22
0

33
.23
0

35
.3
0

31
.22
0

36
.35
0

31
.18
0

38
.35
0

37
.37
0

35
.28
0

32
.2
0

39
.48
0

39
.46
0

33
.33
0

34
.29
0

30
.22
0

32
.21
0

31
.2
0

32
.19
0

31
.21
0

32
.25
0

30
.19
0

33
.28
0

32
.22
0

33
.23
0

34
.29
0

33
.25
0

42
.47
0

38
.41
0

35
.27
0

33
.26
0

34
.26
0

33
.26
0

37
.32
0

31
.17
0

32
.26
0

35
.3
0

38
.37
0

38
.42
0

37
.34
0

33
.24
0

33
.27
0

33
.24
0

33
.22
0

38
.48
0

32
.22
0

32
.2
0

33
.24
0

32
.27
0

36
.28
0

33
.29
0

45
.69
0

36
.3
0

34
.3
0
 
32
.25
0

39
.48
0

37
.39
0

37
.35
0

36
.36
0

38
.39
0

38
.37
0

33
.26
0

34
.28
0

35
.3
0

35
.25
0

31
.21
0

32
.18
0
 
37
.23
0

34
.27
0

31
.18
0

37
.33
0

38
.37
0

36
.31
0

34
.29
0

34
.27
0

34
.24
0

34
.29
0

33
.25
0

32
.22
0

40
.46
0

34
.28
0

32
.21
0

34
.28
0

33
.25
0

33
.23
0

33
.24
0

31
.24
0

37
.36
0

36
.39
0

37
.4
0

37
.38
0

40
.48
0

35
.29
0

33
.23
0

34
.26
0

32
.24
0

33
.28
0

35
.32
0

36
.29
0

37
.3
0

32
.24
0

33
.25
0

31
.19
0

34
.28
0

34
.27
0

35
.38
0

31
.22
0

34
.23
0

33
.25
0

32
.22
0

30
.15
0

31
.22
0

32
.22
0

33
.27
0

291297
99 UNKNOWN
41 KENNEDY L (MAIN)
011196
2
2*2*7.5TRAWL
6
2041
15
17
27 STICKLEBACK (SUBADULT)
THE OBSERVER IS MIKE MCCULLOCH FOR PAUL RANKIN.
1 10% FORMALIN - WGHD AFT 5 WKS
38
32
.21
0
 
31
.2
0

31
.23
0

32
.24
0

30
.22
0

30
.2
0
 
30
.2
0

30
.22
0

47
1.09
0

45
.85
0

45
.93
0

42
.63
0

36
.37
0

36
.37
0

37
.45
0

39
.61
0

42
.59
0

39
.61
0

34
.34
0

39
.58
0

37
.44
0

37
.49
0

33
.3
0

35
.37
0

37
.37
0

33
.3
0

30
.22
0

33
.31
0

33
.29
0

35
.37
0

36
.44
0

35
.4
0

34
.35
0

33
.28
0

32
.25
0

34
.31
0

31
.22
0

32
.3
0

291297
99 UNKNOWN
41 KENNEDY L (MAIN)
011196
2
2*2*7.5TRAWL
7
2103
15
35
27 STICKLEBACK (SUBADULT)
THE OBSERVER IS MIKE MCCULLOCH FOR PAUL RANKIN.
1 10% FORMALIN - WGHD AFT 5 WKS
5
42
.78
0
 
39
.68
0

43
.78
0

38
.35
0

38
.52
0

291297
99  UNKNOWN
41  KENNEDY L (MAIN)
011196
2
2*2*7.5TRAWL
8
2127
15
35
27 STICKLEBACK (SUBADULT)
THE OBSERVER IS MIKE MCCULLOCH FOR PAUL RANKIN.
110 0% FORMALIN - WGHD AFT 5 WKS
5
43
.78
0

40
.6
0
 
57
.48
0

35
.41
0

31
.24
0

050198
99 UNKNOWN
41 KENNEDY L (MAIN)
200297
2
2*2*7.5TRAWL 
8
2045
15
12
27 STICKLEBACK (SUBADULT)
THE OBSERVER IS MIKE MCCULLOCH FOR PAUL RANKIN.  
1 10% FORMALIN - WGHD AFT 5 WKS
19
31
.21
0

30
.18
0

34
.34
0

34
.28
0

38
.43
0

35
.33
0

33
.22
0

36
.34
0

38
.43
0

30
.17
0

33
.28
0

36
.34
0

33
.27
0

39
.45
0

36
.36
0

32
.26
0

31
.18
0

33
.25
0

30
.2
0

291297
99  UNKNOWN
41  KENNEDY L (MAIN)
011196
2
2*2*7.5TRAWL
9
2150
15
8
27 STICKLEBACK (SUBADULT)
THE OBSERVER IS MIKE MCCULLOCH FOR PAUL RANKIN.
110 0% FORMALIN - WGHD AFT 5 WKS
6
31
.28
0

30
.27
0
 
33
.39
0

38
.48
0

32
.3
0

39
.58
0

311297
99  UNKNOWN
41 KENNEDY L (MAIN)
200297
2
2*2*7.5TRAWL
9
2104
15
18
27 STICKLEBACK (SUBADULT)
THE OBSERVER IS MIKE MCCULLOCH FOR PAUL RANKIN.
110 0% FORMALIN - WGHD AFT 5 WKS
17
32
.25
0
A
40
.48
0
A
45
.76
0
A
33
.28
0
A
54
.55
0
A
46
.85
0

40
.49
0
 
44
.66
0

45
.8
0

36
.34
0

39
.48
0

33
.28
0

46
.87
0

33
.26
0

32
.22
0

40
.5
0

40
.54
0

111296
99 UNKNOWN
62 SKIDEGATE LK
101096
2
2*2*7.5
03
0020
15
20
2 STICKLEBACK
THE OBSERVER IS MIKE MCCULLOCH FOR PAUL RANKIN. TRAWLS # 1 AND 2 CONTAINED ONLY COTTIDS WHICH WERE NOT SAMPLED.
2 70 % OH - WGHD AFTER 5 WKS
24
65
2.25
0

72
3.51
0

79
4.58
0
 
63
2.13
0

70
2.51
0

79
4.48
0

86
5.6
0

85
4.87
0

73
3.12
0

66
2.8
0

63
2.05
0

70
2.9
0

80
4.17
0

76
4.28
0

72
3.38
0

78
4.57
0

72
3.26
0

58
1.48
0

53
1.2
0

57
1.25
0

67
2.65
0

66
2.57
0

67
2.41
0

52
1.08
0

101296
99 UNKNOWN
62 SKIDEGATE LK
101096
2
2*2*7.5
4
0104
15
8
2 STICKLEBACK
MIKE MCCULLOCH IS THE OBSERVER FOR PAUL RANKIN. THE PRESERVATIVE IS NOT DEFINITELY KNOWN. THIS SAMPLE NALSO CONTAINED ONE LAMPREY AND FOUR COTTIDS.
2 70 % OH - WGHD AFTER 5 WKS
56
78
5.01
0

76
4.91
0
 
82
5.31
0

83
5.25
0

84
5.65
0

79
4.58
0

83
5.17
0

88
7.46
0

80
4.92
0

95
6.23
0

75
4.17
0

80
4.26
0

73
3.48
0

72
3.36
0

73
3.37
0

73
3.43
0
 
72
3.15
0

70
3
0

70
3.1
0

67
2.47
0

66
2.58
0

62
2.01
0
 
62
2.14
0

59
1.89
0

65
2.56
0

64
2.03
0

59
1.61
0

63
1.94
0

64
2.24
0

50
1.03
0

37
.34
0

36
.39
0

42
.54
0

33
.28
0

42
.54
0

42
.46
0

30
.18
0

43
.54
0

37
.37
0

36
.32
0

32
.21
0

32
.19
0

42
.49
0

36
.33
0

36
.3
0

41
.48
0

37
.32
0

34
.27
0

36
.35
0

32
.18
0

33
.24
0

35
.34
0

33
.29
0

39
.41
0

37
.35
0

34
.27
0

060597
41 HIRST A.
1 GREAT CENTRAL LK
260297
2
2*2*7.5 NET
3
2325
15
13
7 SOCKEYE (FRY)
SCALE BOOK #34059
1 10% FORMALIN - WGHD AFT 5 WKS
2
73
4.03
0

82
5.71
1
A
191297
37    WHITEAKER M.
1   GREAT CENTRAL LK
201196
2
2*2*7.5NET
4
0
15
45
7    SOCKEYE (FRY)
NEA PIKE.
110   0% FORMALIN - WGHD AFT 5 WKS
1
79
5.7
0
A
050597
41 HIRST A.
1 GREAT CENTRAL LK
250796
2
2*2*7.5 NET
4
0342
15
15
7 SOCKEYE (FRY)

1 10% FORMALIN - WGHD AFT 5 WKS
99
54
1.7
0

45
1
0

50
1.31
0

57
1.98
0

45
.9
0

66
2.92
0

50
1.25
0

66
3.52
0

51
1.39
0

73
4.47
0

43
.74
0

50
1.28
0

46
1.01
0

59
2.18
0

66
3.55
0

38
.49
0

53
1.66
0

70
3.75
0

48
1.17
0

53
1.45
0

44
.86
0

59
2.05
0

52
1.47
0

51
1.34
0

64
2.92
0

61
2.53
0

46
1.03
0

53
1.57
0

55
1.71
0

52
1.48
0

50
1.36
0

38
.56
0

54
1.57
0

50
1.23
0

52
1.41
0

51
1.28
0

48
1.15
0

49
1.14
0

54
1.63
0

46
1
0

49
1.22
0

46
1.04
0

53
1.6
0

49
1.2
0

52
1.47
0

50
1.36
0

48
1.12
0

53
1.66
0

46
1.03
0

46
.95
0

46
1.09
0

41
.63
0

53
1.63
0

53
1.61
0

49
1.18
0

46
1.11
0

55
1.74
0

54
1.58
0

54
1.66
0

49
1.21
0

42
.74
0

49
1.21
0

52
1.45
0

45
.98
0

50
1.31
0

47
1.05
0

42
.78
0

48
1.09
0

51
1.35
0

43
.72
0

45
.91
0

51
1.32
0

50
1.24
0

49
1.18
0

44
.86
0

48
1.05
0

48
1.07
0

41
.73
0

45
.9
0

47
1.07
0

51
1.35
0

43
.79
0

43
.83
0

50
1.39
0

44
.87
0

47
1
0

44
.82
0

40
.61
0

45
.91
0

37
.5
0

53
1.43
0

47
1.1
0

50
1.21
0

37
.52
0

50
1.3
0

44
.82
0

45
.88
0

46
1.04
0

45
.82
0

070597
41 HIRST A.
1 GREAT CENTRAL LK
260297
2
2*2*7.5 NET
4
2345
14
13
7 SOCKEYE (FRY)

1 10% FORMALIN - WGHD AFT 5 WKS
1
71
3.62
0

191297
37  WHITEAKER M.
1 GREAT CENTRAL LK
201196
2
7*7*7.5
5
0
15
45
7  SOCKEYE (FRY)
NEA PIKE.
110 0% FORMALIN - WGHD AFT 5 WKS
4
79
5.71
0
A
73
4.5
0
A
54
1.95
0
A
56
2.01
0

060597
41 HIRST A.
1 GREAT CENTRAL LK
260297
2
2*2*7.5 NET
5
0006
15
32
7 SOCKEYE (FRY)
.
1 10% FORMALIN - WGHD AFT 5 WKS
4
66
3.05
0

71
3.73
0

72
4.1
0
A
68
3.11
0
A
060597
41  HIRST A.
1  GREAT CENTRAL LK
260297
2
2*2*7.5 NET
6
0038
15
45
7  SOCKEYE (FRY)
SCALE BOOK #34054
110 0% FORMALIN - WGHD AFT 5 WKS
17
64
2.7
0

67
3.29
0

74
4.79
0

60
2.26
0

56
1.81
0

73
4.19
0

55
1.77
0

61
2.31
0

60
2.11
0

68
3.32
0

69
3.77
0

73
4.31
0

68
3.23
0

79
5.69
1
A
86
6.85
2
A
80
5.74
3
A
87
7.35
4
A
191297
37  WHITEAKER M.
1 GREAT CENTRAL LK
201196
2
7*7*7.5
7
0
15
40
7  SOCKEYE (FRY)
NEA PIKE.
110 0% FORMALIN - WGHD AFT 5 WKS
2
58
2.26
0
A
53
1.47
0
A
060597
41 HIRST A.
1 GREAT CENTRAL LK
270297
2
2*2*7.5 NET
7
0102
15
45
7 SOCKEYE (FRY)
SCALE BOOK #34056
1 10% FORMALIN - WGHD AFT 5 WKS
10
71
3.83
0

55
1.81
0

69
3.48
0

70
3.82
0

59
2.13
0

68
3.22
0

66
3.17
0

76
4.67
1
A
75
4.67
2
A
80
6.04
3
A
060597
41 HIRST A.
1 GREAT CENTRAL LK
270297
2
2*2*7.5 NET
8
0127
15
32
7 SOCKEYE (FRY)
.
1 10% FORMALIN - WGHD AFT 5 WKS
2
72
3.54
0

65
2.96
0

111296
99 UNKNOWN
62 SKIDEGATE LK
101096
2
2*2*7.5
03
0020
15
20
7 SOCKEYE (FRY)
THE OBSERVER IS MIKE MCCULLOCH FOR PAUL RANKIN. THE SCALE BOOK NUMBER IS 41466 A. THERE WAS ONE ADDITIONAL COTTID IN THIS SAMPLE.
2 70 % OH - WGHD AFTER 5 WKS
2
79
5.75
1
A
54
1.35
0

121297
99 UNKNOWN
69 YAKOUN LK
140996
2
2*2*7.5TRAWL
3
2321
15
10
7 SOCKEYE (FRY)
THE OBSERVER IS MIKE MCCULLOCH FOR PAUL RANKIN.                                      
1 10% FORMALIN - WGHD AFT 5 WKS
9
59
2.48
0

53
1.69
0

48
1.33
0

46
1.12
0

53
1.88
0

49
1.42
0

53
1.73
0

40
.75
0

38
.63
0

121297
99  UNKNOWN
69 YAKOUN LK
140996
2
2*2*7.5TRAWL
4
2351
15
10
7  SOCKEYE (FRY)
THE OBSERVER IS MIKE MCCULLOCH FOR PAUL RANKIN. THE SCALE BOOK NUMBER IS 41467 A.
971 10% FORMALIN - WGHD AFT 4 WKS
30
86
7.73
0

54
1.54
0

60
2.4
0

48
1.28
0

44
1.05
0

46
1.31
0

50
1.45
0

48
1.21
0

58
2.25
0

53
1.67
0

44
.96
0

47
1.1
0

47
1.32
0

50
1.46
0

43
.92
0

33
.38
0

41
.72
0

41
.81
0

36
.6
0

51
1.8
0

49
1.35
0

42
.78
0

52
1.51
0

47
1.23
0

47
1.16
0

48
1.33
0

43
.95
0

44
.99
0

48
1.43
0

43
.85
0

121297
99 UNKNOWN
69 YAKOUN LK
140996
2
2*2*7.5
5
0022
15
20
7 SOCKEYE (FRY)
THE OBSERVER IS MIKE MCCULLOCH FOR PAUL RANKIN. 
1 10% FORMALIN - WGHD AFT 5 WKS
1
52
1.47
0

221297
99      UNKNOWN
107   CHEEWHAT LK
010896
2
2*2*7.5 TRAWL
1
0137
15
0 
2  STICKLEBACK
THE OBSERVER IS MIKE MCCULLOCH FOR PAUL RANKIN.
110     0% FORMALIN - WGHD AFT 5 WKS
2
27
.22
0

33
.3
0

090597
41 HIRST A.
107 CHEEWHAT LK
010996
2
2*2*7.5 NET
1
2328
15
0
2 STICKLEBACK

1 10% FORMALIN - WGHD AFT 5 WKS
1
53
1.7
0

090597
41 HIRST A.
107 CHEEWHAT LK
010996
2
2*2*7.5 NET
2
2348
15
0
2 STICKLEBACK

1 10% FORMALIN - WGHD AFT 5 WKS
1
65
2.45
0

090597
41 HIRST A.
107 CHEEWHAT LK
010996
2
2*2*7.5 NET
4
0030
15
12
2 STICKLEBACK

1 10% FORMALIN - WGHD AFT 5 WKS
2
37
.47
0

62
2.66
0

080597
41  HIRST A.
107  CHEEWHAT LK
010996
2
2*2*7.5 NET
5
0055
15
14
2 STICKLEBACK
.
110 0% FORMALIN - WGHD AFT 5 WKS
4
50
1.23
0
A
53
1.77
0

54
1.46
0

57
2.02
0

231297
99       UNKNOWN
107    CHEEWHAT LK
010896
2
2*2*7.5 TRAWL
6
0351
15
14
2  STICKLEBACK
THE OBSERVER IS MIKE MCCULLOCH FOR PAUL RANKIN.                                  
110      0% FORMALIN - WGHD AFT 5 WKS
23
62
2.57
0

55
1.73
0
A
46
.97
0

55
1.69
0

57
1.9
0

43
.77
0

57
1.89
0

50
1.24
0
A
58
2.18
0
A
53
1.38
0

49
1.19
0

55
1.83
0

47
1.13
0
A
47
1.03
0
A
52
1.55
0
A
50
1.12
0
A
52
1.33
0

48
1.21
0

50
1.26
0

44
.82
0

43
.77
0

43
.73
0

41
.62
0
 
070597
41  HIRST A.
107  CHEEWHAT LK
010996
2
2*2*7.5 NET
6
0118
15
14
2 STICKLEBACK
.
110 0% FORMALIN - WGHD AFT 5 WKS
1
58
1.61
0
A
090597
41 HIRST A.
107 CHEEWHAT LK
010996
2
2*2*7.5 NET
2
2348
15
0
7 SOCKEYE (FRY)

1 10% FORMALIN - WGHD AFT 5 WKS
6
55
1.88
0

55
1.78
0

59
2.07
0

47
1.13
0

52
1.54
0

60
2.57
0

221297
99    UNKNOWN
107 CHEEWHAT LK
010896
2
2*2*7.5 TRAWL
3
0225
15
13
7    SOCKEYE (FRY)
THE OBSERVER IS MIKE MCCULLOCH FOR PAUL RANKIN.                                    
110   0% FORMALIN - WGHD AFT 5 WKS
49
47
1.13
0
 
58
2.24
0

42
.92
0
 
55
1.95
0

50
1.41
0

56
2
0

53
1.56
0

53
1.69
0
A
52
1.6
0
A
47
1.41
0
 
52
1.48
0
 
57
1.88
0
 
48
1.36
0
A
42
.95
0
A
50
1.44
0
A
53
1.74
0
A
52
1.43
0
A
50
1.44
0
A
52
1.34
0
A
51
1.49
0
A
42
.77
0
A
42
.89
0
 
56
2.14
0
 
54
1.71
0

60
2.55
0

65
3.33
0

53
1.62
0

62
2.96
0

57
2.2
0

56
2.24
0

60
2.61
0

56
2.12
0

65
3.5
0

65
3.45
0

58
2.66
0

63
3.17
0

64
3.18
0

57
2.29
0

58
2.62
0

53
1.61
0

54
1.8
0
 
54
1.76
0

58
2.53
0

53
1.92
0

58
2.49
0

50
1.34
0

60
2.51
0

58
2.22
0

65
2.02
0

221297
99     UNKNOWN
107  CHEEWHAT LK
010896
2
2*2*7.5 TRAWL
4
0255
15
13
7     SOCKEYE (FRY)
THE OBSERVER IS MIKE MCCULLOCH FOR PAUL RANKIN. THE SCALE BOOK NUMBER IS 41473 A.
110    0% FORMALIN - WGHD AFT 5 WKS
16
103
14.96
0

102
15.16
1
A
50
1.37
0

55
1.81
0

57
2.27
0

58
2.34
0

60
2.64
0

55
2.12
0
A
49
1.42
0
A
56
2.15
0

58
2.19
0

57
2.37
0

50
1.41
0
A
52
1.69
0
A
44
.99
0
A
44
1.01
0
A
090597
41 HIRST A.
107 CHEEWHAT LK
010996
2
2*2*7.5 NET
4
0030
15
12
7 SOCKEYE (FRY)

1 10% FORMALIN - WGHD AFT 5 WKS
46
66
3.37
0

56
1.96
0

67
3.55
0

65
3.23
0

57
1.98
0

54
1.83
0

68
3.82
0

55
1.89
0

63
2.85
0

63
2.82
0

61
2.85
0

60
2.65
0

54
1.73
0

61
2.73
0

58
2.31
0

66
3.3
0
 
50
1.37
0

54
1.55
0

59
2.58
0

58
2.2
0

58
2.19
0

47
1.07
0

56
1.96
0

53
1.51
0

58
2.37
0

64
3.26
0

61
2.64
0

56
2.1
0

52
1.51
0

58
2.04
0

68
3.8
0

61
2.55
0

67
3.34
0

53
1.64
0

69
3.86
0

53
1.64
0

52
1.58
0

64
3.13
0

51
1.44
0

53
1.54
0

57
2.03
0

47
1
0

62
2.68
0

67
3.33
0

62
2.68
0

53
1.78
0

080597
41  HIRST A.
107  CHEEWHAT LK
010996
2
2*2*7.5 NET
5
0055
15
14
7 SOCKEYE (FRY)
.
110 0% FORMALIN - WGHD AFT 5 WKS
34
66
3.32
0
A
60
2.29
0

57
1.97
0

65
3.26
0

62
2.69
0

62
2.91
0

69
3.75
0

70
3.9
0

60
2.54
0

55
1.86
0

65
3.4
0

54
1.68
0

61
2.49
0

58
2.02
0

65
2.83
0

58
2.21
0

65
3.08
0

53
1.47
0

59
2.14
0

47
1.08
0

62
2.78
0

55
1.74
0

61
2.55
0

59
2.45
0

62
2.95
0

65
2.99
0

63
2.9
0

49
1.32
0

54
1.8
0

61
2.69
0

52
1.58
0

66
3.4
0

57
1.96
0

58
2.12
0

231297
99      UNKNOWN
107   CHEEWHAT LK
010896
2
2*2*7.5 TRAWL
6
0351
15
14
7 SOCKEYE (FRY)
THE OBSERVER IS MIKE MCCULLOCH FOR PAUL RANKIN.                                  
110     0% FORMALIN - WGHD AFT 5 WKS
31
60
2.39
0
 
59
2.3
0
 
58
2.47
0

60
2.51
0

57
2.35
0

60
2.65
0

63
3.53
0

55
1.95
0
A
47
1.42
0
A
45
1.21
0

52
1.7
0

55
1.83
0

50
1.43
0
A
53
1.87
0
A
58
2.61
0
A
64
3.18
0
A
50
1.54
0

48
1.13
0

47
1.2
0

56
2.03
0

44
1.05
0

50
1.46
0

54
1.61
0
 
47
1.28
0
 
44
1.04
0

47
1.12
0

47
1.13
0

50
1.5
0

47
1.29
0

44
.96
0
 
46
1.08
0

070597
41  HIRST A.
107  CHEEWHAT LK
010996
2
2*2*7.5 NET
6
0118
15
14
7  SOCKEYE (FRY)
SCALE BOOK #34065
110 0% FORMALIN - WGHD AFT 5 WKS
87
110
16.88
1
A
57
1.89
0

60
2.37
0

60
2.36
0

62
2.73
0

71
4.2
0

49
1.21
0

66
3.38
0

61
2.41
0

65
2.99
0

57
1.95
0

68
4.07
0

52
1.42
0

64
3.26
0

61
2.35
0

62
2.88
0

60
2.27
0

64
2.98
0

65
2.98
0

65
2.91
0

58
1.97
0

63
2.96
0

58
2.09
0

60
2.58
0

52
1.45
0

60
2.51
0

61
2.61
0

52
1.4
0

57
2.23
0

57
2.18
0

57
2.18
0

60
2.33
0

58
2.26
0

50
1.27
0

60
2.44
0

62
2.73
0

70
4.06
0

64
3.25
0

61
2.63
0

57
2.1
0

47
.99
0

57
2
0

58
1.85
0

60
2.48
0

50
1.22
0

51
1.3
0

69
3.97
0

45
.84
0

55
1.81
0

53
1.46
0

60
2.29
0

63
2.72
0

55
1.78
0

53
1.53
0

59
1.97
0

55
1.71
0

62
2.31
0

58
2.16
0

62
2.5
0

57
1.9
0

56
1.98
0

57
2.07
0

58
2.01
0

55
2.02
0

53
1.61
0

53
1.44
0

61
2.51
0

58
2.06
0

60
2.49
0

51
1.3
0

55
1.83
0

51
1.4
0

63
3.13
0

50
1.3
0

62
2.74
0

52
1.46
0

58
2.07
0

54
1.72
0

61
2.61
0

64
3.13
0

60
2.5
0

57
1.96
0

59
2.14
0

52
1.41
0

54
1.56
0

57
1.96
0

52
1.49
0

060597
41 HIRST A.
1 GREAT CENTRAL LK
260297
2
2*2*7.5 NET
10
0255
15
24
7 SOCKEYE (FRY)
.
1 10% FORMALIN - WGHD AFT 5 WKS
1
69
3.6
0

060597
41 HIRST A.
1 GREAT CENTRAL LK
260297
2
2*2*7.5 NET
11
0315
15
32
7 SOCKEYE (FRY)
SCALE BOOK #34058
1 10% FORMALIN - WGHD AFT 5 WKS
4
73
3.88
0

68
3.25
0

76
4.81
1
A
80
5.5
2
A
060597
41 HIRST A.
1 GREAT CENTRAL LK
260297
2
2*2*7.5 NET
12
0339
15
45
7 SOCKEYE (FRY)
SCALE BOOK #34057
1 10% FORMALIN - WGHD AFT 5 WKS
5
53
1.54
0

56
1.71
0

70
3.6
0

72
3.89
0

80
5.47
1
A
060597
41   HIRST A.
1   GREAT CENTRAL LK
270297
2
2*2*7.5 NET
13
0405
15
42
7   SOCKEYE (FRY)
SCALE BOOK #34055
110  0% FORMALIN - WGHD AFT 5 WKS
17
57
1.8
0

58
2.03
0

70
3.45
0

57
1.91
0

71
3.93
0

54
1.49
0

65
3.06
0

70
3.68
0

61
2.38
0

59
2.06
0

66
3.06
0

67
2.8
0

71
3.62
0

71
3.92
0
A
74
4.06
0
A
76
4.58
1
A
83
6.31
2
A
010597
41   HIRST A.
2   SPROAT LK
230796
2
2*2*7.5 NET
3
0029
15
14
2   STICKLEBACK

110  0% FORMALIN - WGHD AFT 5 WKS
1
48
.98
0

020597
41   HIRST A.
2   SPROAT LK
240796
2
2*2*7.5 NET
5
0012
17
0
2  STICKLEBACK
.
110  0% FORMALIN - WGHD AFT 5 WKS
1
54
1.41
0
A
191297
37 WHITEAKER M.
2 SPROAT LK
191196
2
7*7*7.5
11
0
15
25
2 STICKLEBACK
NEA PIKE.
1 10% FORMALIN - WGHD AFT 5 WKS
39
50
1.26
0
A
70
5.05
0
A
44
.92
0
A
46
.91
0

45
.93
0

47
1.14
0

66
2.85
0

44
.86
0

39
.62
0

46
1.04
0

44
.88
0

39
.58
0

46
1.02
0

44
.96
0

41
.7
0
 
48
1.17
0

44
.98
0

45
.9
0

46
.96
0

38
.61
0

39
.79
0

45
.91
0

50
1.32
0

38
.66
0

48
1.18
0

39
.64
0

31
.34
0

48
.94
0

43
.78
0

48
1.02
0

46
.89
0

46
1.02
0

39
.61
0

39
.58
0

34
.41
0

38
.59
0

43
.78
0

38
.5
0

44
.74
0

191297
37   WHITEAKER M.
2   SPROAT LK
191196
2
2*2*7.5NET
12
0
15
30
2   STICKLEBACK
NEA PIKE.
110  0% FORMALIN - WGHD AFT 5 WKS
4
44
.93
0
A
44
.98
0
A
43
.83
0
A
54
1.6
0

280198
37  WHITEAKER M.
2  SPROAT LK
250297
2
2*2*7.5NET
14
0145
15
30
2 STICKLEBACK
NEA PIKE.
110 0% FORMALIN - WGHD AFT 5 WKS
3
60
2.3
0

38
.54
0

41
.65
0

020597
41   HIRST A.
2   SPROAT LK
220796
2
2*2*7.5 NET
1
2300
15
0
7  SOCKEYE (FRY)
.
110  0% FORMALIN - WGHD AFT 5 WKS
1
53
1.47
0
A
280198
37  WHITEAKER M.
2  SPROAT LK
240297
2
2*2*7.5NET
1
00
15
0
7  SOCKEYE (FRY)
NEA PIKE.
110 0% FORMALIN - WGHD AFT 5 WKS
1
57
1.91
0

020597
41   HIRST A.
2   SPROAT LK
220796
2
2*2*7.5 NET
2
2334
15
11
7   SOCKEYE (FRY)
SCALE BOOK #34053
110  0% FORMALIN - WGHD AFT 5 WKS
2
97
10.07
1
A
58
2.06
0

280198
37  WHITEAKER M.
2  SPROAT LK
240297
2
2*2*7.5NET
2
00
15
30
7  SOCKEYE (FRY)
NEA PIKE.
110 0% FORMALIN - WGHD AFT 5 WKS
23
75
4.89
0

80
5.24
0

84
6.6
0

68
3.38
0

83
6.32
0

83
6.24
0

64
2.84
0

64
2.56
0

77
4.94
0

76
5.19
0

73
4.15
0

60
2.07
0

76
4.73
0

60
1.97
0

87
3.11
0

77
5.11
0

85
7
0

72
4.22
0

56
1.91
0

80
5.72
0

77
4.62
0

64
2.79
0

75
4.85
0

010597
41 HIRST A.
2 SPROAT LK
230796
2
2*2*7.5 NET
3
0029
15
14
7 SOCKEYE (FRY)

1 10% FORMALIN - WGHD AFT 5 WKS
36
55
1.76
0

62
2.52
0

59
1.93
0

58
1.98
0

59
2.07
0

35
.42
0

53
1.61
0

55
1.72
0

61
2.2
0

40
.57
0

47
.98
0

58
1.9
0

64
2.73
0

51
1.27
0

52
1.33
0

63
2.55
0

46
.98
0

59
2.06
0

57
1.85
0

53
1.47
0

46
.85
0

57
1.87
0

62
2.4
0

64
2.44
0

53
1.47
0

55
1.56
0

66
2.99
0

60
2.35
0

55
1.68
0

59
2.01
0

53
1.5
0

63
2.35
0

52
1.35
0

65
2.64
0

50
1.17
0

55
1.64
0

070597
41 HIRST A.
2 SPROAT LK
240297
2
2*2*7.5 NET
3
2022
15
30
7 SOCKEYE (FRY)
SCALE BOOK #34060
1 10% FORMALIN - WGHD AFT 5 WKS
23
78
4.86
1
A
82
5.88
2
A
78
5
3
A
76
4.4
4
A
74
3.91
0

73
3.99
0

61
2.13
0

89
7.15
5
A
48
.86
0

85
5.67
0

80
4.82
6
A
77
4.73
7
A
75
4.11
0

80
5.52
8
A
68
3.11
0

81
4.97
9
A
75
4.54
10
A
104
11.51
11
A
80
4.89
12
A
75
4.31
13
A
73
3.68
0

74
4.01
0

92
8.25
0

010597
41   HIRST A.
2   SPROAT LK
230796
2
2*2*7.5 NET
4
0225
15
17
7  SOCKEYE (FRY)
.
110  0% FORMALIN - WGHD AFT 5 WKS
21
60
2.6
0
A
64
2.89
0

67
3.1
0

58
1.94
0

58
2.12
0
A
59
2.27
0

64
2.96
0

56
1.74
0

54
1.7
0

58
2.26
0

65
2.91
0

56
1.82
0

58
1.92
0

61
2.37
0

64
2.9
0

53
1.49
0

52
1.45
0

66
3.06
0

58
2.02
0

72
3.8
0

55
1.74
0

070597
41 HIRST A.
2 SPROAT LK
250297
2
2*2*7.5 NET
4
1953
15
0
7 SOCKEYE (FRY)
.
1 10% FORMALIN - WGHD AFT 5 WKS
2
58
2.02
0
A
66
2.74
0
A
070597
41 HIRST A.
2 SPROAT LK
250297
2
2*2*7.5 NET
5
2022
15
35
7 SOCKEYE (FRY)
SCALE BOOK #34062
1 10% FORMALIN - WGHD AFT 5 WKS
5
85
6.19
1
A
79
4.64
2
A
77
4.31
3
A
68
2.99
0
A
65
2.39
0

010597
41  HIRST A.
2  SPROAT LK
240796
2
2*2*7.5 NET
6
0042
15
14
7  SOCKEYE (FRY)
SCALE BOOK# 34051
110 0% FORMALIN - WGHD AFT 5 WKS
62
42
.71
0

56
1.98
0

53
1.59
0

65
2.85
0

94
10.19
1
A
53
1.51
0

57
1.75
0

63
2.55
0

58
2.24
0

64
3.03
0

49
.98
0

63
2.73
0

49
1.12
0

60
2.24
0

68
3.2
0

62
2.54
0

60
2.11
0

54
1.61
0

66
3.01
0

55
1.71
0

57
1.83
0

56
1.79
0

57
1.78
0

68
3.42
0

66
3.02
0

52
1.4
0

65
3.01
0

46
.96
0

66
2.89
0

56
1.76
0

58
2.08
0

58
1.91
0

62
2.29
0

57
1.76
0

59
1.92
0

62
2.64
0

64
2.71
0

54
1.56
0

69
3.69
0

58
1.93
0

48
1.05
0

46
.89
0

62
2.38
0

43
.85
0

60
2.28
0

61
2.19
0

64
2.74
0

61
2.46
0

59
2.01
0

56
1.8
0

56
1.76
0

67
3.09
0

63
2.46
0

65
2.94
0

61
2.37
0

60
2.18
0

57
1.91
0
 
70
3.78
0

67
3.49
0

72
4.09
0

78
5.37
2
A
84
6.4
3
A
070597
41 HIRST A.
2 SPROAT LK
250297
2
2*2*7.5 NET
6
2044
15
25
7 SOCKEYE (FRY)
SCALE BOOK #34061
1 10% FORMALIN - WGHD AFT 5 WKS
5
79
4.98
1
A
72
3.54
0
A
76
4.19
0
A
57
1.73
0
A
68
2.99
0

191297
37  WHITEAKER M.
2 SPROAT LK
191196
2
2*2*7.5NET
7
00
15
24
7  SOCKEYE (FRY)
NEA PIKE.
110 0% FORMALIN - WGHD AFT 5 WKS
5
63
2.62
0

78
4.9
0

64
2.83
0

57
1.88
0

58
1.76
0

300497
41   HIRST A.
2   SPROAT LK
240796
2
2*2*7.5 NET
7
0102
15
17
7   SOCKEYE (FRY)
.
110  0% FORMALIN - WGHD AFT 5 WKS
75
70
3.84
0

65
2.93
0

56
1.81
0

55
1.66
0

78
5.14
0

62
2.41
0

54
1.62
0

67
3.18
0

69
3.6
0

59
2.08
0

59
2.12
0

65
2.88
0

56
1.73
0

55
1.59
0

49
1.17
0

67
3.22
0

57
1.92
0

63
2.74
0

56
1.84
0

69
3.47
0

60
2.18
0

70
3.8
0

59
2.38
0

64
2.6
0

54
1.72
0

73
4.45
0

55
1.68
0

67
3.19
0

58
1.79
0

59
2.08
0

61
2.36
0

69
3.42
0

53
1.51
0

63
2.56
0

64
2.56
0

63
2.67
0

55
1.68
0

62
2.33
0

59
1.97
0

67
2.91
0

61
2.22
0

53
1.47
0

66
3.3
0

62
2.58
0

67
3.19
0

65
2.71
0

67
3.06
0

64
2.49
0

65
2.97
0

62
2.36
0

52
1.29
0

62
2.63
0

64
2.76
0

52
1.33
0

67
3.2
0

69
3.33
0

50
1.21
0

68
3.4
0

48
1.11
0

62
2.35
0

59
2.06
0

58
1.8
0

55
1.6
0

59
2.04
0

60
2.1
0

69
3.37
0

48
1.19
0

65
2.9
0

64
2.86
0

54
1.48
0

63
2.54
0

64
2.69
0

62
2.3
0

63
2.4
0

68
3.26
0

070597
41 HIRST A.
2 SPROAT LK
250297
2
2*2*7.5 NET
7
2106
15
45
7 SOCKEYE (FRY)
SCALE BOOK #34064
1 10% FORMALIN - WGHD AFT 5 WKS
3
82
5.16
1
A
76
4.5
2
A
68
2.79
0
A
191297
37 WHITEAKER M.
2 SPROAT LK
191196
2
7*7*7.5
8
0
15
14
7 SOCKEYE (FRY)
SCALE BOOK#41486A.
1 10% FORMALIN - WGHD AFT 5 WKS
12
43
.76
0

46
1
0

54
1.39
0

52
1.42
0

43
.61
0

69
3.38
0

71
4.05
0

69
3.6
0

68
3.32
0

64
2.56
0

71
3.89
0

81
5.88
0

281297
37  WHITEAKER M.
2  SPROAT LK
191196
2
2*2*7.5NET
8
00
15
14
7  SOCKEYE (FRY)
NEA PIKE.
110 0% FORMALIN - WGHD AFT 5 WKS
12
72
4.1
0

68
3.34
0

69
3.92
0

78
5.88
0

64
2.58
0

68
3.41
0

70
3.63
0

44
.77
0

53
1.41
0

42
.69
0

53
1.43
0

46
1.02
0

070597
41 HIRST A.
2 SPROAT LK
250297
2
2*2*7.5 NET
8
2143
15
0
7 SOCKEYE (FRY)
.
1 10% FORMALIN - WGHD AFT 5 WKS
1
84
5.83
0
A
191297
37 WHITEAKER M.
2 SPROAT LK
191196
2
7*7*7.5
9
0
15
25
7 SOCKEYE (FRY)
NEA PIKE.
1 10% FORMALIN - WGHD AFT 5 WKS
7
82
6.47
0

68
3.51
0

65
2.86
0

68
2.91
0

42
.73
0

73
4.03
0

68
3.19
0

291297
37  WHITEAKER M.
2  SPROAT LK
191196
2
2*2*7.NET
9
00
15
25
7  SOCKEYE (FRY)
NEA PIKE.
110 0% FORMALIN - WGHD AFT 5 WKS
7
68
3.54
0

68
3.23
0

70
4.02
0

65
2.86
0

84
6.37
0

68
2.96
0

44
.77
0

070597
41 HIRST A.
2 SPROAT LK
250297
2
2*2*7.5 NET
9
2209
15
14
7 SOCKEYE (FRY)
SCALE BOOK #34063
1 10% FORMALIN - WGHD AFT 5 WKS
7
83
5.77
1
A
78
4.66
0
A
67
2.79
0
A
63
2.5
0
A
71
3.45
0

68
2.88
0

77
4.71
2
A
291297
37   WHITEAKER M.
2   SPROAT LK
191196
2
2*2*7.5NET
10
00
15
25
7   SOCKEYE (FRY)
NEA PIKE.
110  0% FORMALIN - WGHD AFT 5 WKS
18
73
3.89
0

92
8.87
0

58
1.88
0

63
2.71
0

78
5.45
0

68
3.58
0

68
3.5
0

73
4.49
0

68
3.72
0

49
1.27
0

75
4.89
0

49
1.51
0

79
5.81
0

69
3.47
0

69
3.49
0

59
2.15
0

74
4.33
0

73
4.53
0

280198
37  WHITEAKER M.
2  SPROAT LK
250297
2
2*2*7.5NET
10
00
15
30
7  SOCKEYE (FRY)
NEA PIKE.
110 0% FORMALIN - WGHD AFT 5 WKS
6
88
7.1
0

50
1.46
0

78
4.4
0

70
3.66
0

64
2.7
0

60
2.15
0

191297
37 WHITEAKER M.
2 SPROAT LK
191196
2
7*7*7.5
11
0
15
25
7 SOCKEYE (FRY)
NEA PIKE.
1 10% FORMALIN - WGHD AFT 5 WKS
13
86
8.16
0
A
71
4.08
0
A
71
4.17
0
A
68
3.83
0

56
2.01
0

58
2.29
0

68
3.9
0

65
2.86
0

48
1.2
0

63
2.65
0

64
2.87
0

71
4.1
0

79
5.96
0

291297
37   WHITEAKER M.
2   SPROAT LK
191196
2
2*2*7.5NET
10
00
15
25
7   SOCKEYE (FRY)
NEA PIKE.
110  0% FORMALIN - WGHD AFT 5 WKS
1
73
3.89
0

070597
41 HIRST A.
2 SPROAT LK
250297
2
2*2*7.5 NET
11
0004
15
0
7 SOCKEYE (FRY)

1 10% FORMALIN - WGHD AFT 5 WKS
1
71
3.48
0

191297
37  WHITEAKER M.
2  SPROAT LK
191196
2
7*7*7.5
12
0
15
30
7  SOCKEYE (FRY)
NEA PIKE.
110 0% FORMALIN - WGHD AFT 5 WKS
5
78
5.5
0
A
73
3.94
0
A
86
7.18
0
A
61
2.65
0

47
1.13
0

280198
37  WHITEAKER M.
2  SPROAT LK
250297
2
2*2*7.5NET
12
00
15
22
7  SOCKEYE (FRY)
NEA PIKE.
110 0% FORMALIN - WGHD AFT 5 WKS
3
65
2.7
0

78
5.04
0

59
2.2
0

280198
37  WHITEAKER M.
2  SPROAT LK
250297
2
2*2*7.5NET
13
00
15
35
7  SOCKEYE (FRY)
NEA PIKE.SCALE BOOK #41487A
110 0% FORMALIN - WGHD AFT 5 WKS
9
63
2.33
0

65
2.82
0

58
2.05
0

80
5.48
1
A
75
4.11
0

92
7.66
2
A
80
5.16
3
A
80
5.4
4
A
85
5.78
5
A
280198
37  WHITEAKER M.
2  SPROAT LK
250297
2
2*2*7.5NET
14
0145
15
30
7  SOCKEYE (FRY)
NEA PIKE.
110 0% FORMALIN - WGHD AFT 5 WKS
4
66
2.7
0

55
1.44
0

58
2.1
0

48
1.02
0
A
010597
41  HIRST A.
2  SPROAT LK
240796
2
2*2*7.5 NET
6
0042
15
14
32 KOKANEE
SCALE BOOK# 34052
110 0% FORMALIN - WGHD AFT 5 WKS
1
160
47.98
1
A
141197
35  COOPER C.
3  HENDERSON LK
050796
2
2*2*7.5 NET
4
0202
15
35
2 STICKLEBACK
PROCESSED BY K.DANIEL
1 10% FORMALIN - WGHD AFT 5 WKS
11
48
1.23
0

45
1.02
0

51
1.4
0

54
1.78
0

53
1.65
0

46
1.16
0

51
1.51
0

43
.93
0

49
1.16
0

47
1.13
0

52
1.64
0

141197
35 COOPER C.
3 HENDERSON LK
290796
2
2*2*7.5 NET
8
0128
15
32
2 STICKLEBACK
PROCESSED BY K.DANIEL
1 10% FORMALIN - WGHD AFT 5 WKS
4
54
2.29
0

53
2.02
0

60
2.55
0

57
2.62
0

301297
99  UNKNOWN
3 HENDERSON LK
060796
2
2*2*7.5TRAWL
11
0411
15
32
2 STICKLEBACK
THE OBSERVER IS MIKE MCCULLOCH FOR PAUL RANKIN.
110 0% FORMALIN - WGHD AFT 5 WKS
1
48
.97
0
A
211197
35 COOPER C.
3 HENDERSON LK
060297
2
2*2*7.5 NET
13
2028
15
47
2 STICKLEBACK
PROCESSED BY K. DANIEL
1 10% FORMALIN - WGHD AFT 5 WKS
10
58
1.93
0

55
1.66
0

57
1.66
0

58
1.79
0

57
1.97
0

60
2.32
0

58
1.82
0

47
.97
0

43
.7
0

47
1.02
0

141197
35 COOPER C.
3 HENDERSON LK
290796
2
2*2*7.5 NET
15
0235
15
17
2 STICKLEBACK
PROCESSED BY K.DANIEL
1 10% FORMALIN - WGHD AFT 5 WKS
31
63
3.23
0

59
3.03
0

62
2.24
0

54
1.8
0

62
3.09
0

56
2.63
0

55
2.24
0

52
1.64
0

54
2.1
0

60
2.9
0

51
1.69
0

65
3.79
0

55
1.75
0

53
1.91
0

57
2.32
0

56
2.12
0

53
2.02
0

56
2.25
0

68
2.41
0

51
1.69
0

57
2.23
0

55
1.83
0

52
1.78
0

48
1.27
0

58
2.44
0

63
3.75
0

57
2.81
0

51
1.86
0

55
2.14
0

34
.35
0

53
1.95
0

141197
35  COOPER C.
3  HENDERSON LK
300796
2
2*2*7.5 NET
19
0403
15
14
2 STICKLEBACK
PROCESSED BY K.DANIEL
1 10% FORMALIN - WGHD AFT 5 WKS
22
56
1.99
0

54
2.33
0

58
2.63
0

60
2.53
0

55
2.3
0

56
2.3
0

55
2.08
0

58
2.52
0

54
2.28
0

57
2.24
0

55
2.41
0

59
2.95
0

57
2.94
0

52
1.58
0

58
2.68
0

59
2.85
0

52
1.81
0

47
1.16
0

50
1.49
0

58
2.45
0

54
2.06
0

51
1.71
0

141197
35  COOPER C.
3  HENDERSON LK
050796
2
2*2*7.5 NET
4
0202
15
35
7  SOCKEYE (FRY)
PROCESSED BY K.DANIEL
1 10% FORMALIN - WGHD AFT 5 WKS
2
49
1.22
0

47
1.1
0

141197
35 COOPER C.
3 HENDERSON LK
290796
2
2*2*7.5 NET
8
0128
15
32
7 SOCKEYE (FRY)
PROCESSED BY K.DANIEL
1 10% FORMALIN - WGHD AFT 5 WKS
1
66
3.8
0

141197
35  COOPER C.
3  HENDERSON LK
060796
2
2*2*7.5 NET
12
0329
15
32
7 SOCKEYE (FRY)
PROCESSED BY K.DANIEL
1 10% FORMALIN - WGHD AFT 5 WKS
4
59
2.33
0

44
.94
0

43
1.06
0

45
1.06
0

211197
35 COOPER C.
3 HENDERSON LK
060297
2
2*2*7.5 NET
13
2028
15
47
7 SOCKEYE (FRY)
PROCESSED BY K. DANIEL
1 10% FORMALIN - WGHD AFT 5 WKS
1
82
6.7
0

141197
35  COOPER C.
3  HENDERSON LK
060796
2
2*2*7.5 NET
13
0350
15
32
7 SOCKEYE (FRY)
PROCESSED BY K.DANIEL
1 10% FORMALIN - WGHD AFT 5 WKS
1
47
1.13
0

141197
35 COOPER C.
3 HENDERSON LK
290796
2
2*2*7.5 NET
15
0235
15
17
7 SOCKEYE (FRY)
PROCESSED BY K.DANIEL
1 10% FORMALIN - WGHD AFT 5 WKS
1
49
1.34
0

141197
35 COOPER C.
3 HENDERSON LK
300796
2
2*2*7.5 NET
19
0403
15
14
7 SOCKEYE (FRY)
PROCESSED BY K.DANIEL
1 10% FORMALIN - WGHD AFT 5 WKS
3
56
2.05
0

40
.83
0

49
1.39
0

141197
35 COOPER C.
3 HENDERSON LK
300796
2
2*2*7.5 NET
20
0423
15
14
7 SOCKEYE (FRY)
PROCESSED BY K.DANIEL
1 10% FORMALIN - WGHD AFT 5 WKS
3
48
1.22
0

52
1.32
0

49
1.44
0

231297
99       UNKNOWN
6 HOBITON LK
310796
2
2*2*7.5 TRAWL
2
0140
15
14
7 SOCKEYE (FRY)
THE OBSERVER IS MIKE MCCULLOCH FOR PAUL RANKIN.                                  
110      0% FORMALIN - WGHD AFT 5 WKS
2
58
2.31
0

61
2.79
0
A
090597
41 HIRST A.
6 HOBITON LK
310896
2
2*2*7.5 NET
3
0101
15
16
7 SOCKEYE (FRY)
SCALE BOOK #34067
1 10% FORMALIN - WGHD AFT 5 WKS
3
64
2.72
0

72
4.05
0

76
5.14
3
A
231297
99       UNKNOWN
6 HOBITON LK
310796
2
2*2*7.5 TRAWL
3
0202
15
14
7 SOCKEYE (FRY)
THE OBSERVER IS MIKE MCCULLOCH FOR PAUL RANKIN.                                  
110      0% FORMALIN - WGHD AFT 5 WKS
6
58
2.3
0

67
3.63
0
A
69
4.45
0

42
2.67
0

57
2.12
0

62
2.75
0

090597
41 HIRST A.
6 HOBITON LK
310896
2
2*2*7.5 NET
4
0120
15
16
7 SOCKEYE (FRY)
SCALE BOOK #34069
1 10% FORMALIN - WGHD AFT 5 WKS
2
67
3.33
0

80
5.78
1
A
231297
99       UNKNOWN
6 HOBITON LK
310796
2
2*2*7.5 TRAWL
4
0222
15
12
7 SOCKEYE (FRY)
THE OBSERVER IS MIKE MCCULLOCH FOR PAUL RANKIN.                                  
110      0% FORMALIN - WGHD AFT 5 WKS
1
62
2.71
0

090597
41 HIRST A.
6 HOBITON LK
310896
2
2*2*7.5 NET
5
0142
15
18
7 SOCKEYE (FRY)
SCALE B00K #34066
1 10% FORMALIN - WGHD AFT 5 WKS
9
66
3.06
0

63
2.6
0

70
3.88
0

67
3.33
0

73
4.41
0

72
3.93
0

80
5.95
1
A
75
5.11
2
A
71
4.37
0

231297
99       UNKNOWN
6 HOBITON LK
310796
2
2*2*7.5 TRAWL
5
0244
30
14
7 SOCKEYE (FRY)
THE OBSERVER IS MIKE MCCULLOCH FOR PAUL RANKIN.                                  
110      0% FORMALIN - WGHD AFT 5 WKS
6
66
3.54
0

62
2.68
0
A
67
3.27
0

67
3.43
0

54
1.81
0

59
2.56
0

090597
41 HIRST A.
6 HOBITON LK
310896
2
2*2*7.5 NET
6
0202
15
18
7 SOCKEYE (FRY)
SCALE BOOK #34068
1 10% FORMALIN - WGHD AFT 5 WKS
5
72
4.05
0

70
4.26
0

72
4.22
0
A
71
4.39
0

76
4.77
1
A
231297
99       UNKNOWN
6 HOBITON LK
310796
2
2*2*7.5 TRAWL
6
0320
37
14
7 SOCKEYE (FRY)
THE OBSERVER IS MIKE MCCULLOCH FOR PAUL RANKIN.
110      0% FORMALIN - WGHD AFT 5 WKS
2
64
3.14
0

58
2.3
0
A
090597
41 HIRST A.
6 HOBITON LK
310896
2
2*2*7.5 NET
7
0222
15
14
7 SOCKEYE (FRY)
.
1 10% FORMALIN - WGHD AFT 5 WKS
3
77
5.4
0

74
4.3
0
A
42
.63
0
A
090597
41 HIRST A.
6 HOBITON LK
310896
2
2*2*7.5 NET
8
0245
15
14
7 SOCKEYE (FRY)
.
1 10% FORMALIN - WGHD AFT 5 WKS
2
58
1.94
0

68
3.69
0

120198
37 WHITEAKER M.
8 LONG LK
160896
2
2*2*7.5NET
1
2128
15
0
2 STICKLEBACK
NEA PIKE.
1 10% FORMALIN - WGHD AFT 5 WKS
91
70
3.87
0

64
2.65
0

60
2.27
0

64
2.45
0

48
1.27
0

64
3.03
0

60
1.92
0

60
2.25
0

60
2.11
0

60
1.98
0

58
2.05
0

48
1.27
0

51
1.27
0

50
1.35
0

61
2.43
0

64
2.84
0

54
1.7
0

46
1.08
0

48
1.27
0

53
1.67
0

54
1.82
0

52
1.29
0

66
2.8
0

61
2.56
0

61
2.41
0

68
2.94
0

56
1.99
0

62
2.24
0

58
2.26
0

54
1.83
0

59
1.93
0

56
1.76
0

51
1.46
0

68
3.03
0

59
2.04
0

58
1.6
0

64
2.06
0

52
1.47
0

50
1.18
0

49
1.52
0

54
1.53
0

49
1.07
0

66
2.83
0

55
1.64
0

58
1.8
0

64
2.54
0

60
2.12
0

48
1.16
0

52
1.41
0

59
2.13
0

64
2.07
0

59
1.99
0

59
2.1
0

56
1.65
0

51
1.29
0

64
2.74
0

56
1.78
0

56
1.66
0

49
1.17
0

58
1.76
0

53
1.63
0

48
1.15
0

61
2.15
0

62
2.33
0

61
2.02
0

49
1.3
0

61
2.06
0

55
1.66
0

57
1.87
0

62
2.35
0

69
2.69
0

55
1.72
0

54
1.48
0

45
.99
0

50
1.27
0

49
1.13
0

61
2.08
0

55
1.56
0

45
.86
0

61
2.46
0

63
2.24
0

69
3.07
0

64
2.81
0

59
2.25
0

48
1.08
0

54
1.59
0

51
1.48
0

61
2.19
0

61
2.4
0

58
2.16
0

68
3.38
0

120198
37 WHITEAKER M.
8 LONG LK
160896
2
2*2*7.5NET
2
2148
15
0
2 STICKLEBACK
NEA PIKE.
1 10% FORMALIN - WGHD AFT 5 WKS
80
71
3.85
0

48
1.19
0
 
49
1.18
0

62
2.08
0

59
1.93
0

50
1.37
0

42
.78
0

59
2.54
0

52
1.49
0

55
1.65
0

48
1.08
0
 
47
1.03
0

55
1.69
0

59
1.98
0

50
1.35
0

50
1.28
0

55
1.81
0

61
2.48
0

48
1.08
0

58
1.92
0

47
.98
0

57
1.76
0

61
2.46
0

59
1.95
0

66
2.4
0

59
2.03
0

62
2.45
0

54
1.22
0

49
1.16
0

59
2.24
0

55
1.73
0

54
1.51
0

58
1.85
0

56
1.73
0

46
1
0

60
2.34
0

63
2.48
0

58
2
0

66
2.8
0

48
.98
0

65
2.44
0

53
1.49
0

61
2.04
0

54
1.67
0

49
1.08
0

57
1.81
0

60
2.1
0

55
1.96
0

52
1.4
0

43
.83
0

51
1.3
0

64
2.69
0

49
1.21
0

62
2.18
0

44
.98
0

69
2.82
0

65
2.66
0

58
1.65
0

62
2.15
0

62
2.5
0

55
1.6
0

47
.95
0

46
1.05
0

44
.93
0

47
1.12
0

54
1.62
0

49
1.16
0

51
1.41
0

59
2.25
0

62
2.54
0

49
1.16
0

63
2.16
0

64
2.36
0

54
1.56
0

66
2.61
0

46
1.07
0

51
1.24
0

58
2.02
0

64
2.58
0

60
2.09
0

120198
37 WHITEAKER M.
8 LONG LK
160896
2
2*2*7.5NET
3
2241
15
0
2 STICKLEBACK
NEA PIKE.
1 10% FORMALIN - WGHD AFT 5 WKS
19
61
2.23
0

64
2.46
0
 
45
1.02
0

54
1.69
0

55
1.56
0

64
2.96
0

46
1.11
0

51
1.47
0

53
1.62
0

46
.91
0

64
2.09
0
 
65
2.93
0

61
2.4
0

58
2.03
0

49
1.33
0

58
1.93
0

55
1.82
0

59
1.87
0

59
2.22
0

120198
37 WHITEAKER M.
8 LONG LK
160896
2
2*2*7.5NET
4
2255
15
12
2 STICKLEBACK
NEA PIKE.
1 10% FORMALIN - WGHD AFT 5 WKS
2
58
2.14
0

59
2.35
0
 
120198
37  WHITEAKER M.
8  LONG LK
160896
2
2*2*7.5NET
6
0057
15
17
2  STICKLEBACK
NEA PIKE.
110 0% FORMALIN - WGHD AFT 5 WKS
2
59
2.17
0
 
55
1.75
0
 
120198
37 WHITEAKER M.
8 LONG LK
160896
2
2*2*7.5NET
7
0012
15
12
2 STICKLEBACK
NEA PIKE.
1 10% FORMALIN - WGHD AFT 5 WKS
14
61
2.11
0

55
1.81
0
 
55
1.59
0

65
2.26
0

51
1.32
0

54
1.62
0

48
1.13
0

48
1.07
0

49
1.05
0

55
1.79
0

54
1.7
0
 
64
2.43
0

48
1.13
0

58
2.02
0

120198
37 WHITEAKER M.
8 LONG LK
160896
2
2*2*7.5NET
8
0034
15
8
2 STICKLEBACK
NEA PIKE.
1 10% FORMALIN - WGHD AFT 5 WKS
12
49
1.16
0

59
1.8
0
 
56
2
0

59
2
0

55
1.51
0

65
2.67
0

66
2.69
0

63
2.23
0

58
1.85
0

54
1.47
0

62
2.57
0
 
63
2.12
0

120198
37 WHITEAKER M.
8 LONG LK
160896
2
2*2*7.5NET
9
0053
15
16
2 STICKLEBACK
NEA PIKE.
1 10% FORMALIN - WGHD AFT 5 WKS
5
64
2.5
0

55
1.69
0
 
57
2.08
0

59
1.96
0

62
2.52
0

050298
37 WHITEAKER M.
8 LONG LK
170896
2
2*2*7.5NET
10
2315
15
12
2 STICKLEBACK
NEA PIKE.
1 10% FORMALIN - WGHD AFT 5 WKS
12
56
2.14
0

61
2.25
0

59
2.07
0

51
1.3
0

59
2.38
0

58
1.76
0

65
2.32
0

60
2.44
0

56
1.87
0

59
2.11
0

54
1.67
0

54
1.68
0

060298
37 WHITEAKER M.
8 LONG LK
170896
2
2*2*7.5NET
11
2228
15
0
2 STICKLEBACK
NEA PIKE.
1 10% FORMALIN - WGHD AFT 5 WKS
32
60
2.23
0

62
2.16
0

60
2.01
0

58
2.03
0

55
1.86
0

54
1.69
0

60
2.16
0

64
2.1
0

63
2.52
0

55
1.64
0

64
2.24
0

49
1.19
0

61
1.88
0

54
1.63
0

56
1.92
0

59
2.01
0

59
2.27
0

55
1.74
0

54
1.78
0

55
1.79
0

51
1.29
0

59
2.18
0

56
2.04
0

60
2.28
0

62
2.04
0

59
2.11
0

47
1.09
0

49
1.3
0

54
1.47
0

60
2.01
0

49
1.15
0

54
1.57
0

060298
37 WHITEAKER M.
8 LONG LK
170896
2
2*2*7.5NET
12
2315
15
12
2 STICKLEBACK
NEA PIKE.
1 10% FORMALIN - WGHD AFT 5 WKS
38
60
2.97
0

60
2.27
0

58
2.11
0

50
1.44
0

57
1.9
0

60
1.79
0

65
2.42
0

58
2.15
0

61
2.32
0

54
1.76
0

50
1.14
0

54
1.67
0

51
1.4
0

53
1.52
0

55
1.89
0

54
1.57
0

61
2.22
0

55
1.95
0

66
2.79
0

59
2.08
0

47
1.09
0

60
1.93
0

45
.96
0

64
2.6
0

58
2.2
0

50
1.5
0

63
2.4
0

23
.19
0

48
1.27
0

60
1.87
0

49
1.2
0

57
1.96
0

63
2.1
0

59
1.77
0

52
1.53
0

60
2.17
0

57
1.94
0

44
.84
0

090198
37  WHITEAKER M.
8  LONG LK
170896
2
2*2*7.5NET
13
2350
15
17
2  STICKLEBACK
NEA PIKE.
110 0% FORMALIN - WGHD AFT 5 WKS
6
68
2.07
0

64
2.09
0

58
2.17
0

60
2.3
0

60
2.6
0

59
2.13
0

