280584
10 TRACY
6 HOBITON
070384
1
TRAWL
2
0012-0032
20
0
14 COHO
TR. 4.
1
1
35
.41
0

280584
10 TRACY
6 HOBITON
070384
1
TRAWL
3
2023-2043
20
0
14 COHO
TR. 2 - 3.
1
1
37
.47
0

280584
10 TRACY
6 HOBITON
060384
1
TRAWL
1
2345-0005
20
3
1 SOCKEYE
TR. 4.
1
38
64
2.24
0

59
1.75
0

62
2.08
0

59
1.78
0

52
1.29
0

61
1.91
0

56
1.43
0

53
1.25
0

55
1.5
0

70
2.86
0

53
1.33
0

59
1.73
0

51
1.13
0

60
2.35
0

61
2.14
0

58
1.53
0

56
1.54
0

62
2.07
0

54
1.54
0

57
1.48
0

60
1.89
0

52
1.14
0

51
1.15
0

53
1.32
0

57
1.53
0

57
1.42
0

56
1.48
0

58
1.78
0

51
1.25
0

50
1.14
0

59
1.73
0

62
1.98
0

60
1.68
0

57
1.44
0

52
1.41
0

56
1.46
0

48
.97
0

51
.96
0

280584
10 TRACY
6 HOBITON
070384
1
TRAWL
2
0012-0032
20
0
1 SOCKEYE
TR. 4.
1
27
93
7.84
1

66
2.63
0

51
1.21
0

63
2.23
0

57
1.26
0

55
1.33
0

59
1.83
0

60
1.88
0

63
2.18
0

60
2.12
0

62
2.16
0

59
1.7
0

55
1.38
0

62
2.06
0

53
1.38
0

54
1.27
0

60
1.87
0

58
1.77
0

57
1.59
0

49
1.01
0

57
1.55
0

55
1.65
0

57
1.52
0

60
1.75
0

63
2.1
0

59
1.79
0

52
1.05
0

280584
10 TRACY
6 HOBITON
070384
1
TRAWL
3
2023-2043
20
0
1 SOCKEYE
TR. 2 - 3.
1
9
59
1.86
0

62
2.19
0

61
1.98
0

55
1.47
0

57
1.61
0

61
1.7
0

60
1.96
0

54
1.43
0

53
1.21
0

310185
18
6 HOBITON
150384
1
TR
3
0400-0410
10
14     
1
TR3.0 -2.0 
1
8
31
.26
0

31
.29
0

30
.23
0

32
.31
0

31
.31
0

34
.39
0

30
.29
0

30
.24
0

280584
10 TRACY
6 HOBITON
070384
1
TRAWL
4
2133-2148
15
2
1 SOCKEYE
TR. 2 - 3.
1
10
63
2.22
0

57
1.84
0

60
2
0

63
2.25
0

67
2.91
0

57
1.74
0

55
1.5
0

62
2.2
0

62
2.32
0

58
1.74
0

280584
10 TRACY
6 HOBITON
060384
1
TRAWL
1
2345-0005
20
3
2 STICKLEBACK
TR. 4.
1
2
45
.73
0

45
.75
0

