100194
41   HIRST A.
3   HENDERSON LK
261093
2
2*2*7.5 NET
2
2041
15
24
1  SOCKEYE (JUV)
1 JAR.
1 10% FORMALIN - WGHD AFT 5 WKS
21
75
5.26
0
A
75
5.15
0
A
73
4.9
0
A
75
4.95
0
A
70
4.68
0
A
76
5.48
0
A
69
4.45
0
A
55
2.11
0
A
79
6.76
0
A
75
5.16
0
A
77
5.85
0
A
79
6.04
0
A
69
3.81
0
A
73
5.04
0
A
65
3.24
0
A
70
4.65
0
B
73
4.94
0
B
76
5.33
0
B
71
5.37
0

68
3.75
0

71
4.6
0

070194
41  HIRST A.
3  HENDERSON LK
261093
2
2*2*7.5 NET
3
2104
15
26
1  SOCKEYE (JUV)
1 JAR.
1 10% FORMALIN - WGHD AFT 5 WKS
36
81
7.09
1
A
79
6.43
2
A
76
5.48
3
A
77
6.55
4
A
78
6.01
5
A
80
6.53
6
A
76
5.49
7
A
79
6.38
8
A
76
5.64
9
A
77
6.12
10
A
76
5.48
11
A
76
5.71
12
A
77
6.18
13
A
77
5.69
14
A
75
5.29
15
A
75
5.81
1
B
75
4.96
2
B
77
5.76
3
B
73
4.85
0

72
4.53
0

70
4.91
0

78
6.07
4
B
71
4.47
0

72
4.94
0

75
5.74
5
B
71
4.17
0

72
4.71
0

72
4.39
0

75
5.52
6
B
57
2.15
0

71
4.51
0

75
5.1
0

73
4.95
0

70
4.07
0

66
3.67
0

62
2.71
0

060194
41  HIRST A.
3 HENDERSON LK
261093
2
2*2*7.5 NET
4
2126
15
26
1  SOCKEYE (JUV)
1JAR.
1 10% FORMALIN - WGHD AFT 5 WKS
49
80
6.72
1
A
82
7.09
2
A
81
6.5
3
A
85
8.56
4
A
77
5.18
5
A
75
5.68
6
A
77
5.89
7
A
77
5.27
8
A
83
7
9
A
76
5.07
10
A
81
6.42
11
A
80
6.45
12
A
86
7.71
13
A
81
6.87
14
A
80
6.55
15
A
74
4.57
0

76
5.32
1
B
82
6.75
2
B
81
6.02
3
B
79
5.85
4
B
75
5.3
5
B
83
7.18
6
B
82
6.46
7
B
78
5.97
8
B
78
5.81
9
B
76
5.54
10
B
78
5.91
11
B
75
4.95
12
B
76
4.96
13
B
76
5.48
14
B
74
4.8
0

74
5.03
0

73
4.63
0

72
4.57
0

73
4.76
0

70
3.81
0

71
4.14
0

70
4.01
0

72
4.12
0

72
4.76
0

65
3.45
0

67
3.43
0

69
4.31
0

72
4.31
0

52
1.43
0

61
2.7
0

70
4.41
0

69
4
0

71
4
0

070194
41   HIRST A.
3   HENDERSON LK
271093
2
2*2*7.5 NET
6
0025
15
26
1  SOCKEYE (JUV)
1 JAR.
1 10% FORMALIN - WGHD AFT 5 WKS
25
75
4.93
0
A
57
2.11
0
A
78
5.95
0
A
74
4.91
0
A
80
6.33
0
A
68
3.83
0
A
76
5.46
0
A
76
5.32
0
A
70
4.1
0
A
80
6.59
0
A
76
5.19
0
A
70
4.22
0
A
68
3.65
0
A
70
3.73
0
A
69
4.41
0
A
63
2.93
0
B
65
3.37
0
B
74
5.06
0
B
71
4.35
0

66
3.4
0

69
3.8
0

71
4.13
0
B
70
3.89
0

57
2.18
0

60
2.26
0
B
100194
41   HIRST A.
3   HENDERSON LK
271093
2
2*2*7.5 NET
7
0047
15
43
1 SOCKEYE (JUV)
1 JAR.
1 10% FORMALIN - WGHD AFT 5 WKS
1
73
4.9
0
A
191094
41      HIRST A.
3      HENDERSON LK
160294
2
2*2*7.5 NET
1
2023
15
0
2  STICKLEBACK
1 JAR TR 7-6.
1 10% FORMALIN - WGHD AFT 5 WKS
3
35
.3
0

37
.39
0

55
1.56
0

191094
41      HIRST A.
3      HENDERSON LK
160294
2
2*2*7.5 NET
2
2049
15
50
2  STICKLEBACK
1 JAR TR 6-5.
1 10% FORMALIN - WGHD AFT 5 WKS
2
47
.96
0
A
50
1.28
0
A
211093
35   COOPER C.
3  HENDERSON LK
170793
2
2*2*7.5 NET
2
2256
15
11
2 STICKLEBACK
TR14-6.
1 10% FORMALIN - WGHD AFT 5 WKS
1
57
2.43
0
A
191094
41      HIRST A.
3      HENDERSON LK
160294
2
2*2*7.5 NET
3
2116
15
30
2  STICKLEBACK
1 JAR TR 6-7.
1 10% FORMALIN - WGHD AFT 5 WKS
9
38
.53
0
A
36
.38
0
A
48
1.08
0

48
1.13
0

40
.59
0

39
.57
0

43
.84
0

41
.67
0

45
.83
0

251093
35    COOPER C.
3   HENDERSON LK
180793
2
2*2*7.5 NET
5
0053
15
18
2 STICKLEBACK
TR4-3.
1 10% FORMALIN - WGHD AFT 5 WKS
3
61
3.4
0
A
55
2.12
0
A
59
3.44
0
A
100194
41   HIRST A.
3   HENDERSON LK
271093
2
2*2*7.5 NET
5
0005
15
12
2 STICKLEBACK
1 JAR.
1 10% FORMALIN - WGHD AFT 5 WKS
39
65
2.65
0
A
40
.71
0
A
68
3.85
0
A
42
.86
0
A
48
1.26
0
A
46
1.16
0
A
67
2.79
0
A
41
.72
0
A
55
2.06
0
A
50
1.49
0
A
44
.94
0
A
53
1.9
0
A
45
1
0
A
44
1.03
0
A
42
.82
0
A
48
1.25
0
B
48
1.39
0
B
49
1.44
0
B
37
.54
0

51
1.5
0

43
.9
0

39
.67
0
B
46
1.18
0

35
.42
0

29
.26
0
B
45
1.08
0

42
.91
0

45
1.02
0

40
.66
0

45
.95
0

34
.46
0

40
.67
0

42
.79
0

33
.41
0

39
.66
0

42
.74
0

31
.27
0

40
.66
0

37
.61
0

251093
35    COOPER C.
3   HENDERSON LK
180793
2
2*2*7.5 NET
6
9999
15
19
2 STICKLEBACK
TR3-2.TIME?
1 10% FORMALIN - WGHD AFT 5 WKS
1
51
1.78
0
A
070194
41  HIRST A.
3  HENDERSON LK
271093
2
2*2*7.5 NET
6
0025
15
26
2 STICKLEBACK
1 JAR.
1 10% FORMALIN - WGHD AFT 5 WKS
1
62
2.5
0
A
251093
35      COOPER C.
3     HENDERSON LK
180793
2
2*2*7.5 NET
7
0135
15
19
2 STICKLEBACK
TR2-1.
1 10% FORMALIN - WGHD AFT 5 WKS
1
54
2.42
0
A
100194
41   HIRST A.
3   HENDERSON LK
271093
2
2*2*7.5 NET
8
0111
15
12
2 STICKLEBACK
1 JAR.
1 10% FORMALIN - WGHD AFT 5 WKS
42
64
2.58
0
A
48
1.24
0
A
54
1.75
0
A
33
.33
0
A
46
1.06
0
A
59
2.5
0
A
49
1.52
0
A
57
2.19
0
A
48
1.28
0
A
62
2.9
0
A
66
2.76
0
A
33
.36
0
A
53
1.72
0
A
49
1.45
0
A
38
.58
0
A
52
1.52
0
B
50
1.27
0
B
45
1.08
0
B
44
.95
0

45
1.19
0

49
1.38
0

41
.76
0
B
48
1.31
0

39
.63
0

47
1.23
0
B
43
1.06
0

36
.54
0

40
.71
0

47
1.18
0

43
.97
0

45
.9
0

38
.61
0

44
.98
0

39
.68
0

41
.74
0

40
.7
0

38
.65
0

39
.66
0

36
.46
0

35
.41
0

34
.42
0

35
.44
0

211093
35  COOPER C.
3 HENDERSON LK
170793
2
2*2*7.5 NET
1
2232
15
0
7 SOCKEYE (FRY)
TR7-14.
1 10% FORMALIN - WGHD AFT 5 WKS
3
54
1.9
0

42
.84
0

45
.91
0

191094
41      HIRST A.
3      HENDERSON LK
160294
2
2*2*7.5 NET
2
2049
15
50
7  SOCKEYE (FRY)
1 JAR TR 6-5.
1 10% FORMALIN - WGHD AFT 5 WKS
3
82
5.76
1
A
76
5.4
2
A
67
3.11
0

211093
35   COOPER C.
3  HENDERSON LK
170793
2
2*2*7.5 NET
2
2256
15
11
7  SOCKEYE (FRY)
TR14-6.
1 10% FORMALIN - WGHD AFT 5 WKS
135
58
2.5
1
A
63
3.49
2
A
55
2.14
3
A
54
2.1
4
A
55
2.07
5
A
52
1.71
6
A
47
1.22
0

55
2
0

48
1.26
0

37
.57
0

45
1.08
0

55
2.2
0

45
1.14
0

45
.75
0

40
.77
0

45
1.05
0

41
.83
0

44
1.01
0

44
1.02
0

40
.8
0

33
.97
0

40
.72
0

45
1.02
0

38
.66
0

43
.9
0

43
1
0

39
.64
0

40
.77
0

38
.68
0

40
.7
0

46
1.1
0

40
.7
0

50
1.58
0

52
1.83
0

51
1.54
0

37
.52
0

42
.97
0

48
1.4
0

43
.99
0

41
.82
0

44
.97
0

44
1.02
0

45
1.09
0

51
1.7
0

50
1.52
0

45
1.01
0

50
1.46
0

41
.8
0

52
1.69
0

50
1.65
0

49
1.5
0

42
.9
0

42
.91
0

44
1.06
0

45
1.12
0

44
1
0

40
.87
0

40
.72
0

40
.73
0

43
.92
0

44
.99
0

44
1
0

49
1.5
0

38
.64
0

43
.92
0

44
1
0

45
1.2
0

44
.97
0

37
.59
0

37
.62
0

41
.73
0

40
.77
0

48
1.36
0

43
.95
0

40
.77
0

43
.84
0

38
.65
0

45
1.07
0

45
1.03
0

45
1.1
0

42
.88
0

43
.99
0

43
.98
0

41
.77
0

51
1.57
0

45
1.1
0

49
1.3
0

44
1
0

40
.78
0

43
.85
0

42
.86
0

36
.5
0

45
1.03
0

56
2.09
0

40
.7
0

41
.72
0

39
.62
0

39
.7
0

38
.63
0

42
1.01
0

38
.66
0

43
.93
0

41
.8
0

44
.94
0

41
.83
0

38
.64
0

38
.65
0

40
.74
0

42
.83
0

38
.67
0

44
.98
0

37
.66
0

38
.66
0

40
.7
0

39
.65
0

35
.51
0

35
.48
0

38
.67
0

39
.7
0

32
.43
0

39
.67
0

39
.63
0

40
.77
0

38
.59
0

41
.75
0

38
.63
0

38
.65
0

40
.7
0

35
.43
0

30
.32
0

40
.71
0

32
.37
0

38
.57
0

35
.48
0

37
.5
0

191094
41      HIRST A.
3      HENDERSON LK
160294
2
2*2*7.5 NET
3
2116
15
30
7  SOCKEYE (FRY)
1 JAR TR 6-7.
1 10% FORMALIN - WGHD AFT 5 WKS
2
80
5.54
1
A
70
3.63
0
A
221093
35   COOPER C.
3  HENDERSON LK
170793
2
2*2*7.5 NET
3
2317
15
11
7 SOCKEYE (FRY)
TR6-5.
1 10% FORMALIN - WGHD AFT 5 WKS
146
73
5.14
1
A
64
3.5
2
A
58
2.46
3
A
60
2.82
4
A
58
2.54
5
A
56
2.28
6
A
57
2.35
7
A
50
1.51
0

45
1.12
0

45
1.2
0

48
1.3
0

47
1.25
0

46
1.13
0

45
1.03
0

45
1.14
0

51
1.77
0

50
1.45
0

41
.85
0

43
1.04
0

47
1.25
0

42
.88
0

42
.88
0

44
1.04
0

46
1.16
0

45
1.2
0

44
1.05
0

43
.89
0

38
.61
0

44
.99
0

45
1.19
0

44
.96
0

45
1.1
0

43
.97
0

42
.8
0

45
1.07
0

47
1.17
0

44
1.07
0

41
.88
0

37
.6
0

38
.73
0

45
1.03
0

45
.99
0

42
.86
0

50
1.56
0

45
1.2
0

41
.85
0

45
1.23
0

48
1.32
0

50
1.7
0

44
1.08
0

44
.96
0

47
1.2
0

43
.96
0

45
.97
0

42
.93
0

49
1.49
0

43
.89
0

42
.89
0

40
.83
0

45
1.08
0

40
.7
0

43
.98
0

37
.59
0

40
.7
0

45
1
0

45
1.07
0

43
.93
0

43
.91
0

40
.81
0

45
1.12
0

41
.85
0

45
1.18
0

40
.8
0

40
.73
0

45
1.17
0

38
.63
0

42
.9
0

41
.8
0

40
.8
0

47
1.14
0

41
.75
0

44
1.07
0
 
38
.75
0
 
40
.67
0
 
41
.82
0
 
42
.83
0

43
.92
0

44
1
0

40
.78
0

47
1.15
0

40
.82
0

84
.99
0

42
.87
0

44
1
0

44
1.07
0

37
.55
0

38
.71
0

45
1.15
0

35
.47
0

37
.56
0

38
.62
0

47
1.39
0

47
1.3
0

42
.9
0

42
.89
0

44
.91
0

40
.8
0

48
1.4
0

39
.68
0

42
.86
0

39
.69
0

43
.99
0

45
1.12
0

36
.51
0

43
.97
0

41
.86
0

42
1
0

45
1.1
0

48
1.5
0

44
1.02
0

45
1.04
0

43
.94
0

39
.68
0

40
.79
0

39
.79
0

40
.89
0

40
.76
0

39
.8
0

42
.89
0

38
.65
0

38
.68
0

35
.51
0

38
.72
0

38
.6
0

46
1.25
0

40
.89
0

43
1.02
0

41
.8
0

38
.64
0

38
.69
0

39
.74
0

37
.56
0

37
.6
0

38
.69
0

35
.49
0

35
.47
0

221093
35   COOPER C.
3  HENDERSON LK
180793
2
2*2*7.5 NET
4
0031
15
18
7 SOCKEYE (FRY)
TR4-3.
1 10% FORMALIN - WGHD AFT 5 WKS
63
46
1.23
0
A
44
1.14
0
A
50
1.52
0
A
44
1.1
0
A
47
1.44
0
A
43
1
0
A
44
.99
0
A
45
1.12
0

45
1.12
0

46
1.19
0

45
1.14
0

47
1.24
0

48
1.34
0

45
1.03
0

47
1.32
0

44
1.05
0

45
1.04
0

45
1.16
0

43
1
0

43
1
0

44
1.12
0

42
.9
0

40
.73
0

45
1.2
0

38
.68
0

40
.79
0

40
.77
0

43
.94
0

42
.97
0

41
.9
0

43
1.01
0

42
.84
0

41
.8
0

41
.87
0

44
1.1
0

45
1.2
0

42
.93
0

44
.95
0

44
1.04
0

42
.9
0

47
1.35
0

39
.74
0

42
.81
0

45
1.15
0

42
.92
0

46
1.2
0

42
.86
0

40
.86
0
 
40
.82
0

40
.85
0

44
1.02
0

44
1.05
0

42
.87
0

42
1.02
0

43
1.1
0

38
.66
0

42
.94
0

43
1.1
0

43
1.02
0

42
.92
0

39
.7
0

35
.49
0

37
.61
0

191094
41     HIRST A.
3     HENDERSON LK
160294
2
2*2*7.5 NET
5
2257
15
33
7 SOCKEYE (FRY)
1 JAR TR 6-5.
1 10% FORMALIN - WGHD AFT 5 WKS
4
75
4.96
0
A
75
4.48
1
A
65
2.92
0

56
1.71
0

251093
35    COOPER C.
3   HENDERSON LK
180793
2
2*2*7.5 NET
5
0053
15
18
7  SOCKEYE (FRY)
TR4-3.
1 10% FORMALIN - WGHD AFT 5 WKS
13
79
6.93
1
A
44
1.1
0
A
42
.92
0
A
41
.9
0
A
42
.95
0
A
45
1.02
0
A
46
1.1
0
A
43
.89
0

42
.84
0

40
.74
0

38
.62
0

36
.6
0

40
.8
0

251093
35    COOPER C.
3   HENDERSON LK
180793
2
2*2*7.5 NET
6
9999
15
19
7 SOCKEYE (FRY)
TR3-2.TIME?
1 10% FORMALIN - WGHD AFT 5 WKS
170
72
4.7
1
A
61
2.88
2
A
53
1.88
3
A
43
.94
0
A
48
1.24
0
A
48
1.3
0
A
48
1.29
0
A
49
1.41
0

47
1.39
0

43
.95
0

45
1.04
0

44
1.05
0

45
1.2
0

50
1.54
0

48
1.39
0

50
1.52
0

45
1.1
0

45
1.13
0

47
1.3
0

46
1.16
0

39
.68
0

40
.8
0

47
1.28
0

46
1.04
0

50
1.47
0

45
1.09
0

47
1.25
0

43
.92
0

44
1
0

43
.97
0

39
.66
0

42
.93
0

43
.94
0

42
.83
0

45
1.09
0

39
.66
0

40
.76
0

45
1
0

45
1.22
0

42
.9
0

46
1.22
0

43
.97
0

46
1.17
0

45
1.14
0

42
.9
0

42
.93
0

41
.88
0

40
.72
0

43
1
0

44
1.09
0

45
1.1
0

45
1.19
0

45
1.13
0

45
1.13
0

45
1.12
0

41
.8
0

52
1.6
0

47
1.28
0

43
.92
0

45
.96
0

49
1.47
0

40
.77
0

43
.9
0

37
.5
0

45
1.1
0

47
1.27
0

47
1.3
0

40
.77
0

45
1.08
0

45
1.17
0

43
.89
0

42
.85
0

44
1.1
0

40
.7
0

44
1.07
0

39
.69
0

40
.79
0

39
.65
0

43
.9
0

45
1.1
0

47
1.3
0

45
1.1
0

43
.9
0

39
.76
0

36
.58
0

40
.76
0

36
.54
0

47
1.47
0

45
1.09
0

40
.77
0

43
1.1
0

50
1.56
0

46
1.22
0

47
1.22
0

46
1.19
0

51
1.6
0

42
.87
0

47
1.22
0

50
1.46
0

42
.89
0

41
.82
0

45
1.2
0

43
.94
0

46
1.2
0

35
.5
0

42
.87
0

41
.82
0

42
.91
0
 
40
.7
0

42
.88
0

44
.92
0

43
1
0

45
.96
0

44
1.05
0

49
1.3
0

47
1.33
0

50
1.43
0

44
1
0

45
1
0

40
.79
0

40
.8
0

44
.98
0

38
.65
0

49
1.47
0

42
.87
0

43
.99
0

46
1.15
0

47
1.34
0

46
1.17
0

39
.7
0

48
1.39
0

42
.87
0

38
.667
0

42
.86
0
 
43
1.02
0

45
1.15
0

42
1
0

50
1.47
0

44
1.06
0

43
.96
0

45
1.17
0

41
.81
0

42
.99
0

40
.76
0

48
1.44
0

48
1.3
0

42
.9
0

45
1.03
0

40
.7
0

45
1.09
0

45
1.16
0

40
.83
0

41
.82
0

42
1
0

43
.96
0

42
.87
0

38
.77
0

37
.6
0

40
.79
0

42
.89
0

35
.63
0

35
.61
0

34
.5
0

42
.88
0

42
.83
0

42
.83
0

37
.53
0

32
.37
0

39
.67
0

33
.48
0

251093
35      COOPER C.
3     HENDERSON LK
180793
2
2*2*7.5 NET
7
0135
15
19
7  SOCKEYE (FRY)
TR2-1.
1 10% FORMALIN - WGHD AFT 5 WKS
200
70
4.22
1
A
73
5.36
2
A
72
4.76
3
A
68
4.23
4
A
58
2.5
5
A
51
1.6
6
A
59
2.62
7
A
70
4.3
8
A
54
1.89
9
A
63
3.2
10
A
48
1.34
11
A
50
1.56
12
A
52
1.66
13
A
50
1.46
14
A
49
1.42
15
A
50
1.45
16
A
48
1.4
17
A
51
1.57
18
A
49
1.4
19
A
53
1.86
20
A
52
1.53
0

42
.94
0

50
1.32
0

51
1.47
0

51
1.64
0

46
1.11
0

52
1.48
0

45
1.07
0

50
1.45
0

50
1.41
0

46
1.07
0

43
.94
0

46
1.12
0

45
1.19
0

45
1.06
0

45
1.12
0

48
1.48
0

45
1.05
0

43
.93
0

47
1.18
0

48
1.32
0

50
1.5
0

45
1.1
0

53
1.78
0

43
.92
0

50
1.58
0

46
1.07
0

45
1.1
0

44
1.01
0

47
1.21
0

45
1.18
0

43
1
0

40
.8
0

43
.99
0

49
1.4
0

43
.85
0

43
.96
0

46
1.2
0

44
1
0

43
1.05
0

45
1.08
0

43
1.03
0

45
1.15
0

45
1.03
0

42
.83
0

46
1.25
0

43
.98
0

43
.94
0

45
1.11
0

46
1.15
0

44
1
0

48
1.45
0

48
1.42
0

45
1.07
0

41
.89
0

45
1
0

39
.82
0

45
1.15
0

43
1.12
0

38
.6
0

42
.93
0

40
.8
0

48
1.28
0

47
1.19
0

47
1.17
0

39
.68
0

45
1.27
0

48
1.4
0

43
1.09
0

50
1.54
0

45
1.15
0

49
1.35
0

45
1.06
0

44
.98
0

43
.88
0

49
1.47
0

45
1.11
0

42
.93
0

44
1.06
0

45
1.2
0

48
1.34
0

46
1.08
0

35
.46
0

40
.75
0

45
1.18
0

42
.85
0

49
1.43
0

39
.74
0

43
.85
0

36
.52
0

47
1.22
0

45
1.14
0

41
.81
0

41
.84
0

35
.5
0

39
.73
0

45
1.28
0

40
.76
0

40
.78
0

45
1.14
0

45
.98
0

40
.79
0

45
1.07
0

42
.86
0

40
.75
0

41
.73
0

50
1.39
0

39
.67
0

49
1.22
0

75
5.22
0

38
.6
0

38
.6
0

44
1.09
0

45
1.2
0

39
.72
0

45
1.02
0

43
.91
0

44
1.2
0

44
1.03
0

43
.97
0

42
.84
0

43
.96
0

40
.74
0

40
.78
0

36
.59
0

38
.72
0

48
1.27
0

43
.88
0

43
1.06
0

42
.94
0

38
.64
0

45
1.05
0

42
.92
0

42
.9
0

40
.8
0

42
.79
0

43
.93
0

45
1.13
0

42
.98
0

47
1.3
0

42
.75
0

45
.95
0

46
1.1
0

43
1.02
0

40
.71
0

47
1.25
0

50
1.46
0

38
.63
0

43
.9
0

44
1.06
0

40
.79
0

44
1.01
0

40
.8
0

44
1
0

42
.95
0

44
1.04
0

44
1.06
0

48
1.17
0

43
.97
0

43
1
0

42
.94
0

45
1.13
0

44
.91
0

45
1.16
0

47
1.32
0

42
.78
0

44
.86
0

42
.9
0

42
.8
0

45
1.13
0

39
.74
0

43
.97
0

43
.96
0

39
.65
0

40
.75
0

36
.57
0

42
.85
0

47
1.24
0

46
1.22
0

42
.99
0

251093
35     COOPER C.
3    HENDERSON LK
180793
2
2*2*7.5 NET
8
0158
15
0
7 SOCKEYE (FRY)
TR2-1.
1 10% FORMALIN - WGHD AFT 5 WKS
2
38
.59
0
A
43
.99
0
 
100993
37 WHITEAKER M.
35 BOWSER LK
160693
2
2*2*7.5 NET
4
1624
15
0
3 PEAMOUTH CHUB
TR6-6.
1 10% FORMALIN - WGHD AFT 5 WKS
1
90
8.72
1
A
150993
35 COOPER C.
35 BOWSER LK
090893
2
2*2*7.5 NET
1
1549
15
0
7 SOCKEYE (FRY)
TR5-6.
1 10% FORMALIN - WGHD AFT 5 WKS
1
52
1.73
0

121193
35 COOPER C.
35 BOWSER LK
250993
2
2*2*7.5 NET
1
1228
15
0
7 SOCKEYE (FRY)
TR4-5.1 MANGLED SOCKEYE NOT PROCESSED.
1 10% FORMALIN - WGHD AFT 5 WKS
4
50
1.35
0

55
1.85
0

51
1.4
0

72
4.72
0

150993
35 COOPER C.
35 BOWSER LK
090893
2
2*2*7.5 NET
2
1608
15
0
7 SOCKEYE (FRY)
TR5-6.
1 10% FORMALIN - WGHD AFT 5 WKS
8
72
4.67
0

77
5.6
1
A
80
6.41
2
A
45
1.07
0
A
59
2.55
0

48
1.24
0
A
39
.74
0
A
27
.2
0

121193
35 COOPER C.
35 BOWSER LK
250993
2
2*2*7.5 NET
2
1250
15
0
7 SOCKEYE (FRY)
TR4-5.
1 10% FORMALIN - WGHD AFT 5 WKS
2
53
1.7
0

43
.86
0

100993
37 WHITEAKER M.
35 BOWSER LK
100793
2
2*2*7.5 NET
3
1800
15
0
7 SOCKEYE (FRY)
TR5-6.
1 10% FORMALIN - WGHD AFT 5 WKS
4
61
2.65
0
A
39
.63
0

43
.96
0

41
.76
0

100993
37 WHITEAKER M.
35 BOWSER LK
160693
2
2*2*7.5 NET
3
1601
15
0
7 SOCKEYE (FRY)
TR5-6.
1 10% FORMALIN - WGHD AFT 5 WKS
1
69
3.56
0
A
121193
35 COOPER C.
35 BOWSER LK
250993
2
2*2*7.5 NET
3
1310
15
0
7 SOCKEYE (FRY)
TR4-5.
1 10% FORMALIN - WGHD AFT 5 WKS
2
58
2.46
0

51
1.39
0

100993
37 WHITEAKER M.
35 BOWSER LK
160693
2
2*2*7.5 NET
4
1624
15
0
7 SOCKEYE (FRY)
TR6-6.
1 10% FORMALIN - WGHD AFT 5 WKS
2
70
3.96
0

65
3.22
0

121193
35 COOPER C.
35 BOWSER LK
250993
2
2*2*7.5 NET
4
1329
15
0
7 SOCKEYE (FRY)
TR5-6.
1 10% FORMALIN - WGHD AFT 5 WKS
8
58
2.36
0

61
2.54
0

55
1.75
0

72
4.19
0

58
2.38
0

40
.7
0

75
5
1
A
60
2.41
0

121193
35 COOPER C.
35 BOWSER LK
250993
2
2*2*7.5 NET
5
1348
15
0
7 SOCKEYE (FRY)
TR5-6.
1 10% FORMALIN - WGHD AFT 5 WKS
6
61
2.63
0

62
2.76
0

51
1.62
0

56
2.07
0

46
1.03
0

80
6.2
1
A
121193
35 COOPER C.
35 BOWSER LK
250993
2
2*2*7.5 NET
6
1410
15
0
7 SOCKEYE (FRY)
TR5-6.
1 10% FORMALIN - WGHD AFT 5 WKS
5
49
1.32
0

51
1.61
0

52
1.62
0

61
2.73
0

50
1.32
0

121193
35  COOPER C.
35  BOWSER LK
250993
2
2*2*7.5 NET
7
1430
15
0
7  SOCKEYE (FRY)
TR6-5.
1 10% FORMALIN - WGHD AFT 5 WKS
10
55
1.76
0

53
1.59
0

50
1.5
0

42
.8
0

42
.86
0

51
1.53
0
A
45
.92
0
A
42
.79
0

47
1.11
0

77
5.29
1
A
161193
35  COOPER C.
35  BOWSER LK
250993
2
2*2*7.5 NET
8
1450
15
0
7  SOCKEYE (FRY)
TR5-4.
1 10% FORMALIN - WGHD AFT 5 WKS
4
52
1.45
0

53
1.59
0

48
1.1
0

46
.98
0

231193
35 COOPER C.
38 DAMDOCHAX LK
280993
2
2*2*7.5 NET
2
2205
5
12
7 SOCKEYE (FRY)
TR4-2.
1 10% FORMALIN - WGHD AFT 5 WKS
1
62
2.96
0

091193
41 HIRST A.
38 DAMDOCHAX LK
280993
2
2*2*7.5 NET
4
2239
5
16
7 SOCKEYE (FRY)
1 JAR.
1 10% FORMALIN - WGHD AFT 5 WKS
22
73
4.35
0

75
5.07
1
A
74
4.38
0

83
6.47
2
A
70
3.88
0

66
3.38
0

54
1.81
0

62
2.57
0

80
6.33
3
A
68
3.65
0

58
2.09
0

73
4.38
0

72
4.21
0

67
3.49
0

72
4.1
0

66
3.44
0

75
4.93
4
A
75
4.7
5
A
46
1.05
0

60
2.28
0

65
2.99
0

61
2.53
0

021193
41  HIRST A.
38  DAMDOCHAX LK
280993
2
2*2*7.5 NET
5
2250
3
17
7  SOCKEYE (FRY)
2 JARS.
1 10% FORMALIN - WGHD AFT 5 WKS
72
67
3.32
0
A
76
4.8
1
A
80
5.91
2
A
76
5.25
3
A
81
6.01
4
A
70
4.01
0

73
4.45
0

76
5.4
5
A
79
5.62
6
A
75
4.99
7
A
78
5.22
8
A
52
1.6
0

73
4.34
0

75
5
9
A
79
5.7
10
A
78
5.36
11
A
77
5.46
0

77
5.25
12
A
51
1.59
0

72
4.04
0

76
5.02
13
A
74
4.49
0

69
3.63
0

75
4.83
14
A
72
4.14
0

74
4.71
0

78
5.21
15
A
74
5.06
0

62
2.6
0

70
4.07
0

73
4.32
0

72
3.99
0

69
3.6
0

69
3.85
0

68
3.68
0

67
3.34
0

73
4.12
0

66
3.26
0

60
2.25
0

63
2.75
0

65
3.01
0

83
6.49
1
B
81
5.96
2
B
80
5.66
3
B
83
7
4
B
82
6.34
5
B
88
7.42
6
B
75
4.67
7
B
84
6.78
8
B
83
6.43
9
B
67
2.96
0

77
5.15
10
B
70
4.06
0

80
5.73
11
B
65
2.81
0

72
3.91
0

75
4.6
12
B
75
4.65
0

74
4.68
0

67
3.42
0

68
3.68
0

68
3.3
0

70
3.96
0

70
4.2
0

80
5.69
13
B
80
5.79
14
B
72
4.34
0

67
3.28
0

68
3.5
0

75
4.77
15
B
70
3.74
0

60
2.33
0

031193
41   HIRST A.
38   DAMDOCHAX LK
280993
2
2*2*7.5 NET
6
2300
4
17
7   SOCKEYE (FRY)
3 JARS. ONE SCULPIN IN SAMPLE.
1 10% FORMALIN - WGHD AFT 5 WKS
120
84
6.3
1
A
76
4.75
2
A
78
5.12
3
A
82
6.13
4
A
83
6.26
5
A
81
5.59
6
A
85
6.59
7
A
89
7.53
8
A
75
4.71
9
A
82
6.11
10
A
83
6.54
11
A
77
5.14
12
A
83
6.14
13
A
82
5.99
0
A
82
6.97
14
A
75
4.7
15
A
76
4.89
1
B
76
4.91
2
B
77
5.17
3
B
78
5.46
4
B
77
5.45
5
B
76
4.72
6
B
75
5.19
7
B
75
4.8
8
B
79
5.76
0

78
5.01
9
B
71
3.9
0
A
78
5.54
10
B
74
4.34
0

69
4.08
0

71
4.19
0

62
2.53
0

70
3.91
0

53
1.72
0

70
3.55
0

59
2.34
0

76
5.15
11
B
62
2.59
0

67
3.47
0

66
3.3
0

70
3.85
0

68
3.65
0
B
45
.77
0
B
68
3.54
0
B
67
3.03
0
B
56
1.84
0
B
75
4.35
0

65
3.04
0

63
2.56
0

73
4.16
0

70
3.46
0

76
4.97
12
B
78
5.16
13
B
84
6.38
14
B
83
5.88
15
B
82
6.82
1
C
82
5.83
2
C
77
5.05
0

89
7.43
3
C
83
6.28
4
C
77
5.23
5
C
78
5.37
6
C
77
4.93
7
C
77
5.17
8
C
80
5.73
9
C
75
4.21
10
C
75
4.81
11
C
78
5.19
12
C
79
5.47
13
C
79
5.12
14
C
71
3.83
0

78
5.44
15
C
73
4.17
0

78
5.15
0

80
5.7
1
D
76
4.91
2
D
71
3.86
0

74
4.3
0

70
3.71
0

70
3.89
0

64
2.87
0

73
4.03
0

75
4.73
3
D
67
3.65
0

74
4.44
0

64
3.03
0

69
3.8
0

70
3.8
0

67
3.27
0

69
3.79
0

73
4.29
0

64
2.66
0

74
4.47
0

75
4.9
4
D
76
4.53
5
D
73
4.23
0

70
3.64
0

70
3.42
0

66
2.95
0

71
4.1
0

72
4
0

66
2.96
0

70
3.69
0

38
.48
0

47
1.02
0

46
.92
0

44
.87
0

40
.57
0

48
1.13
0

77
5.56
6
D
77
5.25
7
D
74
4.77
0

75
4.86
8
D
69
3.63
0

70
4.25
0

71
4.36
0

69
3.76
0

53
1.56
0

67
3.31
0

49
1.3
0

231193
35 COOPER C.
38 DAMDOCHAX LK
280993
2
2*2*7.5 NET
3
2219
16
4
11 CHINOOK
TR4-2.
1 10% FORMALIN - WGHD AFT 5 WKS
1
77
6.15
1
A
091193
41 HIRST A.
62 SKIDEGATE LK
090593
1
2*2*7.5 net                     MISSING:DUMMY2-LOC'N,ONLY HAD THE TWO LINES BELOW
1                                1 SOCKEYE (JUV)
0001                             1 JAR.
15     
12      
7 SOCKEYE
.
1 10% FORMALIN - WGHD AFT 5 WKS
3
124
21.09
1
A
100
11.83
2
A
115
16.82
3
A
150993
37 WHITEAKER M.
43 MEZIADIN LK
090893
2
2*2*7.5 NET
1
0005
15
12
7 SOCKEYE (FRY)
TR4-5.
1 10% FORMALIN - WGHD AFT 5 WKS
46
80
5.02
1
A
75
4.22
2
A
77
4.75
3
A
82
5.38
0

72
3.79
0

85
6.34
0

78
5.06
0

80
5.5
0

70
3.63
0

77
5.15
4
A
71
3.57
0

84
6.56
0

77
4.69
5
A
70
3.52
0

76
4.83
6
A
73
4.16
0

72
4.06
0

68
3.14
0

79
4.87
7
A
73
4.22
0

83
6.38
0

83
6.59
0

67
3.2
0

90
7.48
8
A
81
5.67
9
A
87
6.97
10
A
72
4.18
0

80
5.56
11
A
83
6.02
0

88
7.33
0

85
6.12
0

78
5.28
0

84
6.12
0

78
5.14
0

81
5.1
0

42
.58
0

83
5.72
0

87
6.93
12
A
80
5.05
0

76
4.52
13
A
65
2.86
0

59
1.78
0

76
4.53
0

59
2.21
0

87
7.06
0

79
4.9
0

130993
35 COOPER C.
43 MEZIADIN LK
100793
2
2*2*7.5 NET
1
0022
15
3
7 SOCKEYE (FRY)
.
1 10% FORMALIN - WGHD AFT 5 WKS
79
63
2.76
0

62
2.7
0

77
5.4
0

65
3.49
0

60
2.39
0

65
3.21
0

57
2.1
0

52
1.55
0

54
1.43
0

55
1.75
0

57
2.05
0

61
2.5
0

52
1.65
0

64
3.28
0

56
1.28
0

73
4.47
0

63
2.79
0

78
5.78
0

63
2.73
0

61
2.23
0

53
1.45
0

56
1.89
0

64
2.9
0

65
2.8
0

61
2.45
0

61
2.57
0

70
3.77
0

63
2.84
0

67
3.18
0

60
2.14
0

61
2.45
0

60
2.26
0

59
2.33
0

60
2.55
0

60
2.43
0

70
3.51
0

65
3
0

58
2.13
0

70
3.93
0

55
1.9
0

58
1.69
0

55
1.92
0

56
1.82
0

53
1.3
0

62
2.2
0

62
2.81
0

45
.92
0

36
.47
0

36
.42
0

40
.6
0

35
.42
0

33
.37
0

34
.39
0

33
.36
0

37
.53
0

34
.34
0

29
.23
0

33
.3
0

34
.32
0

44
.82
0

40
.68
0

33
.33
0

32
.29
0

33
.36
0

32
.3
0

33
.3
0

38
.52
0

35
.4
0

35
.45
0

35
.48
0

33
.32
0

30
.23
0

32
.31
0

33
.39
0

30
.27
0

29
.22
0

29
.23
0

30
.27
0

28
.17
0

090993
37 WHITEAKER M.
43 MEZIADIN LK
150693
2
2*2*7.5 NET
1
0028
15
3
7 SOCKEYE (FRY)
TR6-5.
1 10% FORMALIN - WGHD AFT 5 WKS
88
64
2.77
0

60
2.37
0

69
2.7
0

59
2.05
0

54
1.67
0

63
2.53
0

59
2.22
0

63
2.5
0

65
2.87
0

59
2.12
0

69
3.66
0

63
2.39
0

75
4.65
1
A
75
4.87
2
A
51
1.37
0

64
2.78
0

68
3.59
0

50
1.34
0

60
1.65
0

62
2.41
0

60
2.35
0

58
2
0

60
2
0

60
2.36
0

69
3.22
0

58
1.98
0

58
2.12
0

55
1.68
0

70
2.97
0

58
2.36
0

63
2.46
0

56
1.56
0

50
1.33
0

66
3.07
0

65
2.82
0

66
2.86
0

72
3.68
0

62
2.62
0

62
2.44
0

56
2
0

69
3.42
0

57
2.03
0

52
1.42
0

58
2.16
0

64
2.74
0

59
2.12
0

66
3.12
0

77
4.59
3
A
60
2.29
0

59
2.2
0

64
2.72
0

69
3.4
0

67
3.41
0

63
2.53
0

63
2.62
0

55
1.69
0

63
2.46
0

67
3.12
0

62
2.3
0

62
2.6
0

57
1.91
0

58
2.01
0

54
1.76
0

56
1.97
0

68
3.29
0

58
1.77
0

69
3.63
0

65
3.03
0

68
2.5
0

63
2.63
0

50
1.24
0

55
1.84
0

66
2.44
0
 
64
2.83
0

65
2.64
0

67
3.17
0

65
2.69
0

58
2.15
0

73
4.07
0

68
3.26
0

65
2.63
0

57
1.89
0

62
2.52
0

60
1.93
0

33
.27
0

33
.2
0

62
2.32
0

77
4.61
4
A
161193
35  COOPER C.
43 MEZIADIN LK
220993
2
2*2*7.5 NET
1
2040
15
8
7  SOCKEYE (FRY)
TR5-4.
1 10% FORMALIN - WGHD AFT 5 WKS
47
43
.9
0

46
1.06
0

45
.94
0

48
1.44
0

40
.69
0

42
.8
0
A
45
1.01
0
A
55
1.94
0

42
.99
0

45
1.06
0
A
44
.93
0

45
.99
0

48
1.14
0

46
1.04
0

41
.82
0

43
.9
0

40
.8
0

40
.82
0

42
.78
0

43
.97
0

46
1.03
0

38
.6
0

46
1.13
0

57
2.07
0

39
.65
0

42
.77
0

45
1
0

46
1.07
0

45
1
0

43
.82
0

42
.75
0

45
1.07
0

37
.59
0

41
.74
0

35
.43
0

44
1
0

38
.54
0

40
.68
0

44
.96
0

40
.7
0

43
.88
0

40
.76
0

38
.5
0

38
.57
0

38
.6
0

40
.6
0

34
.33
0

150993
35 COOPER C.
43 MEZIADIN LK
090893
2
2*2*7.5 NET
2
0028
15
15
7 SOCKEYE (FRY)
TR4-5.
1 10% FORMALIN - WGHD AFT 5 WKS
54
82
5.77
0

76
4.8
0

68
3.07
0

88
7.35
1
A
68
3.32
0

100
11.29
2
A
85
7.17
3
A
85
6.49
0

88
8.62
4
A
91
8.6
5
A
81
5.53
0

77
5.4
0

70
3.75
0

81
5.85
0

83
6.83
0

67
3.4
0

83
6.35
0

88
7.97
0

78
5.52
0

84
6.8
0

79
5.75
0

82
5.93
0

71
3.72
0

77
4.9
0

82
5.79
0

68
4.03
0

85
6.82
0

82
6.85
6
A
78
5.33
0

70
3.64
0

85
7.52
7
A
77
5.54
0

81
5.59
0

79
5.29
0

83
6.4
0

80
5.78
0

70
4.12
0

86
7.13
0

85
7.2
0

78
5.1
0

72
4.28
0

85
6.81
0

80
5.85
8
A
80
6.06
9
A
86
7.06
10
A
82
6.55
11
A
85
7.12
12
A
83
6.98
13
A
78
5.9
0

61
2.3
0

88
8.44
14
A
88
7.2
0

42
.85
0

38
.54
0
 
140993
35 COOPER C.
43 MEZIADIN LK
100793
2
2*2*7.5 NET
2
0047
15
3
7 SOCKEYE (FRY)
TR4-5.
1 10% FORMALIN - WGHD AFT 5 WKS
110
67
3.22
0

62
2.66
0

63
2.85
0

51
1.53
0

70
3.81
0

60
2.41
0

66
3.08
0

65
2.77
0

63
2.66
0

66
3.21
0

63
2.7
0

51
1.31
0

65
2.76
0

65
2.93
0

56
1.99
0

66
2.88
0

62
2.62
0

62
2.6
0

70
2.59
0

61
2.46
0

68
3.6
0

60
2.05
0

67
3.35
0

62
2.63
0

67
3.15
0

65
2.8
0

62
2.88
0

62
2.5
0

67
3.29
0

67
3.35
0

68
3.27
0

60
2.4
0

60
2.25
0

68
3.09
0

65
2.64
0

67
3.26
0

62
2.83
0

62
2.59
0

54
1.57
0

65
2.94
0

67
3.22
0

64
3.04
0

68
3.22
0

64
2.9
0

66
3.17
0

63
4.32
0

60
2.33
0

61
2.55
0

64
2.73
0

70
3.86
0

59
2.3
0

39
.71
0

67
3.2
0

56
2.1
0

53
1.69
0

62
2.58
0

55
1.72
0

60
2.17
0

42
.74
0

39
.69
0

58
2.03
0

55
1.96
0

65
3.11
0

70
3.4
0

68
3.46
0

68
3.43
0

65
3.23
0

63
3.01
0

70
3.82
0

62
2.42
0

70
3.48
0

60
2.36
0

70
3.9
0

70
3.64
0

70
3.76
0

70
3.73
0

72
3.82
0

73
4.3
0

70
3.59
0

72
4.04
0

62
2.05
0

80
5.6
0

36
.49
0

36
.49
0

36
.46
0

35
.36
0

48
.9
0

37
.43
0

35
.34
0

35
.38
0

36
.47
0

33
.38
0

35
.36
0

35
.46
0

33
.32
0

33
.32
0

30
.22
0

31
.23
0

30
.23
0

33
.29
0

31
.26
0

29
.2
0

30
.22
0

36
.5
0

32
.3
0

38
.52
0

30
.29
0

28
.2
0

27
.15
0

33
.36
0

090993
37 WHITEAKER M.
43 MEZIADIN LK
150693
2
2*2*7.5 NET
2
0048
15
7
7 SOCKEYE (FRY)
TR5-4.
1 10% FORMALIN - WGHD AFT 5 WKS
17
77
5.07
0

59
1.85
0

58
2.17
0

61
2.27
0

68
3.5
0

50
1.28
0

65
3.06
0

78
5.17
0

57
1.91
0

64
2.81
0

66
2.47
0

58
1.82
0

55
1.44
0
A
65
2.92
0
A
72
3.95
0

64
2.84
0

61
2.26
0

161193
35  COOPER C.
43 MEZIADIN LK
220993
2
2*2*7.5 NET
2
2115
15
12
7  SOCKEYE (FRY)
TR5-4.
1 10% FORMALIN - WGHD AFT 5 WKS
85
47
1.12
0

45
1.03
0

47
1.2
0

43
.95
0

45
.92
0

59
2.2
0
A
47
1.22
0
A
43
.86
0

45
1.05
0

45
1.03
0
A
36
.43
0

41
.76
0

38
.6
0

48
1.18
0

35
.54
0

51
1.51
0

41
.84
0

39
.62
0

40
.73
0

37
.6
0

35
.44
0

42
.8
0

40
.8
0

45
.95
0

40
.71
0

46
1.04
0

47
1.1
0

40
.68
0

38
.55
0

45
1.04
0

30
.24
0

42
.72
0

40
.76
0

31
.29
0

44
.99
0

42
.75
0

41
.7
0

36
.48
0

40
.67
0

37
.5
0

40
.7
0

40
.65
0

49
1.2
0

45
1.12
0

50
1.22
0

45
.9
0

48
1.3
0

40
.7
0

42
.79
0

40
.66
0

45
1.12
0

40
.67
0

40
.71
0

46
1.12
0

42
.76
0

38
.51
0

47
1.07
0

41
.71
0

38
.64
0

35
.44
0

45
.95
0

37
.57
0

39
.63
0

40
.66
0

41
.7
0

44
.85
0

45
.91
0

35
.4
0

38
.55
0

41
.74
0

38
.6
0

37
.57
0

40
.79
0

40
.73
0

40
.64
0

40
.69
0

45
.93
0

39
.63
0

39
.63
0

40
.7
0

32
.39
0

38
.6
0

34
.4
0

42
.73
0

82
5.8
1
A
150993
37 WHITEAKER M.
43 MEZIADIN LK
090893
2
2*2*7.5 NET
3
0050
15
8
7 SOCKEYE (FRY)
TR4-5.
1 10% FORMALIN - WGHD AFT 5 WKS
191
44
.9
0
A
35
.4
0
A
41
.7
0
A
46
1
0

48
.97
0

43
.82
0

41
.61
0

40
.55
0

35
.33
0

43
.79
0
A
38
.57
0

41
.58
0

41
.67
0
A
37
.5
0

44
.85
0
A
40
.58
0

45
.92
0

34
.36
0

40
.61
0
A
43
.81
0

46
1.07
0

38
.5
0

45
.95
0

43
.7
0
A
38
.55
0
A
38
.51
0
A
41
.66
0

34
.32
0
A
41
.65
0

38
.52
0

40
.61
0

40
.56
0

42
.72
0

39
.53
0

40
.64
0

42
.74
0

40
.61
0

37
.42
0
A
33
.32
0

31
.19
0
A
41
.65
0

40
.59
0

42
.68
0

44
.91
0

66
3.07
0

39
.54
0

39
.56
0

46
.97
0

39
.59
0

46
.94
0

57
1.99
0

41
.62
0

41
.7
0

42
.66
0

43
.73
0

42
.74
0

40
.57
0

39
.56
0

45
.84
0

39
.52
0

42
.75
0

36
.42
0

53
1.44
0

37
.43
0

67
3.14
0

41
.68
0

47
1.06
0

41
.66
0

42
.67
0

44
.79
0

49
1.28
0

51
1.36
0

36
.38
0

72
3.98
0

79
5.18
1
A
30
.2
0

42
.75
0

51
1.27
0

30
.21
0

38
.52
0

44
.9
0

43
.78
0

48
1.16
0

37
.48
0

41
.61
0

43
.73
0

44
.89
0

38
.52
0

37
.44
0

37
.4
0

45
.91
0

54
1.66
0

37
.46
0

42
.69
0

40
.59
0

35
.39
0

40
.65
0

45
.85
0

33
.31
0

44
.86
0

50
1.19
0

40
.57
0

39
.58
0

32
.25
0

37
.48
0

41
.68
0

42
.69
0

44
.83
0

40
.55
0

67
3.42
0
 
44
.78
0

85
6.37
2
A
66
3.05
0

30
.23
0

43
.73
0

39
.64
0

37
.41
0

38
.47
0

37
.5
0

41
.66
0

63
2.6
0

72
4.11
0

35
.38
0

43
.72
0

34
.37
0

40
.6
0

49
1.22
0

64
2.53
0

45
.87
0

38
.59
0

32
.2
0

41
.63
0

39
.61
0

48
1.05
0

44
.82
0

39
.55
0

40
.59
0

43
.65
0

44
.73
0

44
.82
0

42
.66
0

36
.44
0

67
3.33
0

41
.62
0

45
.97
0

35
.35
0

45
.96
0

44
.81
0

35
.38
0

34
.31
0

44
.68
0

42
.68
0

59
2.24
0

37
.47
0

42
.69
0

48
1.02
0

38
.47
0

43
.87
0

39
.47
0

47
1.04
0

40
.6
0

44
.87
0

35
.39
0

38
.54
0

65
2.77
0

80
5.04
3
A
41
.65
0

33
.32
0

42
.72
0

39
.62
0

37
.48
0

44
.8
0

42
.68
0

46
.87
0

41
.63
0

43
.75
0

41
.68
0

70
3.38
0

43
.81
0

41
.66
0

41
.65
0

42
.69
0

47
1.01
0

50
1.25
0

47
.96
0

40
.59
0

36
.46
0

37
.49
0

45
.8
0
 
45
.85
0

34
.3
0

100993
37 WHITEAKER M.
43 MEZIADIN LK
100793
2
2*2*7.5 NET
3
0109
15
6
7 SOCKEYE (FRY)
TR5-4.
1 10% FORMALIN - WGHD AFT 5 WKS
84
68
3.27
0
A
74
4.2
0

68
3.29
0

58
2.04
0

58
2.09
0

72
4.03
0

64
2.71
0

42
.68
0

42
.68
0

30
.18
0

59
2.12
0

60
2.18
0

74
3.98
0

67
3.14
0

66
2.92
0

49
1.11
0

33
.3
0

65
2.82
0

66
3.1
0

37
.44
0

33
.35
0

31
.21
0

64
2.57
0

68
3.23
0

49
1.28
0

62
2.38
0

72
3.75
0

66
3.05
0

52
1.31
0

34
.33
0

40
.61
0

56
1.68
0

31
.24
0

35
.39
0

55
1.46
0

53
1.49
0

33
.3
0

34
.37
0

64
2.85
0

39
.52
0

73
4.21
0

51
1.14
0

69
3.49
0

53
1.46
0

34
.32
0

33
.25
0

33
.26
0

50
1.2
0

68
3.26
0

37
.42
0

33
.29
0

36
.44
0

42
.77
0

34
.36
0

51
1.21
0

69
3.28
0

69
3.25
0

34
.35
0

33
.27
0

33
.28
0

31
.23
0

35
.34
0

40
.59
0

66
2.55
0

70
3.72
0

69
3.46
0

66
2.87
0

38
.52
0

30
.23
0

62
2.52
0

33
.3
0

35
.27
0

36
.37
0

31
.22
0

32
.24
0

37
.48
0

41
.59
0

40
.58
0

68
3.42
0

61
2.4
0

34
.34
0

38
.49
0

33
.27
0

35
.33
0

100993
37 WHITEAKER M.
43 MEZIADIN LK
150693
2
2*2*7.5 NET
3
0109
15
12
7 SOCKEYE (FRY)
TR4-5.
1 10% FORMALIN - WGHD AFT 5 WKS
11
57
1.85
0

58
1.62
0

60
1.88
0

48
1.05
0

46
.89
0

49
1
0

58
1.64
0

52
1.08
0

65
2.53
0

59
2.2
0

58
1.77
0

161193
35  COOPER C.
43 MEZIADIN LK
220993
2
2*2*7.5 NET
3
2136
15
16
7  SOCKEYE (FRY)
TR5-4.
1 10% FORMALIN - WGHD AFT 5 WKS
14
47
1.15
0

55
1.84
0

51
1.58
0

40
.74
0

51
1.5
0

55
2
0
A
46
1
0
A
44
.89
0

38
.65
0

41
.79
0
A
40
.59
0

38
.6
0

33
.4
0

92
7.8
1
A
150993
35 COOPER C.
43 MEZIADIN LK
090893
2
2*2*7.5 NET
4
0114
15
0
7 SOCKEYE (FRY)
TR5-6.1 SCULPIN PRESENT.
1 10% FORMALIN - WGHD AFT 5 WKS
7
35
.5
0

35
.45
0

43
.93
0

45
1.09
0
A
39
.71
0

65
2.86
0
A
60
1.73
0
A
140993
37 WHITEAKER M.
43 MEZIADIN LK
100793
2
2*2*7.5 NET
4
0134
15
12
7 SOCKEYE (FRY)
TR5-4.
1 10% FORMALIN - WGHD AFT 5 WKS
20
56
1.67
0
A
49
1.02
0

63
2.83
0

57
1.56
0

60
2.23
0

46
.98
0

65
2.15
0

36
.39
0

30
.2
0

31
.26
0

32
.28
0

69
3.27
0

50
1.23
0

33
.32
0

34
.38
0

68
3.31
0

76
4.77
0

72
4.14
0

69
3.46
0

50
1.05
0

100993
37 WHITEAKER M.
43 MEZIADIN LK
150693
2
2*2*7.5 NET
4
0130
15
16
7 SOCKEYE (FRY)
TR5-4.
1 10% FORMALIN - WGHD AFT 5 WKS
11
65
2.87
0

56
2.09
0

53
1.29
0

63
2.62
0

49
1.11
0

55
1.46
0

53
1.3
0

45
.74
0

55
1.88
0

57
1.78
0

29
.2
0

161193
35  COOPER C.
43 MEZIADIN LK
220993
2
2*2*7.5 NET
4
2156
15
22
7  SOCKEYE (FRY)
TR4-3.
1 10% FORMALIN - WGHD AFT 5 WKS
3
82
6.7
1
A
80
5.7
0

45
1
0

140993
37 WHITEAKER M.
43 MEZIADIN LK
100793
2
2*2*7.5 NET
5
0159
15
22
7 SOCKEYE (FRY)
TR5-4.
1 10% FORMALIN - WGHD AFT 5 WKS
7
53
1.35
0
A
57
2.05
0

70
3.58
0

75
4.44
0

49
1.34
0

52
1.41
0

26
.14
0

100993
37 WHITEAKER M.
43 MEZIADIN LK
150693
2
2*2*7.5 NET
5
0156
15
3
7 SOCKEYE (FRY)
TR4-3.
1 10% FORMALIN - WGHD AFT 5 WKS
67
69
3.11
0

66
3.12
0

71
3.63
0

71
3.69
0

71
3.76
0

58
2.14
0

69
3.52
0

59
2.02
0

63
2.65
0

54
1.71
0

70
3.64
0

78
5.15
1
A
64
2.95
0

55
1.87
0

71
3.52
0

68
2.94
0

65
2.89
0

64
2.79
0

71
3.9
0

75
4.86
2
A
69
3.2
0

78
5.09
3
A
64
2.85
0

74
4.25
0

58
2.06
0

69
3.46
0

64
2.95
0

68
3.52
0

59
1.79
0

60
2.28
0

48
.98
0

52
1.14
0

72
4.04
0

69
3.36
0

64
2.71
0

70
3.43
0

74
4.27
0

70
3.66
0

65
2.44
0

68
3.39
0

60
2.22
0

62
2.39
0

63
2.48
0

70
3.64
0

58
2.14
0

56
1.97
0

53
1.64
0

64
2.95
0

53
1.41
0

48
1.02
0

68
3.19
0

61
1.75
0

57
1.98
0

64
2.96
0

58
1.92
0

55
1.91
0

61
2.35
0

63
2.69
0

67
3.18
0

62
2.61
0

70
3.61
0

62
2.46
0

73
4.24
0

75
4.54
4
A
77
4.91
5
A
78
5.18
6
A
32
.28
0

161193
35  COOPER C.
43 MEZIADIN LK
220993
2
2*2*7.5 NET
5
2217
15
3
7  SOCKEYE (FRY)
TR4-3.
1 10% FORMALIN - WGHD AFT 5 WKS
2
50
1.29
0
A
44
1
0

140993
35 COOPER C.
43 MEZIADIN LK
100793
2
2*2*7.5 NET
6
0225
15
0
7 SOCKEYE (FRY)
TR4-3.JAR 2 HAD 6 SOCKEYE FRY BUT ONLY ONE WAS PROCESSED.THE OTHERS WERE TOO MANGLED.
1 10% FORMALIN - WGHD AFT 5 WKS
20
36
.6
0

38
.65
0

37
.6
0

40
.82
0

30
.3
0

35
.44
0

39
.63
0

33
.4
0

39
.63
0

33
.43
0

33
.39
0

33
.36
0

32
.35
0

35
.5
0

58
2.27
0

35
.44
0

35
.5
0

33
.32
0

30
.31
0

54
1.34
0

100993
37 WHITEAKER M.
43 MEZIADIN LK
150693
2
2*2*7.5 NET
6
0217
15
0
7 SOCKEYE (FRY)
TR4-3.
1 10% FORMALIN - WGHD AFT 5 WKS
9
62
2.55
0

64
2.92
0

67
2.96
0

65
2.4
0

63
2.24
0

60
2.17
0

54
1.3
0

49
1.07
0

61
2.47
0

161193
35  COOPER C.
43 MEZIADIN LK
220993
2
2*2*7.5 NET
6
2237
15
0
7  SOCKEYE (FRY)
TR3-4.
1 10% FORMALIN - WGHD AFT 5 WKS
13
71
3.94
0
A
48
1.18
0

38
.6
0

48
1.2
0

47
1.14
0

45
.9
0
A
40
.73
0
A
40
.65
0

45
1
0

42
.74
0
A
40
.68
0

38
.58
0

40
.67
0

171193
35   COOPER C.
43  MEZIADIN LK
220993
2
2*2*7.5 NET
7
2257
15
0
7   SOCKEYE (FRY)
TR4-5.
1 10% FORMALIN - WGHD AFT 5 WKS
3
62
1.69
0
A
61
2
0

55
1.79
0

171193
35   COOPER C.
43  MEZIADIN LK
220993
2
2*2*7.5 NET
8
2317
15
0
7   SOCKEYE (FRY)
TR4-5.
1 10% FORMALIN - WGHD AFT 5 WKS
7
42
.8
0
A
56
1.74
0

43
.89
0

39
.56
0

33
.33
0

65
2.25
0
A
28
.2
0
A
171193
35   COOPER C.
43  MEZIADIN LK
220993
2
2*2*7.5 NET
9
2337
15
0
7 SOCKEYE (FRY)
TR4-5.
1 10% FORMALIN - WGHD AFT 5 WKS
2
47
1.26
0
A
65
2.95
0

171193
35   COOPER C.
43  MEZIADIN LK
220993
2
2*2*7.5 NET
10
2343
15
6
7 SOCKEYE (FRY)
TR4-5.
1 10% FORMALIN - WGHD AFT 5 WKS
33
52
1.47
0
A
53
1.62
0

44
1
0

52
1.49
0

46
1.09
0

48
1.11
0
A
42
.82
0
A
52
1.57
0

48
1.25
0

38
.59
0
A
49
1.26
0

45
1
0

46
1
0

47
1.18
0

37
.53
0

41
.71
0

43
.88
0

48
1.2
0

33
.29
0

41
.67
0

36
.45
0

42
.7
0

41
.65
0

48
1.19
0

40
.6
0

43
.81
0

43
.78
0

37
.44
0

37
.49
0

45
1
0

36
.45
0

40
.6
0

76
4.67
0

171193
35   COOPER C.
43  MEZIADIN LK
220993
2
2*2*7.5 NET
8
2317
15
0
30 REDSIDED SHINER(RICHARDSONIUS SP.)
TR4-5.
1 10% FORMALIN - WGHD AFT 5 WKS
1
75
6.3
1
A
190794
41 HIRST A.
55 MATHERS LK
280893
2
2*2*7.5 NET
3
2339
15
23
2 STICKLEBACK
TR 2-1.
1 10% FORMALIN - WGHD AFT 5 WKS
10
78
5.25
0

78
5.02
0

80
5.77
0

77
4.47
0

78
4.76
0

81
5.34
0

77
4.52
0

79
3.66
0

77
4.75
0

77
4.8
0

190794
41 HIRST A.
55 MATHERS LK
290893
2
2*2*7.5 NET
5
0023
15
5
2 STICKLEBACK
TR 2-1.
1 10% FORMALIN - WGHD AFT 5 WKS
41
72
3.62
0

82
4.47
0

77
3.83
0

74
3.61
0

82
4.98
0

68
3.14
0

75
3.85
0

79
4.43
0

78
4.14
0

72
3.77
0

77
3.86
0

75
3.88
0

84
5.09
0

77
3.99
0

75
3.83
0

77
3.99
0

72
3.65
0

70
3.63
0

63
2.55
0

76
4.04
0

73
3.72
0

78
4.62
0

79
4.41
0

74
3.67
0

73
3.39
0

72
3.81
0

78
3.93
0

75
4.04
0

75
3.8
0

70
3.35
0

73
3.65
0

75
3.77
0

71
3.39
0

68
3.39
0

72
3.51
0

68
3.2
0

72
3.37
0

63
2.59
0

54
1.46
0

38
.43
0

29
.2
0

190794
41 HIRST A.
55 MATHERS LK
290893
2
2*2*7.5 NET
7
0108
15
8
2 STICKLEBACK
TR 2-1.
1 10% FORMALIN - WGHD AFT 5 WKS
12
76
4.11
0

72
3.79
0

82
5.11
0

78
4.48
0

73
3.86
0

71
3.74
0

75
4.02
0

70
3.78
0

68
3.35
0

70
3.52
0

74
4.07
0

36
.42
0

190794
41 HIRST A.
55 MATHERS LK
280893
2
2*2*7.5 NET
3
2339
15
23
7 SOCKEYE (FRY)
TR 2-1.
1 10% FORMALIN - WGHD AFT 5 WKS
1
80
5.77
0

190794
41 HIRST A.
55 MATHERS LK
290893
2
2*2*7.5 NET
7
0108
15
8
7 SOCKEYE (FRY)
TR 2-1.
1 10% FORMALIN - WGHD AFT 5 WKS
22
51
1.33
0

56
1.87
0

42
.75
0

51
1.4
0

54
1.65
0

51
1.42
0

51
1.28
0

42
.76
0

53
1.54
0

52
1.39
0

56
1.79
0

45
.94
0

52
1.55
0

58
2
0

47
1.04
0

52
1.45
0

49
1.27
0

53
1.63
0

48
1.12
0

40
.66
0

44
.89
0

79
5.43
1
A
080294
41 HIRST A.
64 TAHLTAN LK
180993
2
2*2*7.5 NET
1
9999
99
12
7 SOCKEYE (FRY)
95% ETHANOL. MIDWATER.
98 FRESH - UNKNOWN PRESERVATIVE
4
69
2.92
1
A
62
1.99
2
A
68
3.03
3
A
53
1.41
0

070394
41 HIRST A.
64 TAHLTAN LK
180993
2
2*2*7.5 NET
2
9999
99
14
7 SOCKEYE (FRY)
95% ETHANOL. MIDWATER.
98 FRESH - UNKNOWN PRESERVATIVE
15
67
2.62
1
A
54
1.35
2
A
44
.57
0
A
40
.47
0
A
52
1.08
0

68
2.88
3
A
48
.83
0
A
42
.42
0

70
2.96
4
A
62
2.07
0

67
2.6
5
A
70
3.54
0

49
.74
0

60
1.5
6
A
40
.38
0

080294
41 HIRST A.
64 TAHLTAN LK
180993
2
2*2*7.5 NET
3
9999
99
16
7 SOCKEYE (FRY)
95% ETHANOL. MIDWATER.
98 FRESH - UNKNOWN PRESERVATIVE
15
40
.46
0
A
53
1
1
A
59
1.67
2
A
52
.94
3
A
72
3.31
4
A
68
3.03
5
A
51
1.01
6
A
56
1.44
0

58
1.75
0

50
.96
7
A
47
.78
0

49
.99
8
A
52
1.23
0

63
2.2
9
A
49
.79
10
A
070394
41 HIRST A.
64 TAHLTAN LK
190993
2
2*2*7.5 NET
4
9999
99
9
7 SOCKEYE (FRY)
95% ETHANOL. MIDWATER.
98 FRESH - UNKNOWN PRESERVATIVE
6
56
1.1
1
A
37
.22
0
A
38
.37
0
A
69
2.6
2
A
43
.41
0
 
50
.79
0
A
070394
41 HIRST A.
64 TAHLTAN LK
190993
2
2*2*7.5 NET
5
9999
99
9
7 SOCKEYE (FRY)
95% ETHANOL. MIDWATER.
98 FRESH - UNKNOWN PRESERVATIVE
4
50
.94
0
A
51
.94
1
A
50
.82
2
A
56
1.24
3
A
070394
41 HIRST A.
64 TAHLTAN LK
190993
2
2*2*7.5 NET
6
9999
99
9
7 SOCKEYE (FRY)
95% ETHANOL. MIDWATER.
98 FRESH - UNKNOWN PRESERVATIVE
8
67
2.48
1
A
72
3.22
2
A
85
5.36
3
A
64
2.17
4
A
44
.53
0

42
.46
0

66
2.48
5
A
52
1.24
0

080294
41   HIRST A.
64   TAHLTAN LK
200993
2
2*2*7.5 NET
7
9999
99
9
7   SOCKEYE (FRY)
95% ETHANOL. MIDWATER. 4 JARS.
98   FRESH - UNKNOWN PRESERVATIVE
95
65
2.3
1
A
96
8.64
2
A
95
7.39
3
A
65
2.23
4
A
66
2.43
5
A
95
6.79
6
A
67
2.69
7
A
65
2.33
8
A
69
2.91
9
A
61
1.98
10
A
69
2.88
11
A
67
2.74
0
A
68
2.71
12
A
66
2.61
13
A
64
2.08
14
A
63
2.28
15
A
68
2.88
1
B
67
2.59
2
B
66
2.49
3
B
63
2.48
4
B
61
2.05
0

57
1.62
5
B
58
1.83
6
B
54
1.17
7
B
59
1.65
8
B
60
1.79
0

95
6.95
9
B
72
3.46
10
B
65
2.42
11
B
75
4.17
12
B
66
2.53
13
B
71
3.16
14
B
72
3.35
15
B
57
1.69
1
C
61
1.96
2
C
57
1.62
3
C
55
1.24
4
C
60
1.89
0

67
2.78
5
C
98
8.71
6
C
71
3.4
7
C
65
2.81
8
C
71
3.21
9
C
70
3.1
10
C
66
2.68
11
C
60
2.01
0

63
2.42
12
C
67
2.84
13
C
68
2.74
14
C
61
2.3
15
C
64
2.3
1
D
98
7.91
2
D
72
3.49
3
D
99
8.56
4
D
83
5.35
5
D
92
7.21
6
D
71
3.46
7
D
63
2.21
8
D
76
3.93
9
D
64
2.39
10
D
65
2.39
11
D
70
3.43
12
D
83
5.26
13
D
38
.35
0

65
2.41
14
D
57
1.67
0

63
2.26
0

65
2.34
15
D
72
3.15
1
E
94
7.61
2
E
67
2.58
3
E
58
1.66
4
E
77
4.15
5
E
78
4.62
6
E
67
2.64
7
E
35
.29
0

91
7.01
8
E
97
8.65
9
E
94
7.94
10
E
64
2.34
0

82
5.5
11
E
67
2.54
0

69
3.05
12
E
72
3.06
13
E
71
3.23
14
E
64
2.36
15
E
95
8.34
1
F
74
3.77
2
F
68
2.83
3
F
61
1.95
4
F
74
3.69
5
F
65
2.04
0

67
2.62
6
F
61
2.04
7
F
69
3.28
8
F
070394
41 HIRST A.
64 TAHLTAN LK
200993
2
2*2*7.5 NET
8
9999
99
9
7 SOCKEYE (FRY)
95% ETHANOL. MIDWATER.
98 FRESH - UNKNOWN PRESERVATIVE
5
66
2.32
1
A
52
.81
2
A
59
1.61
0
A
55
1.21
3
A
47
.96
0

070294
41  HIRST A.
64  TAHLTAN LK
200993
2
2*2*7.5 NET
11
9999
99
9
7  SOCKEYE (FRY)
95% ETHANOL. MIDWATER.
98  FRESH - UNKNOWN PRESERVATIVE
22
77
4.35
1
A
64
2.99
2
A
90
7.65
3
A
90
6.92
0

91
7.66
4
A
92
7.09
5
A
102
11.73
6
A
91
7.12
7
A
68
2.99
0

60
1.98
0

71
3.49
8
A
65
2.8
0

68
3.05
0

67
2.82
0

66
2.51
0

53
1.19
0

69
3.27
0

58
1.43
0

68
3.22
0

61
1.98
0

69
2.95
0

44
.49
0

080294
41 HIRST A.
64 TAHLTAN LK
200993
2
2*2*7.5 NET
12
9999
99
26
7 SOCKEYE (FRY)
95% ETHANOL. MIDWATER.
98 FRESH - UNKNOWN PRESERVATIVE
5
67
2.88
0
A
53
.97
0
A
52
.93
0
A
65
2.28
0

64
2.27
1
A
080294
41 HIRST A.
64 TAHLTAN LK
200993
2
2*2*7.5 NET
13
9999
99
26
7 SOCKEYE (FRY)
95% ETHANOL. MIDWATER.
98 FRESH - UNKNOWN PRESERVATIVE
6
87
6.05
0
A
93
8.29
0
A
66
2.42
1
A
61
2.09
0

55
1.34
0

67
2.17
0

110294
41   HIRST A.
64   TAHLTAN LK
200993
2
2*2*7.5 NET
14
9999
99
9
7   SOCKEYE (FRY)
95% ETHANOL. MIDWATER.
98   FRESH - UNKNOWN PRESERVATIVE
6
84
5.32
1
A
70
3.09
2
A
71
3.46
3
A
63
1.87
4
A
61
2
5
A
80
5.25
6
A
090394
41 HIRST A.
66 TATSAMENIE LK
140993
2
2*2*7.5 NET
3
9999
99
18
7 SOCKEYE (FRY)
95% ETHANOL. MIDWATER.
98 FRESH - UNKNOWN PRESERVATIVE
1
41
.3
0

080394
41 HIRST A.
66 TATSAMENIE LK
150993
2
2*2*7.5 NET
8
9999
99
14
7 SOCKEYE (FRY)
95% ETHANOL. MIDWATER.
98 FRESH - UNKNOWN PRESERVATIVE
11
99
11.4
1
A
56
1.28
0

49
.96
0

52
1.02
0

58
1.51
0

52
1.16
0

44
.71
0

50
.99
0

56
1.42
0

47
.79
0
 
49
1.01
0
 
090394
41 HIRST A.
66 TATSAMENIE LK
150993
2
2*2*7.5 NET
10
9999
99
10
7 SOCKEYE (FRY)
95% ETHANOL. MIDWATER.
98 FRESH - UNKNOWN PRESERVATIVE
3
51
1.07
0
A
49
.95
0
A
34
.18
0

080394
41  HIRST A.
66  TATSAMENIE LK
150993
2
2*2*7.5 NET
11
9999
99
12
7  SOCKEYE (FRY)
95% ETHANOL. MIDWATER.
98  FRESH - UNKNOWN PRESERVATIVE
8
40
.47
0
A
44
.6
0

45
.69
0
A
46
.76
0
A
58
1.41
1
A
37
.38
0
A
52
1.15
0

54
1.11
0
 
080394
41  HIRST A.
66  TATSAMENIE LK
150993
2
2*2*7.5 NET
12
9999
99
14
7  SOCKEYE (FRY)
95% ETHANOL. MIDWATER.
98  FRESH - UNKNOWN PRESERVATIVE
10
56
1.41
0
A
53
1.18
0

49
1
0

51
1.04
1
A
47
.78
0

52
1.07
2
A
45
.78
0

44
.74
0
 
42
.63
0

38
.43
0

080394
41  HIRST A.
66  TATSAMENIE LK
150993
2
2*2*7.5 NET
13
9999
99
22
7  SOCKEYE (FRY)
95% ETHANOL. MIDWATER.
98  FRESH - UNKNOWN PRESERVATIVE
3
44
.54
0
A
43
.59
0

45
.64
0

090394
41 HIRST A.
66 TATSAMENIE LK
150993
2
2*2*7.5 NET
14
9999
99
14
7 SOCKEYE (FRY)
95% ETHANOL. MIDWATER.
98 FRESH - UNKNOWN PRESERVATIVE
8
40
.48
0
A
41
.52
0
A
41
.54
0

45
.68
0

39
.43
0
A
43
.63
0

43
.7
0

46
.9
0
 
080394
41  HIRST A.
66  TATSAMENIE LK
150993
2
2*2*7.5 NET
15
9999
99
16
7  SOCKEYE (FRY)
95% ETHANOL. MIDWATER.
98  FRESH - UNKNOWN PRESERVATIVE
1
104
12.58
1
A
090394
41 HIRST A.
66 TATSAMENIE LK
150993
2
2*2*7.5 NET
19
9999
99
14
7 SOCKEYE (FRY)
95% ETHANOL. MIDWATER.
98 FRESH - UNKNOWN PRESERVATIVE
17
53
1.2
1
A
52
1.12
2
A
44
.67
0

46
.78
0

51
1.02
0
A
44
.65
0

41
.56
0

42
.61
0

54
1.34
3
A
45
.68
0

43
.59
0

46
.71
0

45
.69
0

47
.83
0

42
.55
0

34
.26
0

29
.14
0

080394
41  HIRST A.
66  TATSAMENIE LK
150993
2
2*2*7.5 NET
20
9999
99
14
7  SOCKEYE (FRY)
95% ETHANOL. MIDWATER.
98  FRESH - UNKNOWN PRESERVATIVE
11
29
.17
0
A
43
.72
0

52
1.25
1
A
40
.52
0
A
46
.78
0

49
1
0
A
44
.66
0

47
.88
0
 
50
1.02
0

46
.77
0

47
.88
0

070394
41 HIRST A.
66 TATSAMENIE LK
160993
2
2*2*7.5 NET
22
9999
99
16
7 SOCKEYE (FRY)
95% ETHANOL. MIDWATER.
98 FRESH - UNKNOWN PRESERVATIVE
11
93
8.32
1
A
56
1.55
2
A
48
.9
0
A
48
.81
0
A
46
.73
0
 
47
.85
0
A
42
.63
0
 
48
1.02
0

44
.68
0
A
56
1.42
3
A
50
1.05
0
A
090394
41 HIRST A.
66 TATSAMENIE LK
160993
2
2*2*7.5 NET
27
9999
99
14
7 SOCKEYE (FRY)
95% ETHANOL. MIDWATER.
98 FRESH - UNKNOWN PRESERVATIVE
5
40
.5
0

45
.73
0

48
.86
0

39
.46
0

54
1.27
1
A
030594
41    HIRST A.
118   MEGIN LK
110394
2
2*2*7.5 NET
4
2321
15
30
2  STICKLEBACK
TR 2-3.
1 10% FORMALIN - WGHD AFT 5 WKS
9
85
7.07
0

84
6.57
0

75
5.12
0

82
5.32
0

83
6.19
0

73
4.52
0

61
2.12
0

59
1.7
0

47
.98
0

020594
41   HIRST A.
118  MEGIN LK
110394
2
2*2*7.5 NET
5
2346
15
20
2  STICKLEBACK
TR 3-4.
1 10% FORMALIN - WGHD AFT 5 WKS
3
80
5.7
0

81
6.69
0

50
1.17
0

030594
41   HIRST A.
118  MEGIN LK
110394
2
2*2*7.5 NET
6
0008
15
35
2 STICKLEBACK
TR 5-4. 8 SCULPINS.
1 10% FORMALIN - WGHD AFT 5 WKS
14
88
8.11
0

82
7.39
0

88
7.9
0

75
4.38
0

80
6.33
0

89
8.18
0

81
6.33
0

83
6.52
0

87
7.7
0

84
6.34
0

80
5.85
0

82
7.17
0

83
6.8
0

60
2.28
0

030594
41    HIRST A.
118   MEGIN LK
110394
2
2*2*7.5 NET
7
0032
15
10
2 STICKLEBACK
TR 2-3.
1 10% FORMALIN - WGHD AFT 5 WKS
1
54
1.55
0

030594
41    HIRST A.
118   MEGIN LK
110394
2
2*2*7.5 NET
8
0052
15
10
2 STICKLEBACK
TR 4-3.
1 10% FORMALIN - WGHD AFT 5 WKS
2
80
5.69
0

80
6.1
0

020594
41  HIRST A.
118 MEGIN LK
110394
2
2*2*7.5 NET
1
2219
15
0
7  SOCKEYE (FRY)
TR 1-2.
1 10% FORMALIN - WGHD AFT 5 WKS
1
56
2.07
0

030594
41    HIRST A.
118   MEGIN LK
110394
2
2*2*7.5 NET
4
2321
15
30
7 SOCKEYE (FRY)
TR 2-3.
1 10% FORMALIN - WGHD AFT 5 WKS
2
51
1.24
0

67
3.06
0

020594
41   HIRST A.
118  MEGIN LK
110394
2
2*2*7.5 NET
5
2346
15
20
7 SOCKEYE (FRY)
TR 3-4.
1 10% FORMALIN - WGHD AFT 5 WKS
1
55
1.77
0

030594
41   HIRST A.
118  MEGIN LK
110394
2
2*2*7.5 NET
6
0008
15
35
7 SOCKEYE (FRY)
TR 5-4. 8 SCULPINS.
1 10% FORMALIN - WGHD AFT 5 WKS
1
62
2.58
0

030594
41    HIRST A.
118   MEGIN LK
110394
2
2*2*7.5 NET
7
0032
15
10
7 SOCKEYE (FRY)
TR 2-3.
1 10% FORMALIN - WGHD AFT 5 WKS
6
30
.26
0

70
3.41
0

61
2.5
0

53
1.48
0

47
.98
0

42
.69
0

030594
41    HIRST A.
118   MEGIN LK
110394
2
2*2*7.5 NET
8
0052
15
10
7 SOCKEYE (FRY)
TR 4-3.
1 10% FORMALIN - WGHD AFT 5 WKS
4
69
3.31
0

69
3.66
0

56
1.91
0

62
2.54
0

050194
41 HIRST A.
45 MUCHALAT LK
301193
2
2*2*7.5 NET
1
2027
15
14
1 SOCKEYE (JUV)
1 JAR.
1 10% FORMALIN - WGHD AFT 5 WKS
21
64
2.62
0

60
2.08
0

63
2.4
0

62
2.18
0

59
1.95
0

59
1.91
0

61
2.26
0

59
1.92
0

57
1.66
0

51
1.29
0

64
2.52
0

60
1.97
0

57
1.7
0

58
1.88
0

50
1.21
0

52
1.39
0

62
2.21
0

53
1.36
0

42
.71
0
A
48
.95
0

44
.82
0

050194
41 HIRST A.
45 MUCHALAT LK
301193
2
2*2*7.5 NET
2
2048
15
27
1 SOCKEYE (JUV)
1 JAR.
1 10% FORMALIN - WGHD AFT 5 WKS
24
55
1.58
0

43
.69
0

59
2.06
0

55
1.66
0

53
1.45
0

62
2.47
0

58
1.92
0

61
2.12
0

60
2.22
0

64
2.56
0

58
1.92
0

60
2.15
0

63
2.42
0

63
2.51
0

69
3.56
0

58
1.83
0

56
1.73
0

71
3.57
0

63
2.62
0
A
66
3.13
0

64
2.64
0

56
1.63
0

45
.83
0

60
2.01
0

050194
41  HIRST A.
45  MUCHALAT LK
301193
2
2*2*7.5 NET
3
2115
15
35
1  SOCKEYE (JUV)
1 JAR. 1 LAMPREY.
1 10% FORMALIN - WGHD AFT 5 WKS
58
67
3.14
0

62
2.27
0

55
1.67
0

60
1.97
0

54
1.51
0

68
3.07
0

60
2.09
0

65
2.92
0

70
3.56
0

77
4.77
1
A
59
2.13
0

65
2.77
0

59
2.02
0

63
2.57
0

65
2.46
0

66
2.65
0

56
1.65
0

61
2.04
0

84
5.76
2
A
77
5.04
3
A
87
6.95
4
A
60
2.01
0

63
2.35
0

59
1.83
0

65
2.67
0

53
1.28
0

59
1.94
0

61
2.09
0

57
1.67
0

53
1.44
0

60
2.2
0

60
1.96
0

53
1.38
0

58
1.68
0

53
1.28
0

60
2.1
0

67
2.92
0

51
1.24
0

57
1.65
0

58
1.81
0

60
2.21
0

52
1.26
0

63
2.63
0

62
2.28
0

59
1.88
0

60
2.04
0

63
2.41
0

60
2.15
0

52
1.41
0

59
1.86
0

54
1.47
0

64
2.52
0

56
1.66
0

59
1.98
0

55
1.55
0

56
1.7
0

58
1.84
0

55
1.5
0

050194
41 HIRST A.
45 MUCHALAT LK
301193
2
2*2*7.5 NET
5
2204
15
32
1 SOCKEYE (JUV)
1 JAR.
1 10% FORMALIN - WGHD AFT 5 WKS
75
62
2.33
0

59
1.88
0

60
2.06
0

53
1.39
0

56
1.49
0

54
1.47
0

50
1.2
0

53
1.26
0

61
2.21
0

57
1.79
0

62
2.18
0

42
.68
0

56
1.5
0

62
2.32
0

63
2.41
0

68
2.7
0

59
1.85
0

58
1.81
0

90
7.44
1
A
60
2.08
0

58
1.84
0

61
2.08
0

60
2.09
0

58
1.79
0

57
1.66
0

63
2.22
0

44
.75
0

51
1.23
0

59
1.86
0

53
1.36
0

57
1.72
0

57
1.71
0

65
2.75
0

50
1.1
0

52
1.27
0

55
1.55
0

80
4.82
2
A
56
1.58
0

69
3
0

61
2.1
0

63
2.22
0
 
65
2.67
0

54
1.38
0

63
2.51
0

62
2.24
0

64
2.6
0

68
3.04
0

60
1.99
0

55
1.46
0

66
2.71
0

53
1.3
0

55
1.57
0

60
2.17
0

59
1.81
0

59
1.82
0

55
1.51
0

50
1.25
0

61
2.25
0

60
1.83
0

62
2.16
0

63
2.21
0

63
2.28
0

49
1.06
0

57
1.76
0

62
2.18
0

53
1.48
0

65
2.5
0

55
1.49
0

61
2.02
0

58
1.84
0

48
1.01
0

52
1.23
0

58
1.69
0

51
1.24
0

46
.86
0

290997
37  WHITEAKER M.
8  LONG LK
080394
2
2*2*7.5NET
1
2342.    
15
0
2  STICKLEBACK
TR.16-8.NEA PIKE.
110 0% FORMALIN - WGHD AFT 5 WKS
1
47
.88
0

220997
37 WHITEAKER M.
8 LONG LK
240793
2
2*2*7.5 NET
1
0058
15
0
2 STICKLEBACK
TR15-8.NEA PIKE.
1 10% FORMALIN - WGHD AFT 5 WKS
53
61
2.07
0
 
62
2.71
0
 
58
1.85
0

64
2.57
0

63
2.44
0

62
2.33
0

65
2.43
0

63
1.77
0

65
2.78
0

63
2.18
0

44
.84
0

52
1.21
0

56
1.72
0

62
2.1
0

62
2.05
0

53
1.27
0

55
1.61
0

64
2.37
0

59
1.97
0

67
2.9
0

60
2.03
0

66
2.51
0

57
1.73
0

62
2.13
0

64
2.7
0

65
2.23
0

60
1.89
0

61
2.04
0

55
1.55
0

69
1.7
0

61
2.26
0

58
1.88
0

63
2.29
0

52
1.31
0

59
1.87
0

50
1.1
0

51
1.2
0

56
1.73
0

55
1.63
0

52
1.34
0

49
1.15
0

49
1.01
0

64
2.38
0

58
1.88
0

56
.86
0

46
.98
0

45
1.07
0

42
.72
0

48
.97
0

44
.78
0

35
.37
0

44
.68
0

42
.8
0

141097
37       WHITEAKER M.
8       LONG LK
090394   <--- changed from 080394, pr 23Mar2000.
2
2*2*7.5NET
2
0005-0020   <---changed from 2400?, pr 23Mar2000.
15   <--- changed from 1500?, pr 23Mar2000.
25
2   STICKLEBACK
TR15-7.NEA PIKE.   <--- changed from 5-4, pr 23Mar2000.
110      0% FORMALIN - WGHD AFT 5 WKS
46
67
2.89
0

70
3.65
0

68
3.16
0

64
2.38
0

64
2.58
0

73
3.85
0

65
2.82
0

67
2.83
0

77
3.34
0

65
2.59
0

60
2.18
0

55
1.44
0

66
2.86
0

70
3.34
0

70
3.8
0

60
2.1
0

59
1.9
0

70
3.68
0

70
3.28
0

64
2.4
0

63
2.29
0

64
2.55
0

65
2.61
0

69
2.71
0

33
.25
0

61
2.52
0

67
2.97
0

73
3.55
0

61
1.98
0

61
1.95
0

74
4.07
0

70
3.1
0

66
2.81
0

62
2.19
0

66
3.43
0

63
2.57
0

65
2.95
0

52
1.4
0

34
.31
0

61
2.23
0

36
.43
0

55
1.52
0

51
1.16
0

33
.3
0

41
.58
0

46
.69
0

220997
37  WHITEAKER M.
8  LONG LK
240793
2
2*2*7.5 NET
2
0119
15
7
2  STICKLEBACK
TR8-16.NEA PIKE.
110 0% FORMALIN - WGHD AFT 5 WKS
120
57
1.57
0

59
1.81
0

64
1.91
0

60
2.22
0

55
1.63
0

59
1.7
0

61
1.24
0

44
.8
0

60
1.81
0

61
2.47
0

62
2.27
0

61
1.31
0

55
1.46
0

54
1.21
0

45
.89
0

45
.83
0

43
.82
0

57
1.07
0

57
1.02
0

59
1.62
0

53
1.51
0

57
2.77
0

51
1.18
0

46
.89
0

41
.64
0

54
1.53
0

43
.78
0

56
1.45
0

45
.8
0

50
1.17
0

44
.77
0

42
.66
0

55
1.53
0

46
.82
0

50
1.04
0

49
1.06
0

43
.77
0

43
.78
0

46
.86
0

45
.77
0

53
1.26
0

43
.77
0

46
.9
0

44
.83
0

53
1.3
0

44
.8
0

42
.78
0

42
.66
0

42
.71
0

46
.73
0

44
.75
0

47
.96
0

43
.67
0

46
.86
0

46
.77
0

47
.89
0

46
.87
0

55
1.35
0

55
1.36
0

50
1.07
0

57
.88
0

45
.85
0

44
.87
0

45
.75
0

43
.79
0

47
.88
0

45
.85
0

42
.67
0

47
1.06
0

38
.44
0

47
.9
0

44
.73
0

43
.83
0

41
.62
0

43
.69
0

42
.61
0

41
.64
0

53
1.36
0

39
.58
0

45
.9
0

45
.81
0

43
.74
0

45
.79
0

42
.63
0

42
.66
0

42
.6
0

42
.68
0

40
.62
0

44
.8
0

44
.76
0

42
.72
0

46
.81
0

45
.75
0

42
.6
0

44
.69
0

44
.78
0

45
.78
0

43
.71
0

42
.7
0

43
.77
0

43
.66
0

44
.73
0

41
.58
0

43
.7
0

43
.68
0

43
.71
0

44
.74
0

45
.77
0

44
.75
0

43
.69
0

42
.64
0

45
.85
0

42
.72
0

43
.77
0

44
.66
0

42
.71
0

45
.85
0

47
.81
0

43
.68
0

47
.82
0

291097
37   WHITEAKER M.
8   LONG LK
080394
2
2*2*7.5NET
3
0026
15
10
2  STICKLEBACK
TR15.NEA PIKE.
110  0% FORMALIN - WGHD AFT 5 WKS
18
67
2.75
0

66
2.89
0

65
2.27
0

65
2.68
0

63
2.57
0

66
3.17
0

68
2.95
0

31
.27
0

32
.29
0

31
.26
0

28
.18
0

36
.48
0

32
.27
0

28
.15
0

37
.4
0

23
.16
0

25
.16
0

27
.14
0

240997
37   WHITEAKER M.
8   LONG LK
240793
2
2*2*7.5 NET
3
0139 
15
14
2   STICKLEBACK
TR16-9.NEA PIKE.
110  0% FORMALIN - WGHD AFT 5 WKS
9
63
2.27
0

63
2.12
0

65
2.51
0

64
2.54
0

63
2.49
0

63
2.53
0

44
.91
0

44
.83
0

50
1.3
0

291097
37    WHITEAKER M.
8    LONG LK
080394
2
2*2*7.5NET
4
0047
15
10
2 STICKLEBACK
TR8-15.NEA PIKE.
110   0% FORMALIN - WGHD AFT 5 WKS
54
65
2.83
0

73
3.63
0

74
3.47
0

76
3.47
0

70
3.15
0

66
2.78
0

69
3.36
0

65
2.65
0

30
.22
0

32
.25
0

36
.39
0

32
.28
0

35
.32
0

27
.18
0

34
.35
0

35
.35
0

38
.41
0

34
.34
0

35
.33
0

33
.25
0

31
.24
0

31
.43
0

25
.13
0

25
.13
0

23
.08
0

29
.23
0

30
.28
0

34
.32
0

29
.24
0

25
.17
0

30
.22
0

26
.17
0

46
.87
0

70
3.18
0

65
2.84
0

60
2.04
0

28
.19
0

39
.47
0

40
.57
0

32
.24
0

32
.28
0

31
.23
0

26
.14
0

22
.1
0

32
.25
0

35
.43
0

29
.21
0

24
.13
0

26
.13
0

26
.13
0

25
.12
0

33
.31
0

30
.23
0

32
.27
0

240997
37  WHITEAKER M.
8  LONG LK
240793
2
2*2*7.5 NET
4
0207
15
16
2 STICKLEBACK
TR09-09.NEA PIKE.
110 0% FORMALIN - WGHD AFT 5 WKS
8
68
2.79
0

62
2.02
0

63
2.74
0

63
2.33
0

41
.63
0

60
1.93
0

46
.97
0

43
.71
0

300997
37 WHITEAKER M.
8 LONG LK
080394
2
2*2*7.5 NET
5
0107
15
15
2 STICKLEBACK
TR 15-7 NEA PIKE.
1 10% FORMALIN - WGHD AFT 5 WKS
73
70
3.49
0

65
2.69
0

74
3.99
0

51
1.24
0

44
.66
0

39
.54
0

36
.38
0

34
.29
0

39
.48
0

34
.33
0

38
.45
0

40
.55
0

35
.35
0

31
.27
0

38
.42
0

29
.22
0

37
.37
0

32
.25
0

39
.5
0

40
.46
0

33
.3
0

34
.29
0

42
.63
0

26
.15
0

30
.23
0

36
.38
0

27
.16
0

35
.33
0

33
.24
0

33
.29
0

30
.2
0

34
.3
0

31
.25
0

35
.34
0

35
.32
0

27
.18
0

34
.3
0

31
.22
0

29
.2
0

28
.14
0

31
.21
0

34
.31
0

40
.52
0

37
.36
0

29
.17
0

40
.53
0

37
.4
0

24
.11
0

30
.23
0

30
.22
0

30
.21
0

25
.13
0

22
.08
0

27
.14
0

24
.09
0

32
.21
0

22
.08
0

31
.24
0

29
.18
0

24
.1
0

30
.2
0

26
.12
0

25
.12
0

40
.45
0

30
.23
0

24
.1
0

38
.45
0

32
.27
0

29
.23
0

32
.24
0

27
.16
0

23
.08
0

26
.13
0

240997
37   WHITEAKER M.
8   LONG LK
250793
2
2*2*7.5 NET
5
2245
15
0
2  STICKLEBACK
TR7-14.NEA PIKE.
110  0% FORMALIN - WGHD AFT 5 WKS
101
62
2.51
0

64
2.9
0

62
2.37
0

62
2.31
0

61
2.26
0

60
2.58
0

64
2.92
0

65
2.85
0

71
3.53
0

64
2.12
0

57
1.59
0

58
2
0

58
1.88
0

65
2.58
0

78
3.12
0

64
2.7
0

57
1.79
0

65
2.96
0

63
2.62
0

61
2.35
0

59
1.9
0

61
1.97
0

63
2.68
0

60
2.01
0

65
2.62
0

61
2.21
0

55
1.54
0

62
2.28
0

63
2.59
0

64
2.52
0

61
2.06
0

61
2.18
0

59
1.67
0

62
2.21
0

46
.99
0

52
1.25
0

63
2.11
0

58
1.83
0

49
1.12
0

49
1.11
0

50
1.08
0

66
2.87
0

55
1.59
0

49
1.13
0

62
1.99
0

62
2.54
0

59
1.79
0

56
1.65
0

55
1.45
0

60
2.13
0

63
2.44
0

61
2.33
0

60
1.89
0

63
2.32
0

42
.7
0

47
.89
0

57
1.83
0

55
1.47
0

49
.99
0

54
1.34
0

67
2.53
0

51
1.17
0

49
1.11
0

44
.89
0

43
.7
0

48
1.01
0

48
1
0

47
.98
0

45
.89
0

53
1.48
0

52
1.37
0

56
1.59
0

58
.93
0

44
.78
0

42
.78
0

49
.98
0

50
1.11
0

45
.78
0

45
.75
0

58
.99
0

49
.98
0

48
1.01
0

49
1.08
0

42
.73
0

41
.69
0

51
1.28
0

49
1.19
0

46
.8
0

44
.79
0

50
1.15
0

42
.78
0

42
.74
0

42
.59
0

49
.95
0

46
.85
0

57
1.46
0

39
.59
0

44
.87
0

44
.81
0

49
1.25
0

40
.62
0

081097
37  WHITEAKER M.
8  LONG LK
080394
2
2*2*7.5NET
6
0128
15
20
2  STICKLEBACK
TR.7-6.NEA PIKE.
110 0% FORMALIN - WGHD AFT 5 WKS
28
34
.34
0

69
2.79
0

54
1.65
0

60
2.52
0

60
2.59
0

50
1.37
0

64
2.36
0

54
1.47
0

61
2.11
0

68
2.81
0

41
.54
0

61
2.33
0

34
.37
0

45
.78
0

30
.28
0

31
.29
0

38
.49
0

34
.35
0

41
.59
0

28
.18
0

56
1.71
0

38
.46
0

40
.49
0

38
.47
0

38
.41
0

35
.43
0

41
.56
0

41
.61
0

250997
37   WHITEAKER M.
8   LONG LK
250793
2
2*2*7.5 NET
6
2206
15
4
2 STICKLEBACK
TR14-14.NEA PIKE.
110  0% FORMALIN - WGHD AFT 5 WKS
36
66
1.67
0

54
1.54
0

58
1.97
0

57
1.88
0

64
2.24
0

60
1.9
0

59
2.13
0

60
2.32
0

62
2.36
0

60
1.92
0

45
.89
0

46
.97
0

45
.87
0

49
1.24
0

46
.99
0

49
1.14
0

46
.88
0

48
1.01
0

50
1.18
0

45
.93
0

47
.84
0

40
.62
0

42
.68
0

42
.72
0

45
.96
0

44
.81
0

43
.72
0

55
1.51
0

56
.91
0

47
.96
0

54
1.4
0

44
.69
0

42
.72
0

45
.82
0

48
.96
0

37
.97
0

081097
37 WHITEAKER M.
8 LONG LK
080394
2
2*2*7.5NET
7
0150
15
25
2 STICKLEBACK
TR.7-6.NEA PIKE.
1 10% FORMALIN - WGHD AFT 5 WKS
21
70
3.87
0

71
4
0

69
3.59
0

62
2.62
0

66
3.45
0

65
2.61
0

62
2.34
0

61
2.32
0

62
2.52
0

51
1.43
0

65
3.02
0

56
1.81
0

70
3.97
0

60
2.07
0

36
.37
0

60
2.12
0

31
.27
0

30
.23
0

60
2.16
0

70
3.71
0

39
.45
0

250997
37   WHITEAKER M.
8   LONG LK
250793
2
2*2*7.5 NET
7
2325
15
8
2 STICKLEBACK
TR14-6.NEA PIKE.
110  0% FORMALIN - WGHD AFT 5 WKS
9
65
2.72
0

69
3.23
0

61
1.96
0

60
2.47
0

56
2.27
0

64
2.59
0

52
1.19
0

59
2.04
0

56
1.8
0

250997
37       WHITEAKER M.
8       LONG LK
080394
2
2*2*7.5 NET
8
0212
15
3
2   STICKLEBACK
TR15.NEA PIKE.
110      0% FORMALIN - WGHD AFT 5 WKS
25
65
2.86
0
 
65
2.66
0
 
65
3.1
0
 
65
2.63
1
A
65
2.81
0
 
55
1.66
0
 
69
3.47
0
 
75
3.9
0
 
60
2.18
0
 
61
2.24
0
 
60
2.55
0
 
65
2.32
0
 
54
1.47
0
 
71
3.32
0
 
50
1.26
0
 
70
3.46
0
 
24
.11
0
 
32
.26
0
 
59
1.86
0
 
60
2.19
0
 
65
2.93
0
 
55
1.41
0
 
40
.55
0
 
25
.14
0
 
55
1.49
0
 
021097
37 WHITEAKER M.
8 LONG LK
250793
2
2*2*7.5NET
8
0118
15
12
2 STICKLEBACK
TR.6-5.NEA PIKE.
1 10% FORMALIN - WGHD AFT 5 WKS
5
40
.62
0

59
1.76
0

61
2.37
0

63
2.52
0

63
2.58
0

091097
37     WHITEAKER M.
8     LONG LK
080394
2
2*2*7.5 NET
9
0028
15
45
2 STICKLEBACK
TR5-4.NEA PIKE.
110    0% FORMALIN - WGHD AFT 5 WKS
7
55
1.58
0

67
2.92
0

61
2.36
0

65
2.54
0

65
2.73
0

60
2.11
0

64
2.85
0

300997
37  WHITEAKER M.
8  LONG LK
260793
2
2*2*7.5NET
9
0037
15
0
2  STICKLEBACK
TR13-13.NEA PIKE.
110 0% FORMALIN - WGHD AFT 5 WKS
200
60
1.75
0

61
2.36
0

68
2.11
0

56
1.86
0

57
1.55
0

57
1.7
0

54
1.73
0

57
1.84
0

60
1.93
0

59
1.8
0

68
2.73
0

61
2.02
0

51
1.26
0

53
1.36
0

64
2.09
0

60
1.95
0

60
1.79
0

51
1.21
0

60
1.84
0

46
.99
0

62
2.24
0

45
.88
0

60
1.88
0

67
2.86
0

56
1.51
0

55
1.59
0

53
1.08
0

55
1.79
0

50
1.19
0

48
1.02
0

58
2.13
0

59
.99
0

58
1.42
0

50
1.19
0

55
1.82
0

65
2.37
0

52
1.24
0

45
.87
0

59
2.2
0

45
.86
0

60
2.53
0

63
2.34
0

62
2.3
0

65
2
0

62
2.35
0

59
1.94
0

60
2.12
0

52
1.29
0
 
60
2.1
0

60
1.76
0

45
.87
0

62
2.26
0

53
1.57
0

61
2.04
0

61
1.94
0

58
1.43
0

45
.76
0

49
1.04
0
 
66
2.54
0

69
2.7
0

51
1.29
0

67
2.77
0

58
.96
0

44
.88
0

47
.95
0

45
1
0

51
1.32
0

44
.8
0
 
68
2.49
0

67
2.52
0

52
1.16
0

58
1.69
0

60
1.73
0

50
1.05
0

52
1.16
0

49
1.02
0

63
2.21
0

61
1.72
0
 
60
1.73
0

59
1.5
0

54
1.84
0

46
.89
0

55
1.39
0

45
.79
0

44
.79
0

45
1
0

45
1.01
0

57
1.49
0

55
1.75
0

59
2.15
0

49
1.17
0

66
2.46
0

60
1.72
0

49
1.12
0

60
1.83
0

53
1.14
0

57
1.68
0

62
1.91
0

60
1.93
0

42
.71
0

48
1.05
0

41
.61
0

41
.7
0

51
1.06
0

63
1.96
0

51
1.12
0

65
2.18
0

53
1.28
0

51
1.15
0

46
.91
0

50
1.14
0

52
1.23
0

45
.9
0

51
1.26
0

43
.68
0

48
1
0

47
.93
0

59
1.87
0

44
.76
0

49
1.08
0

59
1.7
0

46
.85
0

46
.96
0

54
1.51
0

67
2.71
0

50
1.18
0

55
1.24
0

46
1
0

51
1.18
0

45
.73
0

50
1.1
0

61
2.38
0

65
2.16
0

50
1.23
0

60
2.16
0

56
1.66
0

47
.88
0

43
.71
0

60
2.02
0

45
.75
0

46
.98
0

62
1.9
0

65
2.01
0

44
.86
0

48
1.1
0

57
1.53
0

62
2.33
0

64
2.45
0

64
2.32
0

57
2.15
0

70
3.39
0

59
1.64
0

49
.1
0

44
.81
0

64
2.18
0

56
1.55
0

45
.84
0

58
1.6
0

61
1.9
0

47
.98
0

50
1.07
0

54
1.47
0

65
2.51
0

64
1.73
0

62
2.5
0

44
.82
0

45
.77
0

49
.92
0

48
.96
0

46
.83
0

47
1.01
0

43
.65
0

46
.96
0

51
1.27
0

68
3.19
0

58
1.83
0

46
.83
0

64
1.94
0

60
1.99
0

47
.96
0

50
1.22
0

58
1.56
0

56
1.74
0

58
1.08
0

49
1.13
0

45
.84
0

41
.77
0

70
2.96
0

39
.55
0

44
.79
0

48
.84
0

51
1.23
0

46
.76
0

58
1.75
0

61
2.17
0

43
.71
0

48
1.05
0

49
1.02
0

45
.88
0

44
.81
0

091097
37       WHITEAKER M.
8       LONG LK
090394
2
2*2*7.5 NET
10
0055
15
45   <--- changed from 00?, pr 23Mar2000.
2   STICKLEBACK
TR5-4.NEA PIKE.
110      0% FORMALIN - WGHD AFT 5 WKS
8
70
3.64
0

65
2.76
0

69
3.81
0

65
2.71
0

68
2.87
0

65
2.57
0

69
2.98
0

70
3.83
0

011097
37  WHITEAKER M.
8  LONG LK
250793
2
2*2*7.5NET
8
2345
15
12
2  STICKLEBACK
TR6-5.NEA PIKE.
110 0% FORMALIN - WGHD AFT 5 WKS
4
60
2.4
0

62
2.59
0

59
1.81
0

62
2.52
0

021097
37         WHITEAKER M.
8         LONG LK
260793
2
2*2*7.5 NET
10
0058
15
3
2   STICKLEBACK
TR13-4.NEA PIKE.
110        0% FORMALIN - WGHD AFT 5 WKS
114
61
2.09
0
 
56
1.66
0
 
64
2.32
0
 
49
1.08
0
 
51
3.27
0
 
68
2.43
0
 
68
2.96
0
 
61
2.25
0
 
51
1.08
0
 
65
2.88
0
 
63
1.97
0
 
60
1.82
0
 
59
1.92
0
 
62
1.98
0
 
63
2.53
0
 
58
.99
0
 
63
2.25
0
 
64
2.89
0
 
66
2.74
0
 
52
1.28
0
 
59
1.78
0
 
63
2.11
0
 
65
2.3
0
 
64
2.38
0
 
63
1.98
0
 
54
1.33
0
 
61
2.08
0
 
47
.98
0
 
56
1.73
0
 
64
2.58
0
 
61
1.9
0
 
67
2.33
0
 
53
1.35
0
 
60
1.64
0
 
52
1.11
0
 
53
1.1
0
 
64
2.45
0
 
60
1.95
0
 
64
2.67
0
 
46
1.03
0
 
56
1.52
0
 
61
1.83
0
 
62
2.17
0
 
59
2.17
0
 
51
1.01
0
 
53
1.36
0
 
49
1.07
0
 
63
2.19
0
 
55
1.53
0
 
49
1.1
0
 
51
1.11
0
 
50
1.16
0
 
55
1.7
0
 
57
1.39
0
 
51
1.37
0
 
51
1.12
0
 
54
1.54
0
 
64
2.47
0
 
59
1.82
0
 
55
1.72
0
 
62
2.15
0
 
46
.87
0
 
47
.98
0
 
46
1.08
0
 
60
2.4
0
 
46
.84
0
 
55
1.52
0
 
56
1.34
0
 
48
.98
0
 
52
1.34
0
 
53
1.23
0
 
49
1.06
0
 
51
1.09
0
 
60
1.87
0
 
45
.9
0
 
59
1.84
0
 
44
.72
0
 
68
1.52
0
 
44
.83
0
 
46
.95
0
 
65
2.59
0
 
48
.94
0
 
46
.83
0
 
46
.87
0
 
62
1.49
0
 
51
1.27
0
 
45
.82
0
 
62
2.14
0
 
58
1.71
0
 
43
.78
0
 
50
1.12
0
 
47
.82
0
 
49
1.14
0
 
48
.96
0
 
49
.93
0
 
58
1.54
0
 
47
.99
0
 
47
.98
0
 
63
2.32
0
 
49
1.01
0
 
56
1.46
0
 
49
.95
0
 
45
.81
0
 
44
.83
0
 
49
1.03
0
 
46
.88
0
 
46
1.04
0
 
44
.91
0
 
48
1.11
0
 
51
1.33
0
 
47
1.06
0
 
46
.87
0
 
43
.73
0
 
47
.98
0
 
091097
37 WHITEAKER M.
8 LONG LK
080394
2
2*2*7.5NET
11
0121
15
40
2 STICKLEBACK
TR.5-4.NEA PIKE.
1 10% FORMALIN - WGHD AFT 5 WKS
8
69
3.38
0

64
3.58
0

68
3.02
0

68
2.93
0

70
3.76
0

61
2.43
0

63
3
0

55
1.66
0

260997
37        WHITEAKER M.
8        LONG LK
260793
2
2*2*7.5 NET
11
0118
15
12
2 STICKLEBACK
TR4-12.NEA PIKE.
110       0% FORMALIN - WGHD AFT 5 WKS
2
62
1.88
0

60
2.26
0

091097
37        WHITEAKER M.
8        LONG LK
090394
2
2*2*7.5 NET
12
0146
15
30
2   STICKLEBACK
TR4-7.NEA PIKE.
110       0% FORMALIN - WGHD AFT 5 WKS
12
56
1.39
0

64
3.13
0

69
3.28
0

66
2.58
0

69
4.02
0

66
2.62
0

65
2.67
0

65
3.1
0

59
2.19
0

64
2.68
0

65
3.31
0

65
2.69
0

021097
37           WHITEAKER M.
8           LONG LK
260793
2
2*2*7.5 NET
12
0142
15
0
2     STICKLEBACK
TR12-12.NEA PIKE.
110          0% FORMALIN - WGHD AFT 5 WKS
48
67
2.93
0

61
2.29
0

64
2.45
0

61
2.4
0

60
1.77
0

46
.91
0

50
1.25
0

53
1.54
0

51
1.46
0

58
1.69
0

59
1.78
0

63
1.97
0

51
1.31
0

51
1.36
0

48
1.04
0

52
1.37
0

65
3.01
0

53
1.52
0

60
2.13
0

42
.79
0

48
1.08
0

65
2.73
0

69
2.92
0

54
1.46
0

53
1.38
0

74
3.11
0

60
2.06
0

60
2.15
0

49
1.19
0

50
1.11
0

49
1.14
0

61
2.37
0

58
.98
0

49
1.06
0

60
2.06
0

51
1.16
0

46
1.05
0

60
2.12
0

54
1.28
0

50
1.25
0

50
1.2
0

58
1.73
0

64
2.35
0

66
2.32
0

65
2.69
0

62
2.57
0

40
.75
0

48
1.12
0

031097
37 WHITEAKER M.
8 LONG LK
260793
2
2*2*7.5NET
13
0202
15
12
2 STICKLEBACK
TR12-3.NEA PIKE.
1 10% FORMALIN - WGHD AFT 5 WKS
3
69
2.66
0

59
1.76
0

46
.93
0

031097
37    WHITEAKER M.
8    LONG LK
260793
2
2*2*7.5NET
14
0224
15
9
2  STICKLEBACK
TR3-11.NEA PIKE.
110   0% FORMALIN - WGHD AFT 5 WKS
29
72
3.98
0

60
2.09
0

65
2.26
0

54
1.23
0

54
1.42
0

60
1.92
0

48
.96
0

48
.97
0

54
1.25
0

54
1.47
0

58
1.91
0

59
1.68
0

62
2.29
0

60
1.79
0

43
.89
0

44
.83
0

50
1.09
0

58
1.76
0

45
.89
0

52
1.32
0

43
.79
0

45
.93
0

61
2.25
0

45
.87
0

47
1
0

45
.93
0

58
1.71
0

47
.96
0

48
.96
0

071097
37   WHITEAKER M.
8   LONG LK
260793
2
2*2*7.5NET
15
0309
15
0
2   STICKLEBACK
TR10-1.NEA PIKE.
110  0% FORMALIN - WGHD AFT 5 WKS
93
54
1.57
0

60
1.77
0

57
1.57
0

58
1.78
0

61
1.79
0

60
2.29
0

65
2.48
0

61
2
0

68
3.37
0

62
1.87
0

74
3.08
0

66
2.9
0

58
1.81
0

60
1.79
0

65
2.26
0

67
2.66
0

64
2.02
0

50
1.16
0

53
1.49
0

61
2.02
0

56
1.67
0

60
1.95
0

55
1.52
0

58
2.02
0

64
2.24
0

61
2.14
0

65
2.26
0

64
2.16
0

55
1.41
0

62
2.16
0

60
1.97
0

60
1.77
0

60
1.92
0

64
2.58
0

64
2.31
0

64
2.41
0

60
2.05
0

59
1.95
0

61
2.01
0

59
1.83
0

64
2.07
0

60
2.55
0

59
1.66
0

60
2
0

70
2.83
0

56
1.58
0

62
2.27
0

65
2.56
0

62
2.22
0

55
1.65
0

63
2.4
0

62
1.96
0

61
2.1
0

52
1.31
0

61
2.48
0

59
2
0

61
2.24
0

64
2.27
0

55
1.58
0

42
.88
0

63
2.24
0

60
2
0

56
1.75
0

68
2.89
0

55
1.61
0

65
2.42
0

59
2.02
0

42
.71
0

64
2.24
0

55
1.84
0

60
2.09
0

60
1.98
0

60
1.74
0

63
2.19
0

63
1.94
0

56
1.69
0

51
1.17
0

60
2.06
0

57
1.84
0

56
1.74
0

46
.91
0

59
1.86
0

51
1.26
0

67
2.43
0

60
2.09
0

65
2.5
0

65
2.85
0

53
1.35
0

59
1.56
0

64
2.35
0

48
1.08
0

42
.63
0

56
1.65
0

091097
37      WHITEAKER M.
8      LONG LK
080394
2
2*2*7.5 NET
16
0330 
15
12
2 STICKLEBACK
TR1-1.NEA PIKE.
110     0% FORMALIN - WGHD AFT 5 WKS
8
65
2.56
0

59
1.88
0

65
2.76
0

61
2.22
0

71
3
0

65
2.3
0
 
65
2.79
0

69
3.22
0

290997
37  WHITEAKER M.
8  LONG LK
080394
2
2*2*7.5NET
1
2342.
15
0
7  SOCKEYE (FRY)
TR.16-8.NEA PIKE.
110 0% FORMALIN - WGHD AFT 5 WKS
6
53
1.61
0

28
.13
0

27
.16
0

29
.14
0

23
.1
0

27
.16
0

220997
37 WHITEAKER M.
8 LONG LK
240793
2
2*2*7.5 NET
1
0058
15
0
7 SOCKEYE (FRY)
TR15-8.NEA PIKE.
1 10% FORMALIN - WGHD AFT 5 WKS
2
27
.14
0
 
36
.56
0
 
291097
37    WHITEAKER M.
8    LONG LK
080394
2
2*2*7.5NET
2
0005-0020   <--- changed from 2400?, pr 23mar2000.
15   <--- changed from 15?, pr 23Mar2000.
25   <--- changed from ?
7 SOCKEYE (FRY)
TR.16-8.NEA PIKE.NO SAMPLE TAG.TRAWL TIME AND DURATION GUESSED.
110   0% FORMALIN - WGHD AFT 5 WKS
5
67
2.94
0

55
1.66
0

62
2.23
0

58
1.93
0

57
1.75
0

141097
37     WHITEAKER M.
8     LONG LK
080394
2
2*2*7.5NET
03
0026
15
10
7 SOCKEYE (FRY)
TR15.NEA PIKE.
110    0% FORMALIN - WGHD AFT 5 WKS
8
24
.11
0

53
1.65
0

58
2
0

55
1.59
0

54
1.51
0

50
1.31
0

48
1.04
0

50
1.41
0

240997
37   WHITEAKER M.
8   LONG LK
240793
2
2*2*7.5 NET
3
0
15
14
7  SOCKEYE (FRY)
TR16-9.NEA PIKE.
110  0% FORMALIN - WGHD AFT 5 WKS
21
43
.83
0

39
.54
0

35
.43
0

39
.7
0

38
.63
0

32
.46
0

37
.51
0

35
.46
0

38
.53
0

37
.55
0

28
.19
0

35
.41
0

36
.48
0

35
.48
0

35
.4
0

33
.36
0

38
.55
0

35
.43
0

33
.3
0

29
.22
0

31
.24
0

291097
37    WHITEAKER M.
8    LONG LK
080394
2
2*2*7.5NET
4
0047
15
10
7 SOCKEYE (FRY)
TR8-15.NEA PIKE.
110   0% FORMALIN - WGHD AFT 5 WKS
8
67
2.94
0

58
1.64
0

58
2.3
0

59
1.81
0

58
1.92
0

55
1.73
0

24
.12
0

54
1.59
0

240997
37  WHITEAKER M.
8  LONG LK
240793
2
2*2*7.5 NET
4
0207
15
16
7  SOCKEYE (FRY)
TR9-9.NEA PIKE.
110 0% FORMALIN - WGHD AFT 5 WKS
142
34
.41
0

38
.56
0

39
.63
0

39
.56
0

39
.62
0

35
.33
0

33
.37
0

38
.57
0

39
.69
0

42
.91
0

38
.65
0

33
.38
0

39
.71
0

39
.69
0

39
.62
0

34
.42
0

39
.57
0

34
.42
0

43
.1
0

41
.74
0

42
.88
0

39
.64
0

39
.7
0

35
.45
0

41
.77
0

42
.73
0

39
.62
0

39
.56
0

37
.53
0

35
.47
0

37
.5
0

38
.6
0

34
.42
0

38
.62
0

39
.63
0

45
.91
0

38
.64
0

32
.36
0

38
.54
0

39
.59
0

42
.71
0

38
.62
0

35
.62
0

35
.38
0

38
.54
0

39
60
0

35
.41
0

39
.5
0

38
.55
0

42
.62
0

37
.41
0

35
.49
0

37
.52
0

39
.65
0

37
.52
0

33
.46
0

40
.6
0

36
.48
0

37
.48
0

40
.65
0

34
.34
0

37
.49
0

30
.3
0

35
.43
0

31
.24
0

33
.44
0

34
.37
0

36
.37
0

34
.35
0

32
.28
0

34
.34
0

39
.65
0

43
.71
0

34
.42
0

37
.53
0

32
.34
0

36
.4
0

31
.34
0

35
.39
0

36
.48
0

48
.56
0

35
.47
0

31
.27
0

33
.3
0

29
.23
0

30
.26
0

33
.42
0

29
.26
0

31
.32
0

33
.34
0

34
.36
0

33
.37
0

37
.41
0

36
.48
0

31
.24
0

32
.27
0

31
.22
0

34
.44
0

33
.35
0

37
.49
0

29
.27
0

33
.26
0

30
.23
0

31
.3
0

31
.27
0

32
.32
0

29
.17
0

29
.25
0

30
.27
0

26
.13
0

31
.23
0

36
.35
0

35
.56
0

35
.4
0

32
.36
0

35
.46
0

31
.23
0

39
.51
0

29
.16
0

29
.24
0

28
.15
0

35
.53
0

37
.16
0

30
.26
0

29
.15
0

47
.51
0

38
.52
0

34
.36
0

36
.5
0

42
.72
0

30
.26
0

32
.31
0

28
.23
0

35
.36
0

34
.32
0

31
.3
0

35
.53
0

34
.44
0

34
.3
0

33
.25
0

32
.25
0

48
.49
0

300997
37 WHITEAKER M.
8 LONG LK
080394
2
2*2*7.5NET
5
0107
15
15
7 SOCKEYE (FRY)
TR15-7.NEA PIKE.
1 10% FORMALIN - WGHD AFT 5 WKS
3
52
1.39
0

25
.13
0

24
.11
0

250997
37   WHITEAKER M.
8   LONG LK
250793
2
2*2*7.5 NET
5
2245
15
0
7 SOCKEYE (FRY)
TR7-14.NEA PIKE.
110  0% FORMALIN - WGHD AFT 5 WKS
5
43
.34
0

37
.18
0

35
.59
0

33
.37
0

35
.45
0

081097
37  WHITEAKER M.
8  LONG LK
080394
2
2*2*7.5NET
6
0128
15
20
7  SOCKEYE (FRY)
TR.7-6.NEA PIKE.
110 0% FORMALIN - WGHD AFT 5 WKS
5
58
1.96
0

65
3.05
0

55
1.66
0

53
1.54
0

58
1.82
0

250997
37   WHITEAKER M.
8   LONG LK
250793
2
2*2*7.5 NET
6
2206
15
4
7 SOCKEYE (FRY)
TR14-14.NEA PIKE.
110  0% FORMALIN - WGHD AFT 5 WKS
2
32
.36
0

37
.2
0

081097
37  WHITEAKER M.
8  LONG LK
080394
2
2*2*7.5NET
7
0150
15
25
7  SOCKEYE (FRY)
TR.7-6.NEA PIKE.
110 0% FORMALIN - WGHD AFT 5 WKS
3
58
2.06
0

59
1.9
0

65
3
0

250997
37   WHITEAKER M.
8   LONG LK
250793
2
2*2*7.5 NET
7
2325
15
8
7 SOCKEYE (FRY)
TR14-6.NEA PIKE.SCALE BOOK #34075.
110  0% FORMALIN - WGHD AFT 5 WKS
18
34
.42
0

38
.67
0

43
1.01
0

43
.94
0

34
.57
0

36
.66
0

30
.28
0

32
.33
0

35
.54
0

38
.21
0

38
.63
0

33
.4
0

29
.31
0

29
.23
0

35
.52
0

32
.39
0

30
.28
0

77
5.67
1
A
091097
37  WHITEAKER M.
8  LONG LK
080394
2
2*2*7.5NET
8
0212
15
30
7  SOCKEYE (FRY)
TR.15. NEA PIKE
110 0% FORMALIN - WGHD AFT 5 WKS
3
47
1.11
0

70
3.34
0

48
1.11
0

021097
37   WHITEAKER M.
8   LONG LK
250793
2
2*2*7.5NET
8
0118
15
12
7   SOCKEYE (FRY)
TR.6-5.NEA PIKE.
110  0% FORMALIN - WGHD AFT 5 WKS
114
50
1.35
0

35
.32
0

49
1.08
0

50
1.17
0

36
.48
0

39
.62
0

52
1.69
0

44
1.07
0

41
.76
0

35
.39
0

39
.6
0

38
.63
0

34
.41
0

45
.97
0

27
.19
0

48
1.14
0

40
.67
0

32
.28
0

35
.49
0

34
.39
0

34
.38
0

39
.69
0

26
.15
0

33
.39
0

31
.32
0

29
.24
0

26
.16
0

36
.49
0

36
.49
0

28
.19
0

33
.32
0

32
.29
0

28
.13
0

.35
.42
0

39
.7
0

38
.58
0

27
.16
0

34
.36
0

29
.21
0

32
.26
0

34
.39
0

50
1.38
0

32
.4
0

31
.31
0

35
.41
0

30
.27
0

32
.3
0

31
.29
0

34
.36
0

32
.33
0

36
.54
0

31
.27
0

33
.36
0

30
.3
0

39
.61
0

33
.37
0

34
.44
0

30
.27
0

32
.29
0

33
.35
0

32
.33
0

28
.25
0

26
.19
0

38
.19
0

38
.25
0

31
.3
0

27
.16
0

36
.5
0

36
.47
0

31
.31
0

31
.27
0

24
.09
0

31
.29
0

30
.22
0

32
.26
0

34
.38
0

28
.13
0

32
.35
0

38
.57
0

35
.5
0

35
.37
0

41
.69
0

31
.24
0

37
.2
0

32
.3
0

30
.26
0

32
.29
0

32
.34
0

38
.23
0

34
.41
0

30
.28
0

31
.34
0

36
.38
0

40
.64
0

33
.28
0

37
.58
0

32
.3
0

25
.09
0

33
.35
0

29
.16
0

29
.16
0

35
.4
0

30
.2
0

33
.27
0

35
.47
0

35
.43
0

32
.29
0

33
.36
0

26
.09
0

30
.23
0

27
.15
0

.3
.23
0

29
.19
0

31
.24
0

091097
37      WHITEAKER M.
8      LONG LK
080394
2
2*2*7.5 NET
9
0028
15
45
7  SOCKEYE (FRY)
TR5-4.NEA PIKE.
110     0% FORMALIN - WGHD AFT 5 WKS
15
65
2.98
0

59
2.08
0

57
2.12
0

48
1.07
0

63
2.46
0

63
2.71
0

59
2.07
0

60
2.33
0

61
2.62
0

59
2.07
0

68
3.79
0

65
3.32
0

61
2.49
0

62
2.67
0

57
2.1
0

260997
37       WHITEAKER M.
8       LONG LK
260793
2
2*2*7.5 NET
9
0037
15
0
7 SOCKEYE (FRY)
TR13-13.NEA PIKE.
110      0% FORMALIN - WGHD AFT 5 WKS
1
29
.17
0

091097
37       WHITEAKER M.
8       LONG LK
090394
2
2*2*7.5 NET
10
0055
15
45    <--- changed from 00?, pr 27Mar2000.
7  SOCKEYE (FRY)
TR5-4.NEA PIKE.
110      0% FORMALIN - WGHD AFT 5 WKS
21
70
3.38
0

64
2.54
0

60
2.28
0

64
2.77
0

64
2.65
0

64
2.57
0

63
2.52
0

59
2.21
0

61
2.46
0

59
2.18
0

62
2.47
0

60
2.21
0

55
1.85
0

54
1.74
0

56
1.91
0

59
2.26
0

60
2.38
0

66
2.9
0

60
2.16
0

60
2.37
0

63
2.79
0

260997
37        WHITEAKER M.
8        LONG LK
260793
2
2*2*7.5 NET
10
0058
15
3
7 SOCKEYE (FRY)
TR13-4.NEA PIKE.
110       0% FORMALIN - WGHD AFT 5 WKS
2
28
.13
0

30
.2
0

141097
37     WHITEAKER M.
8     LONG LK
080394
2
2*2*7.5NET
11
0121
15
40
7 SOCKEYE (FRY)
TR5-4.NEA PIKE.
110    0% FORMALIN - WGHD AFT 5 WKS
9
59
2.41
0

62
2.93
0

61
2.34
0

63
2.71
0

66
2.8
0

69
3.72
0

62
2.88
0

45
.91
0

59
2.2
0

260997
37        WHITEAKER M.
8        LONG LK
260793
2
2*2*7.5 NET
11
0118
15
12
7 SOCKEYE (FRY)
TR4-12.NEA PIKE.
110       0% FORMALIN - WGHD AFT 5 WKS
72
48
1.21
0

45
.94
0

47
.63
0

49
1.33
0

48
1.29
0

39
.64
0

52
1.65
0

39
.6
0

39
.74
0

49
1.24
0

45
1.06
0

39
.68
0

46
1.1
0

49
1.21
0

43
.88
0

40
.78
0

41
.84
0

42
.82
0
A
47
1.08
0

45
1.27
0

50
1.28
0

39
.58
0

40
.65
0

42
.84
0

50
1.17
0

48
1
0

50
1.17
0

53
1.65
0

40
.62
0

55
1.57
0

49
1.23
0

48
1.16
0

50
1.13
0

43
.81
0

47
1.07
0

44
.91
0

46
1.07
0

43
.78
0

46
1.13
0

47
1
0

46
1.19
0

33
.31
0

40
.73
0

32
.31
0

44
.84
0

50
1.32
0

45
.94
0

37
.51
0

39
.73
0

45
1.1
0

43
.85
0

40
.7
0

44
.85
0

45
.93
0

41
.81
0

34
.3
0

39
.62
0

35
.35
0

39
.61
0

44
.84
0

46
1.11
0

45
1.03
0

39
.69
0

39
.55
0

38
.63
0

40
.61
0

39
.69
0

38
.52
0

39
.68
0

38
.58
0

37
.21
0

30
.24
0

091097
37        WHITEAKER M.
8        LONG LK
090394
2
2*2*7.5 NET
12
0146
15
30
7  SOCKEYE (FRY)
TR4-7.NEA PIKE.
110       0% FORMALIN - WGHD AFT 5 WKS
5
66
3.36
0

61
2.57
0

59
2.24
0

53
1.59
0

55
1.68
0

021097
37          WHITEAKER M.
8          LONG LK
260793
2
2*2*7.5 NET
13
0202
15
12
7 SOCKEYE (FRY)
TR12-3.NEA PIKE
110         0% FORMALIN - WGHD AFT 5 WKS
8
34
.41
0

44
.91
0

47
.49
0

48
1.29
0

46
.57
0

44
.98
0

49
1.35
0

37
.61
0

031097
37    WHITEAKER M.
8    LONG LK
260793
2
2*2*7.5NET
13
0202
15
12
7    SOCKEYE (FRY)
TR12-3.NEA PIKE.
110   0% FORMALIN - WGHD AFT 5 WKS
106
46
1.08
0

42
.71
0

52
1.42
0

56
1.82
0

45
1.03
0

49
1.27
0

43
.96
0

46
1.06
0

48
1.3
0

47
1.02
0

51
1.48
0

46
1.2
0

50
1.53
0

39
.68
0

44
.95
0

39
.64
0

58
1.11
0

48
1.22
0

47
1.11
0

41
.87
0

42
.8
0

39
.59
0

42
.71
0

54
1.67
0

34
.39
0

50
1.45
0

50
1.37
0

37
.56
0

49
1.21
0

45
1.02
0

34
.43
0

50
1.3
0

48
1.08
0

48
1.29
0

44
.96
0

49
1.43
0

44
.87
0

43
.86
0

41
.72
0

35
.43
0

34
.45
0

39
.68
0

46
1.03
0

47
.58
0

39
.7
0

35
.42
0

39
.65
0

27
.19
0

45
1.06
0

42
.79
0

35
.39
0

35
.4
0

55
1.01
0

43
.92
0

40
.67
0

38
.67
0

42
.98
0

40
.74
0

44
.91
0

45
1
0

47
.97
0

48
1.08
0

39
.69
0

45
.88
0

42
.76
0

32
.34
0

48
1.24
0

38
.54
0

45
1.04
0

35
.4
0

42
.79
0

40
.72
0

46
1.12
0

45
1.03
0

49
1.43
0

40
.72
0

32
.26
0

46
1.01
0

46
1.02
0

31
.26
0

33
.38
0

30
.32
0

36
.53
0

33
.39
0

39
.61
0

30
.22
0

38
.51
0

46
1.11
0

40
.71
0

40
.72
0

36
.51
0

45
.98
0

36
.53
0

34
.34
0

32
.38
0

37
.43
0

41
.85
0

33
.42
0

36
.59
0

48
1.31
0

43
.83
0

50
1.27
0

40
.77
0

35
.37
0

30
.16
0

40
.69
0

031097
37   WHITEAKER M.
8   LONG LK
260793
2
2*2*7.5NET
14
0224
15
9
7 SOCKEYE (FRY)
TR3-11.NEA PIKE.
110  0% FORMALIN - WGHD AFT 5 WKS
5
48
1.34
0

31
.24
0

38
.64
0

34
.4
0

30
.27
0

081097
37 WHITEAKER M.
8 LONG LK
260793
2
2*2*7.5NET
15
0330
15
12
7 SOCKEYE (FRY)
TR.1-1.NEA PIKE.
1 10% FORMALIN - WGHD AFT 5 WKS
3
59
2.53
0

42
.78
0

46
1.06
0


