250100
37   HIRST
802   LONG LK
240998
2
2*2*7.5 NET
8
2036
15
12
7  SOCKEYE (FRY)
PROCESSED BY ALAN HIRST. THE YEAR 00 NOT ACCEPTED 99=00. LOCATION 5B.
110  0% FORMALIN - WGHD AFT 5 WKS
40
44
.99
0

48
1.25
0

46
1.03
0

43
.83
0

43
.85
0

34
.42
0

46
1.02
0

45
.93
0

37
.59
0

42
.84
0

36
.51
0

38
.58
0

40
.65
0

37
.57
0

47
1.08
0

38
.55
0

37
.52
0

40
.72
0

43
.93
0

48
1.24
0

41
.7
0

43
.91
0

39
.62
0

38
.53
0

43
.81
0

43
.83
0

40
.75
0

50
1.38
0

32
.31
0

43
.82
0

51
1.45
0

37
.53
0

41
.76
0

41
.74
0

42
.78
0

42
.78
0

39
.63
0

35
.55
0

44
.9
0

41
.66
0

250100
37   HIRST
802   LONG LK
240998
2
2*2*7.5 NET
9
2059
15
17
7 SOCKEYE (FRY)
PROCESSED BY ALAN HIRST. THE YEAR 00 NOT ACCEPTED 99=00. LOCATION 2B.
110  0% FORMALIN - WGHD AFT 5 WKS
37
42
.89
0

41
.8
0

39
.66
0

45
1.04
0

42
.83
0

42
.74
0

45
.94
0

42
.81
0

37
.46
0

44
.89
0

45
.94
0

43
.8
0

36
.48
0

37
.5
0

43
.83
0

31
.31
0

43
.93
0

46
1.13
0

50
1.42
0

41
.74
0

51
1.47
0

45
1.03
0

34
.45
0

38
.66
0

38
.61
0

32
.34
0

47
1.18
0

40
.7
0

38
.55
0

46
1.03
0

43
.85
0

42
.8
0

43
.9
0

42
.79
0

42
.8
0

41
.74
0

43
.84
0

260100
37   HIRST
801   LONG LK
240998
2
2*2*7.5 NET
10
2148
30
8
2 STICKLEBACK
PROCESSED BY ALAN HIRST. THE YEAR 00 NOT ACCEPTED 99=00. LOCATION 9A.
110  0% FORMALIN - WGHD AFT 5 WKS
22
59
1.98
0

55
1.7
0

46
.8
0

47
.83
0

55
1.38
0

49
1.01
0

48
.87
0

48
.95
0

55
1.54
0

55
1.5
0

56
1.4
0

22
.08
0

55
1.45
0

60
1.94
0

56
1.52
0

46
.86
0

47
1.03
0

55
1.36
0

56
1.48
0

53
1.31
0

51
1.08
0

23
.09
0

240100
37  HIRST
801  LONG LK
240998
2
2*2*7.5 NET
11
2225
30
17
2 STICKLEBACK
PROCESSED BY ALAN HIRST. THE YEAR 00 NOT ACCEPTED 99=00. LOCATION 9A.
110 0% FORMALIN - WGHD AFT 5 WKS
11
55
1.58
0

57
1.61
0

61
2.1
0

57
1.53
0

52
1.23
0

58
1.69
0

56
1.37
0

48
.88
0

57
1.8
0

22
.09
0

55
1.44
0

270100
37 HIRST
801 LONG LK
240998
2
2*2*7.5 NET
12
2300
30
12
2 STICKLEBACK
PROCESSED BY ALAN HIRST. THE YEAR 00 NOT ACCEPTED 99=00. LOCATION 4A.
1 10% FORMALIN - WGHD AFT 5 WKS
8
58
1.85
0
 
53
1.36
0

68
3.3
0

54
1.34
0

58
1.87
0

72
3.64
0

52
1.27
0
 
56
1.64
0

260100
37  HIRST
802  LONG LK
230998
2
2*2*7.5 NET
1
2035
15
20
7  SOCKEYE (FRY)
PROCESSED BY ALAN HIRST. THE YEAR 00 NOT ACCEPTED 99=00. LOCATION 7B.
110 0% FORMALIN - WGHD AFT 5 WKS
36
43
.88
0

40
.73
0

45
.96
0

48
1.14
0

50
1.32
0

46
.97
0

48
1.2
0

49
1.21
0

48
1.24
0

48
1.13
0

45
1.03
0

39
.67
0

51
1.37
0

42
.84
0

42
.77
0

45
.99
0

50
1.35
0

40
.71
0

40
.68
0

41
.77
0

39
.66
0

44
.84
0

44
.97
0

45
.98
0

45
1.02
0

40
.64
0

49
1.2
0

41
.75
0

47
1.22
0

46
.99
0

45
.89
0
 
46
.93
0

45
.92
0

45
.9
0

47
1.06
0

41
.71
0

260100
37 HIRST
802 LONG LK
230998
2
2*2*7.5 NET
3
2158
45
8
7 SOCKEYE (FRY)
PROCESSED BY ALAN HIRST. THE YEAR 00 NOT ACCEPTED 99=00. LOCATION 6B.
1 10% FORMALIN - WGHD AFT 5 WKS
25
38
.57
0

44
.85
0

48
1.2
0

40
.66
0

46
.98
0

40
.69
0

43
.87
0

41
.75
0

42
.75
0

38
.64
0

43
.8
0

38
.56
0

42
.73
0

44
.84
0

41
.69
0

34
.47
0

41
.77
0

33
.36
0

42
.77
0

46
1.02
0

47
1.09
0

43
.8
0

37
.56
0

49
1.2
0

60
3.21
0

250100
37  HIRST
802  LONG LK
230998
2
2*2*7.5 NET
4
2250
30
15
7 SOCKEYE (FRY)
PROCESSED BY ALAN HIRST. THE YEAR 00 NOT ACCEPTED 99=00. LOCATION 5B.
110 0% FORMALIN - WGHD AFT 5 WKS
58
37
.54
0

44
.95
0

43
.86
0

49
1.3
0

42
.82
0

38
.52
0

47
1.13
0

44
.79
0

38
.56
0

43
.79
0

35
.42
0

33
.4
0

40
.69
0

35
.49
0

40
.62
0

34
.38
0

40
.66
0

33
.38
0

39
.65
0

40
.66
0

38
.53
0

40
.66
0

41
.72
0

37
.54
0

45
1.02
0

46
1.03
0

37
.56
0

32
.33
0

36
.42
0

43
.86
0

30
.27
0

36
.5
0

35
.45
0

35
.36
0

37
.47
0

39
.63
0

33
.41
0

40
.68
0
 
40
.68
0

42
.65
0

38
.54
0

34
.34
0

40
.71
0

39
.63
0

40
.63
0

36
.49
0

35
.43
0

37
.53
0

42
.74
0

44
.84
0

41
.73
0

42
.73
0

40
.65
0

42
.8
0

46
.96
0

34
.36
0

41
.67
0

37
.56
0

260100
37   HIRST
802   LONG LK
230998
2
2*2*7.5 NET
5
2328
30
11
7 SOCKEYE (FRY)
PROCESSED BY ALAN HIRST. THE YEAR 00 NOT ACCEPTED 99=00. LOCATION 5B.
110  0% FORMALIN - WGHD AFT 5 WKS
9
38
.55
0

38
.48
0

37
.46
0

42
.78
0

40
.6
0

41
.7
0

42
.69
0

38
.53
0

44
.88
0

250100
37  HIRST
802  LONG LK
230998
2
2*2*7.5 NET
6
0012
45
22
7 SOCKEYE (FRY)
PROCESSED BY ALAN HIRST. THE YEAR 00 NOT ACCEPTED 99=00. LOCATION 5A.
110 0% FORMALIN - WGHD AFT 5 WKS
134
50
1.2
0

39
.57
0

43
.73
0

41
.68
0

47
.97
0

49
1.24
0

48
1.07
0

48
1.12
0

43
.75
0

48
1.08
0

44
.84
0

45
.97
0

47
1.01
0

49
1.23
0

50
1.19
0

51
1.3
0

49
1.22
0

51
1.45
0

49
1.21
0

45
.89
0

52
1.32
0
 
48
1.07
0

47
1.05
0

46
.99
0

51
1.31
0

47
1.16
0

45
.9
0

51
1.39
0

43
.78
0

40
.66
0

38
.58
0

47
1.04
0

48
1.11
0

49
1.03
0
 
46
1.08
0

45
.92
0

48
1.06
0

40
.7
0
 
41
.73
0

44
.81
0

43
.83
0

44
.75
0

43
.82
0

42
.74
0

45
.84
0

41
.66
0

46
1.01
0

53
1.57
0

42
.71
0

45
.81
0

40
.57
0

45
.85
0

50
1.15
0

46
.95
0

35
.41
0

44
.86
0

41
.64
0

35
.4
0

41
.64
0

41
.66
0

37
.49
0

40
.66
0

43
.71
0

48
1.14
0

39
.57
0

40
.63
0

41
.62
0

42
.77
0

37
.52
0

44
.83
0

37
.49
0

43
.85
0

43
.77
0

44
.83
0

39
.56
0

38
.54
0

44
.8
0

47
1.09
0

45
.89
0

48
1.02
0

40
.65
0

44
.88
0

47
1.11
0

40
.64
0

48
1
0

48
1.13
0

41
.68
0

47
1.02
0

48
1.13
0

34
.41
0

46
.87
0

45
.79
0

37
.52
0

42
.74
0

45
.95
0

45
.94
0

43
.79
0

38
.5
0

38
.56
0

45
.93
0

42
.7
0

49
1.16
0

35
.35
0

42
.7
0

41
.58
0

49
1.18
0

45
.84
0

40
.66
0

47
1.02
0

44
.89
0

42
.77
0

45
.94
0

45
.9
0

42
.66
0

45
.91
0

37
.52
0

34
.33
0

49
1.17
0

36
.4
0

45
.89
0

50
1.19
0

39
.61
0

45
.89
0

36
.44
0

44
.83
0

44
.78
0

37
.45
0

41
.66
0

42
.7
0

33
.34
0

41
.66
0

35
.44
0

42
.73
0

44
.89
0

260100
37  HIRST
802  LONG LK
230998
2
2*2*7.5 NET
1
2035
15
20
2 STICKLEBACK
PROCESSED BY ALAN HIRST. THE YEAR 00 NOT ACCEPTED 99=00. LOCATION 7B.
110 0% FORMALIN - WGHD AFT 5 WKS
14
58
1.77
0

52
1.18
0

66
2.22
0

57
1.67
0

63
2.36
0

55
1.71
0

64
2.29
0

54
1.32
0

57
1.59
0

46
.85
0

63
1.84
0

53
1.35
0

66
1.76
0

58
1.82
0

260100
37 HIRST
802 LONG LK
230998
2
2*2*7.5 NET
3
2158
45
8
2 STICKLEBACK
PROCESSED BY ALAN HIRST. THE YEAR 00 NOT ACCEPTED 99=00. LOCATION 6B.
1 10% FORMALIN - WGHD AFT 5 WKS
8
47
.91
0

58
1.8
0

42
.64
0

59
1.7
0

52
1.33
0

53
1.36
0

53
1.31
0

56
1.64
0

270100
37 HIRST
801 LONG LK
240998
2
2*2*7.5 NET
12
2300
30
12
7 SOCKEYE (FRY)
PROCESSED BY ALAN HIRST. THE YEAR 00 NOT ACCEPTED 99=00. LOCATION 4A.
1 10% FORMALIN - WGHD AFT 5 WKS
7
42
.8
0
 
43
.74
0

48
1.13
0

43
.9
0

49
1.09
0

54
1.59
0

43
.79
0
 
250100
37  HIRST
802  LONG LK
220998
2
2*2*7.5 NET
4
2250
30
15
2 STICKLEBACK
PROCESSED BY ALAN HIRST. THE YEAR 00 NOT ACCEPTED 99=00. LOCATION 5B.
110 0% FORMALIN - WGHD AFT 5 WKS
8
44
.69
0

24
.11
0

23
.09
0

70
3.27
0

58
1.69
0

69
2.68
0

54
1.36
0

59
1.71
0

260100
37   HIRST
802   LONG LK
230998
2
2*2*7.5 NET
5
2328
30
11
2 STICKLEBACK
PROCESSED BY ALAN HIRST. THE YEAR 00 NOT ACCEPTED 99=00. LOCATION 5B.
110  0% FORMALIN - WGHD AFT 5 WKS
3
59
1.66
0

59
1.73
0

60
1.9
0

250100
37  HIRST
802 LONG LK
230998
2
2*2*7.5 NET
6
0012
45
22
2 STICKLEBACK
PROCESSED BY ALAN HIRST. THE YEAR 00 NOT ACCEPTED 99=00. LOCATION 5A.
110 0% FORMALIN - WGHD AFT 5 WKS
15
61
2.12
0

53
1.32
0

60
1.85
0

57
1.68
0

62
2.2
0

70
3.44
0

62
1.92
0

52
1.25
0

25
.11
0

57
1.74
0

60
1.71
0

52
1.35
0

56
1.56
0

50
1.21
0

53
1.37
0

250100
37   HIRST
802   LONG LK
240998
2
2*2*7.5 NET
8
2036
15
12
2 STICKLEBACK
PROCESSED BY ALAN HIRST. THE YEAR 00 NOT ACCEPTED 99=00. LOCATION 5B.
110  0% FORMALIN - WGHD AFT 5 WKS
11
26
.11
0

59
1.87
0

50
1.03
0

64
2.53
0

60
1.67
0

53
1.34
0

54
1.51
0

47
.93
0

59
1.62
0

56
1.45
0

26
.14
0

240100
37  HIRST
801  LONG LK
240998
2
2*2*7.5 NET
11
2225
30
17
7  SOCKEYE (FRY)
PROCESSED BY ALAN HIRST. THE YEAR 00 NOT ACCEPTED 99=00. LOCATION 9A.
110 0% FORMALIN - WGHD AFT 5 WKS
113
42
.84
0

35
.4
0

49
1.15
0

40
.68
0

39
.63
0

47
1.11
0

43
.78
0

46
.95
0

33
.39
0

45
.99
0

39
.57
0

46
1.13
0

42
.76
0

42
.75
0

44
.94
0

43
.89
0

47
1.04
0

43
.86
0

53
1.58
0

47
1.07
0

50
1.26
0

43
.84
0

41
.73
0

42
.81
0

39
.58
0

44
.87
0

34
.4
0

47
1.19
0

43
.82
0

43
.85
0

42
.74
0

42
.79
0

47
1.11
0

43
.78
0

36
.5
0

34
.33
0

42
.78
0

36
.5
0

35
.41
0

33
.38
0

32
.3
0

43
.79
0

31
.37
0

36
.51
0

35
.48
0

32
35
0

33
.31
0

33
.31
0

45
.97
0

38
.51
0

32
.33
0

39
.74
0

39
.64
0

37
.55
0

36
.51
0

30
.25
0

37
.55
0

45
.93
0

39
.58
0

40
.72
0

34
.38
0

37
.51
0

47
.98
0

39
.6
0

43
.73
0

41
.72
0

40
.65
0

36
.48
0

35
.42
0

46
.98
0

35
.48
0

42
.72
0

40
.62
0

39
.57
0

37
.53
0

47
1.09
0

38
.44
0

38
.57
0

46
.96
0

49
1.14
0

42
.77
0

47
1.01
0

40
.63
0

37
.53
0

42
.73
0

41
.75
0

50
1.33
0

33
.35
0

50
1.35
0

38
.6
0

48
1.14
0

38
.61
0

38
.58
0

44
.89
0

42
.86
0

37
.56
0

45
.97
0

38
.58
0

40
.72
0

38
.51
0

48
1.15
0

45
.95
0

33
.34
0

32
.3
0

38
.55
0

39
.6
0

34
.37
0

42
.75
0

45
.82
0

34
.41
0

43
.82
0

37
.49
0

39
.65
0