
  27                   : lake code
AWUN                             
800730                 : date
FURUNO FM 22         1 : 1 = FURUNO FM 22  /  2 = SIMRAD
10                     : Sounder Gain
                                                  
                                                                                                              

depth / transect / targets / %sockeye / %stickleback

  2-5   1      0  0.00  0.00
  2-5   2      0  0.00  0.00
  2-5   3      0  0.00  0.00
  2-5   4      0  0.00  0.00
  3-5   1      0  0.33  0.67
  3-5   2      3  0.33  0.67
  3-5   3      1  0.33  0.67
  3-5   4      2  0.33  0.67
 5-10   1     39  0.33  0.67
 5-10   2     99  0.33  0.67
 5-10   3     25  0.33  0.67
 5-10   4     28  0.33  0.67
10-15   1      1  0.95  0.05
10-15   2     20  0.95  0.05
10-15   3     12  0.95  0.05
10-15   4      0  0.95  0.05
15-20   1      1  0.95  0.05
15-20   2      6  0.95  0.05
15-20   3      2  0.95  0.05
15-20   4      1  0.95  0.05
20-30   1      1  0.95  0.05
20-30   2      2  0.95  0.05
20-30   3      4  0.95  0.05
20-30   4      1  0.95  0.05
30-40   1      1  0.95  0.05
30-40   2      1  0.95  0.05
30-40   3      1  0.95  0.05
30-40   4      0  0.95  0.05
40-50   1      0  0.00  0.00
40-50   2      0  0.00  0.00
40-50   3      0  0.00  0.00
40-50   4      0  0.00  0.00
50-60   1      0  0.00  0.00
50-60   2      0  0.00  0.00
50-60   3      0  0.00  0.00
50-60   4      0  0.00  0.00
60-70   1      0  0.00  0.00
60-70   2      0  0.00  0.00
60-70   3      0  0.00  0.00
60-70   4      0  0.00  0.00

  31                   : lake code
BONILLA                  1980                         
800917                 : date
FURUNO FM 22         1 : 1 = FURUNO FM 22  /  2 = SIMRAD
10                     : Sounder Gain
                                                  
                                                                                                              

depth / transect / targets / %sockeye / %stickleback

  2-5   1      0  0.00  0.00
  2-5   2      0  0.00  0.00
  2-5   3      0  0.00  0.00
  2-5   4      0  0.00  0.00
  3-5   1     15  0.00  1.00
  3-5   2     63  0.00  1.00
  3-5   3     16  0.00  1.00
  3-5   4      0  0.00  1.00
 5-10   1     21  0.00  1.00
 5-10   2     62  0.00  1.00
 5-10   3     37  0.00  1.00
 5-10   4      0  0.00  1.00
10-15   1      7  0.21  0.79
10-15   2     97  0.21  0.79
10-15   3     83  0.21  0.79
10-15   4      3  0.21  0.79
15-20   1     11  0.50  0.50
15-20   2    180  0.50  0.50
15-20   3    146  0.50  0.50
15-20   4      3  0.50  0.50
20-30   1      4  0.70  0.30
20-30   2     53  0.70  0.30
20-30   3     49  0.70  0.30
20-30   4      4  0.70  0.30
30-40   1      0  0.70  0.30
30-40   2      5  0.70  0.30
30-40   3      6  0.70  0.30
30-40   4      0  0.00  0.00
40-50   1      2  0.70  0.30
40-50   2      6  0.70  0.30
40-50   3      4  0.70  0.30
40-50   4      0  0.00  0.00

  28                   : lake code
CURTIS                          
800921                 : date
FURUNO FM 22         1 : 1 = FURUNO FM 22  /  2 = SIMRAD
10                     : Sounder Gain
                                                  
                                                                                                              

depth / transect / targets / %sockeye / %stickleback

  2-5   1      0  0.00  0.00
  2-5   2      0  0.00  0.00
  2-5   3      0  0.00  0.00
  2-5   4      0  0.00  0.00
  3-5   1     48  0.00  1.00
  3-5   2     78  0.00  1.00
  3-5   3     34  0.00  1.00
  3-5   4      3  0.00  1.00
 5-10   1     85  0.09  0.91
 5-10   2     41  0.09  0.91
 5-10   3      5  0.09  0.91
 5-10   4      8  0.09  0.92
10-15   1    293  0.23  0.77
10-15   2    160  0.23  0.77
10-15   3     40  0.23  0.77
10-15   4     18  0.23  0.77
15-20   1    142  0.88  0.12
15-20   2    220  0.88  0.12
15-20   3     45  0.88  0.12
15-20   4     60  0.88  0.12
20-30   1    156  0.89  0.11
20-30   2    119  0.89  0.11
20-30   3     43  0.89  0.11
20-30   4     53  0.89  0.11
30-40   1     10  0.89  0.11
30-40   2      1  0.89  0.11
30-40   3     10  0.89  0.11
30-40   4     10  0.89  0.11
40-50   1      7  0.89  0.11
40-50   2      3  0.89  0.11
40-50   3      0  0.89  0.11
40-50   4      0  0.00  0.00
50-60   1      0  0.00  0.00
50-60   2      0  0.00  0.00
50-60   3      0  0.00  0.00
50-60   4      0  0.00  0.00
60-70   1      0  0.00  0.00
60-70   2      0  0.00  0.00
60-70   3      0  0.00  0.00
60-70   4      0  0.00  0.00

  29                   : lake code
DEVON                                               
800920                 : date
FURUNO   FM 22       2 : 1 = FURUNO FM 22  /  2 = SIMRAD
10                     : Sounder Gain
                                                  
                                                                                                              

depth / transect / targets / %sockeye / %stickleback

  2-5   1      0  0.00  0.00
  2-5   2      0  0.00  0.00
  2-5   3      0  0.00  0.00
  2-5   4      0  0.00  0.00
  2-5   5      0  0.00  0.00
  2-5   6      0  0.00  0.00
  2-5   7      0  0.00  0.00
  3-5   1     10  0.00  1.00
  3-5   2     58  0.00  1.00
  3-5   3     39  0.00  1.00
  3-5   4     70  0.00  1.00
  3-5   5      0  0.00  0.00
  3-5   6      0  0.00  0.00
  3-5   7      0  0.00  0.00
 5-10   1      2  0.05  0.95
 5-10   2     54  0.05  0.95
 5-10   3     29  0.05  0.95
 5-10   4     50  0.05  0.95
 5-10   5      0  0.00  0.00
 5-10   6      0  0.00  0.00
 5-10   7      0  0.00  0.00
10-15   1      2  0.09  0.91
10-15   2     12  0.09  0.91
10-15   3     11  0.09  0.91
10-15   4     49  0.09  0.91
10-15   5      0  0.00  0.00
10-15   6      0  0.00  0.00
10-15   7      0  0.00  0.00
15-20   1      0  0.08  0.92
15-20   2      8  0.08  0.92
15-20   3      3  0.08  0.92
15-20   4     60  0.08  0.92
15-20   5      0  0.00  0.00
15-20   6      0  0.00  0.00
15-20   7      0  0.00  0.00
20-30   1      0  0.06  0.94
20-30   2     29  0.06  0.94
20-30   3      9  0.06  0.94
20-30   4     15  0.06  0.94
20-30   5      0  0.00  0.00
20-30   6      0  0.00  0.00
20-30   7      0  0.00  0.00
30-40   1      0  0.05  0.95
30-40   2      6  0.05  0.95
30-40   3      6  0.05  0.95
30-40   4      3  0.05  0.95
30-40   5      0  0.00  0.00
30-40   6      0  0.00  0.00
30-40   7      0  0.00  0.00
40-50   1      0  0.05  0.95
40-50   2      0  0.00  0.00
40-50   3      1  0.05  0.95
40-50   4      4  0.05  0.95
40-50   5      0  0.00  0.00
40-50   6      0  0.00  0.00
40-50   7      0  0.00  0.00
50-60   1      0  0.00  0.00
50-60   2      0  0.00  0.00
50-60   3      0  0.00  0.00
50-60   4      0  0.00  0.00
50-60   5      0  0.00  0.00
50-60   6      0  0.00  0.00
50-60   7      0  0.00  0.00
60-70   1      0  0.00  0.00
60-70   2      0  0.00  0.00
60-70   3      0  0.00  0.00
60-70   4      0  0.00  0.00
60-70   5      0  0.00  0.00
60-70   6      0  0.00  0.00
60-70   7      0  0.00  0.00

  25                   : lake code
EDEN                             
800729                 : date
FURUNO FM 22         1 : 1 = FURUNO FM 22  /  2 = SIMRAD
10                     : Sounder Gain
                                                  
                                                                                                              

depth / transect / targets / %sockeye / %stickleback

  2-5   1      1  0.98  0.02
  2-5   2      0  0.98  0.02
  2-5   3      5  0.98  0.02
  2-5   4      1  0.98  0.02
  3-5   1      0  0.00  0.00
  3-5   2      0  0.00  0.00
  3-5   3      0  0.00  0.00
  3-5   4      0  0.00  0.00
 5-10   1      3  0.96  0.04
 5-10   2     27  0.96  0.04
 5-10   3     47  0.96  0.04
 5-10   4     31  0.96  0.04
10-15   1      1  1.00  0.00
10-15   2      6  1.00  0.00
10-15   3     18  1.00  0.00
10-15   4      6  1.00  0.00
15-20   1      1  1.00  0.00
15-20   2      0  1.00  0.00
15-20   3      0  1.00  0.00
15-20   4      1  1.00  0.00
20-30   1     25  1.00  0.00
20-30   2      6  1.00  0.00
20-30   3      3  1.00  0.00
20-30   4      0  1.00  0.00
30-40   1      7  1.00  0.00
30-40   2      7  1.00  0.00
30-40   3      2  1.00  0.00
30-40   4      0  0.00  0.00
40-50   1      0  0.00  0.00
40-50   2      4  1.00  0.00
40-50   3      0  1.00  0.00
40-50   4      0  0.00  0.00
50-60   1      0  0.00  0.00
50-60   2      0  0.00  0.00
50-60   3      0  0.00  0.00
50-60   4      0  0.00  0.00
60-70   1      0  0.00  0.00
60-70   2      0  0.00  0.00
60-70   3      0  0.00  0.00
60-70   4      0  0.00  0.00

   1                   : lake code
GCL                 
800827                 : date
FURUNO FM 22         1 : 1 = FURUNO FM 22  /  2 = SIMRAD
10                     : Sounder Gain
                                                  
                                                                                                              

depth / transect / targets / %sockeye / %stickleback

  2-5   1      0  0.00  0.00
  2-5   2      0  0.00  0.00
  2-5   3      0  0.00  0.00
  2-5   4      0  0.00  0.00
  2-5   5      0  0.00  0.00
  2-5   6      0  0.00  0.00
  3-5   1      1  0.00  1.00
  3-5   2      2  0.00  1.00
  3-5   3      3  0.00  1.00
  3-5   4      2  0.00  1.00
  3-5   5      7  0.00  1.00
  3-5   6      2  0.00  1.00
 5-10   1      3  0.00  1.00
 5-10   2     16  0.00  1.00
 5-10   3     34  0.00  1.00
 5-10   4     29  0.00  1.00
 5-10   5     26  0.00  1.00
 5-10   6      8  0.00  1.00
10-15   1    430  0.83  0.17
10-15   2   1085  0.83  0.17
10-15   3    857  0.83  0.17
10-15   4    897  0.83  0.17
10-15   5    334  0.83  0.17
10-15   6     94  0.83  0.17
15-20   1    529  1.00  0.00
15-20   2    932  1.00  0.00
15-20   3    824  1.00  0.00
15-20   4    352  1.00  0.00
15-20   5    533  1.00  0.00
15-20   6     32  1.00  0.00
20-30   1     79  1.00  0.00
20-30   2    152  1.00  0.00
20-30   3    167  1.00  0.00
20-30   4     54  1.00  0.00
20-30   5    248  1.00  0.00
20-30   6      4  1.00  0.00
30-40   1      7  1.00  0.00
30-40   2      6  1.00  0.00
30-40   3     11  1.00  0.00
30-40   4      3  1.00  0.00
30-40   5      7  1.00  0.00
30-40   6      0  1.00  0.00
40-50   1      6  1.00  0.00
40-50   2      0  1.00  0.00
40-50   3      4  1.00  0.00
40-50   4      4  1.00  0.00
40-50   5      6  1.00  0.00
40-50   6      0  1.00  0.00
50-60   1      0  0.00  0.00
50-60   2      0  0.00  0.00
50-60   3      0  0.00  0.00
50-60   4      0  0.00  0.00
50-60   5      0  0.00  0.00
50-60   6      0  0.00  0.00
60-70   1      0  0.00  0.00
60-70   2      0  0.00  0.00
60-70   3      0  0.00  0.00
60-70   4      0  0.00  0.00
60-70   5      0  0.00  0.00
60-70   6      0  0.00  0.00
70-80   1      0  0.00  0.00
70-80   2      0  0.00  0.00
70-80   3      0  0.00  0.00
70-80   4      0  0.00  0.00
70-80   5      0  0.00  0.00
70-80   6      0  0.00  0.00
80-90   1      0  0.00  0.00
80-90   2      0  0.00  0.00
80-90   3      0  0.00  0.00
80-90   4      0  0.00  0.00
80-90   5      0  0.00  0.00
80-90   6      0  0.00  0.00
90-100  1      0  0.00  0.00
90-100  2      0  0.00  0.00
90-100  3      0  0.00  0.00
90-100  4      0  0.00  0.00
90-100  5      0  0.00  0.00
90-100  6      0  0.00  0.00

   1                   : lake code
GCL                 NIGHT SURVEY
801127                 : date
FURUNO FM 22         1 : 1 = FURUNO FM 22  /  2 = SIMRAD
10   : Sounder Gain    : Sounder Gain
ESTIMATE DBASED ON TR #1,4&6 ONLY
                                                                                                              

depth / transect / targets / %sockeye / %stickleback

  2-5   1      4  1.00  0.00
  2-5   2      0  0.00  0.00
  2-5   3      0  0.00  0.00
  2-5   4      0  1.00  0.00
  2-5   5      0  0.00  0.00
  2-5   6     16  1.00  0.00
  3-5   1      0  0.00  0.00
  3-5   2      0  0.00  0.00
  3-5   3      0  0.00  0.00
  3-5   4      0  0.00  0.00
  3-5   5      0  0.00  0.00
  3-5   6      0  0.00  0.00
 5-10   1      2  1.00  0.00
 5-10   2      0  0.00  0.00
 5-10   3      0  0.00  0.00
 5-10   4      0  1.00  0.00
 5-10   5      0  0.00  0.00
 5-10   6      0  1.00  0.00
10-15   1     13  1.00  0.00
10-15   2      0  0.00  0.00
10-15   3      0  0.00  0.00
10-15   4      5  1.00  0.00
10-15   5      0  0.00  0.00
10-15   6      7  1.00  0.00
15-20   1     39  1.00  0.00
15-20   2      0  0.00  0.00
15-20   3      0  0.00  0.00
15-20   4     14  1.00  0.00
15-20   5      0  0.00  0.00
15-20   6     65  1.00  0.00
20-30   1    279  1.00  0.00
20-30   2      0  0.00  0.00
20-30   3      0  0.00  0.00
20-30   4    164  1.00  0.00
20-30   5      0  0.00  0.00
20-30   6    229  1.00  0.00
30-40   1    763  1.00  0.00
30-40   2      0  0.00  0.00
30-40   3      0  0.00  0.00
30-40   4    619  1.00  0.00
30-40   5      0  0.00  0.00
30-40   6    236  1.00  0.00
40-50   1    257  1.00  0.00
40-50   2      0  0.00  0.00
40-50   3      0  0.00  0.00
40-50   4    575  1.00  0.00
40-50   5      0  0.00  0.00
40-50   6     44  1.00  0.00
50-60   1     93  1.00  0.00
50-60   2      0  0.00  0.00
50-60   3      0  0.00  0.00
50-60   4    108  1.00  0.00
50-60   5      0  0.00  0.00
50-60   6      0  1.00  0.00
60-70   1      0  0.00  0.00
60-70   2      0  0.00  0.00
60-70   3      0  0.00  0.00
60-70   4      0  0.00  0.00
60-70   5      0  0.00  0.00
60-70   6      0  0.00  0.00
70-80   1      0  0.00  0.00
70-80   2      0  0.00  0.00
70-80   3      0  0.00  0.00
70-80   4      0  0.00  0.00
70-80   5      0  0.00  0.00
70-80   6      0  0.00  0.00
80-90   1      0  0.00  0.00
80-90   2      0  0.00  0.00
80-90   3      0  0.00  0.00
80-90   4      0  0.00  0.00
80-90   5      0  0.00  0.00
80-90   6      0  0.00  0.00
90-100  1      0  0.00  0.00
90-100  2      0  0.00  0.00
90-100  3      0  0.00  0.00
90-100  4      0  0.00  0.00
90-100  5      0  0.00  0.00
90-100  6      0  0.00  0.00

   3                   : lake code
HENDERSON                1980 NIGHT SURVEY          
800811                 : date
FURUNO FM 22         1 : 1 = FURUNO FM 22  /  2 = SIMRAD
10                     : Sounder Gain
                                                  
                                                                                                              

depth / transect / targets / %sockeye / %stickleback

  2-5   1      0  0.00  1.00
  2-5   2      0  0.00  1.00
  2-5   3      0  0.00  1.00
  2-5   4      0  0.00  1.00
  2-5   5      0  0.00  1.00
  2-5   6      0  0.00  1.00
  2-5   7      0  0.00  1.00
  2-5   8      0  0.00  0.00
  2-5   9      0  0.00  0.00
  2-5  10      0  0.00  0.00
  2-5  11      0  0.00  0.00
  2-5  12      0  0.00  0.00
  2-5  13      0  0.00  0.00
  2-5  14      0  0.00  0.00
  2-5  15      0  0.00  0.00
  2-5  16      0  0.00  0.00
  2-5  17      0  0.00  0.00
  2-5  18      0  0.00  0.00
  3-5   1      0  0.00  0.00
  3-5   2      0  0.00  0.00
  3-5   3      0  0.00  0.00
  3-5   4      0  0.00  0.00
  3-5   5      0  0.00  0.00
  3-5   6      0  0.00  0.00
  3-5   7      0  0.00  0.00
  3-5   8      0  0.00  0.00
  3-5   9      0  0.00  0.00
  3-5  10      0  0.00  0.00
  3-5  11      0  0.00  0.00
  3-5  12      0  0.00  0.00
  3-5  13      0  0.00  0.00
  3-5  14      0  0.00  0.00
  3-5  15      0  0.00  0.00
  3-5  16      0  0.00  0.00
  3-5  17      0  0.00  0.00
  3-5  18      0  0.00  0.00
 5-10   1      5  0.00  1.00
 5-10   2     10  0.00  1.00
 5-10   3      5  0.00  1.00
 5-10   4     12  0.00  1.00
 5-10   5     14  0.00  1.00
 5-10   6      0  0.00  1.00
 5-10   7      8  0.00  1.00
 5-10   8      0  0.00  0.00
 5-10   9      0  0.00  0.00
 5-10  10      0  0.00  0.00
 5-10  11      0  0.00  0.00
 5-10  12      0  0.00  0.00
 5-10  13      0  0.00  0.00
 5-10  14      0  0.00  0.00
 5-10  15      0  0.00  0.00
 5-10  16      0  0.00  0.00
 5-10  17      0  0.00  0.00
 5-10  18      0  0.00  0.00
10-15   1     98  0.70  0.30
10-15   2    117  0.50  0.50
10-15   3     62  0.00  1.00
10-15   4     21  0.00  1.00
10-15   5     12  0.00  1.00
10-15   6     41  0.00  1.00
10-15   7    129  0.00  1.00
10-15   8      0  0.00  0.00
10-15   9      0  0.00  0.00
10-15  10      0  0.00  0.00
10-15  11      0  0.00  0.00
10-15  12      0  0.00  0.00
10-15  13      0  0.00  0.00
10-15  14      0  0.00  0.00
10-15  15      0  0.00  0.00
10-15  16      0  0.00  0.00
10-15  17      0  0.00  0.00
10-15  18      0  0.00  0.00
15-20   1    197  1.00  0.00
15-20   2    287  1.00  0.00
15-20   3    325  1.00  0.00
15-20   4    362  1.00  0.00
15-20   5    462  0.90  0.10
15-20   6    309  0.90  0.10
15-20   7     15  0.90  0.10
15-20   8      0  0.00  0.00
15-20   9      0  0.00  0.00
15-20  10      0  0.00  0.00
15-20  11      0  0.00  0.00
15-20  12      0  0.00  0.00
15-20  13      0  0.00  0.00
15-20  14      0  0.00  0.00
15-20  15      0  0.00  0.00
15-20  16      0  0.00  0.00
15-20  17      0  0.00  0.00
15-20  18      0  0.00  0.00
20-30   1      3  1.00  0.00
20-30   2      3  1.00  0.00
20-30   3     17  1.00  0.00
20-30   4     15  1.00  0.00
20-30   5     31  1.00  0.00
20-30   6     32  1.00  0.00
20-30   7      0  1.00  0.00
20-30   8      0  0.00  0.00
20-30   9      0  0.00  0.00
20-30  10      0  0.00  0.00
20-30  11      0  0.00  0.00
20-30  12      0  0.00  0.00
20-30  13      0  0.00  0.00
20-30  14      0  0.00  0.00
20-30  15      0  0.00  0.00
20-30  16      0  0.00  0.00
20-30  17      0  0.00  0.00
20-30  18      0  0.00  0.00
30-40   1      0  0.00  0.00
30-40   2      0  0.00  0.00
30-40   3      0  0.00  0.00
30-40   4      0  0.00  0.00
30-40   5      0  0.00  0.00
30-40   6      0  0.00  0.00
30-40   7      0  0.00  0.00
30-40   8      0  0.00  0.00
30-40   9      0  0.00  0.00
30-40  10      0  0.00  0.00
30-40  11      0  0.00  0.00
30-40  12      0  0.00  0.00
30-40  13      0  0.00  0.00
30-40  14      0  0.00  0.00
30-40  15      0  0.00  0.00
30-40  16      0  0.00  0.00
30-40  17      0  0.00  0.00
30-40  18      0  0.00  0.00
40-50   1      0  0.00  0.00
40-50   2      0  0.00  0.00
40-50   3      0  0.00  0.00
40-50   4      0  0.00  0.00
40-50   5      0  0.00  0.00
40-50   6      0  0.00  0.00
40-50   7      0  0.00  0.00
40-50   8      0  0.00  0.00
40-50   9      0  0.00  0.00
40-50  10      0  0.00  0.00
40-50  11      0  0.00  0.00
40-50  12      0  0.00  0.00
40-50  13      0  0.00  0.00
40-50  14      0  0.00  0.00
40-50  15      0  0.00  0.00
40-50  16      0  0.00  0.00
40-50  17      0  0.00  0.00
40-50  18      0  0.00  0.00
50-60   1      0  0.00  0.00
50-60   2      0  0.00  0.00
50-60   3      0  0.00  0.00
50-60   4      0  0.00  0.00
50-60   5      0  0.00  0.00
50-60   6      0  0.00  0.00
50-60   7      0  0.00  0.00
50-60   8      0  0.00  0.00
50-60   9      0  0.00  0.00
50-60  10      0  0.00  0.00
50-60  11      0  0.00  0.00
50-60  12      0  0.00  0.00
50-60  13      0  0.00  0.00
50-60  14      0  0.00  0.00
50-60  15      0  0.00  0.00
50-60  16      0  0.00  0.00
50-60  17      0  0.00  0.00
50-60  18      0  0.00  0.00
60-70   1      0  0.00  0.00
60-70   2      0  0.00  0.00
60-70   3      0  0.00  0.00
60-70   4      0  0.00  0.00
60-70   5      0  0.00  0.00
60-70   6      0  0.00  0.00
60-70   7      0  0.00  0.00
60-70   8      0  0.00  0.00
60-70   9      0  0.00  0.00
60-70  10      0  0.00  0.00
60-70  11      0  0.00  0.00
60-70  12      0  0.00  0.00
60-70  13      0  0.00  0.00
60-70  14      0  0.00  0.00
60-70  15      0  0.00  0.00
60-70  16      0  0.00  0.00
60-70  17      0  0.00  0.00
60-70  18      0  0.00  0.00

   3                   : lake code
HENDERSON                20-21, 1980 NIGHT SURVEY       
801020                 : date
FURUNO FM 22         1 : 1 = FURUNO FM 22  /  2 = SIMRAD
10                     : Sounder Gain
                                                  
                                                                                                              

depth / transect / targets / %sockeye / %stickleback

  2-5   1      0  0.00  0.00
  2-5   2      0  0.00  0.00
  2-5   3      0  0.00  0.00
  2-5   4      0  0.00  0.00
  2-5   5      0  0.00  0.00
  2-5   6      0  0.00  0.00
  2-5   7      0  0.00  0.00
  2-5   8      0  0.00  0.00
  2-5   9      0  0.00  0.00
  2-5  10      0  0.00  0.00
  2-5  11      0  0.00  0.00
  2-5  12      0  0.00  0.00
  2-5  13      0  0.00  0.00
  2-5  14      0  0.00  0.00
  2-5  15      0  0.00  0.00
  2-5  16      0  0.00  0.00
  2-5  17      0  0.00  0.00
  2-5  18      0  0.00  0.00
  3-5   1      3  0.00  1.00
  3-5   2      3  0.00  1.00
  3-5   3      2  0.00  1.00
  3-5   4      0  0.00  1.00
  3-5   5      1  0.00  1.00
  3-5   6      1  0.00  1.00
  3-5   7      0  0.00  1.00
  3-5   8      0  0.00  0.00
  3-5   9      0  0.00  0.00
  3-5  10      0  0.00  0.00
  3-5  11      0  0.00  0.00
  3-5  12      0  0.00  0.00
  3-5  13      0  0.00  0.00
  3-5  14      0  0.00  0.00
  3-5  15      0  0.00  0.00
  3-5  16      0  0.00  0.00
  3-5  17      0  0.00  0.00
  3-5  18      0  0.00  0.00
 5-10   1      4  0.00  1.00
 5-10   2     16  0.00  1.00
 5-10   3      2  0.00  1.00
 5-10   4      4  0.00  1.00
 5-10   5      3  0.00  1.00
 5-10   6      3  0.00  1.00
 5-10   7      0  0.00  1.00
 5-10   8      0  0.00  0.00
 5-10   9      0  0.00  0.00
 5-10  10      0  0.00  0.00
 5-10  11      0  0.00  0.00
 5-10  12      0  0.00  0.00
 5-10  13      0  0.00  0.00
 5-10  14      0  0.00  0.00
 5-10  15      0  0.00  0.00
 5-10  16      0  0.00  0.00
 5-10  17      0  0.00  0.00
 5-10  18      0  0.00  0.00
10-15   1     16  0.00  1.00
10-15   2     81  0.00  1.00
10-15   3     46  0.00  1.00
10-15   4     65  0.00  1.00
10-15   5     23  0.00  1.00
10-15   6      0  0.00  1.00
10-15   7      0  0.00  1.00
10-15   8      0  0.00  0.00
10-15   9      0  0.00  0.00
10-15  10      0  0.00  0.00
10-15  11      0  0.00  0.00
10-15  12      0  0.00  0.00
10-15  13      0  0.00  0.00
10-15  14      0  0.00  0.00
10-15  15      0  0.00  0.00
10-15  16      0  0.00  0.00
10-15  17      0  0.00  0.00
10-15  18      0  0.00  0.00
15-20   1     49  0.00  1.00
15-20   2     74  0.00  1.00
15-20   3    138  0.00  1.00
15-20   4     46  0.00  1.00
15-20   5     29  0.00  1.00
15-20   6     15  0.00  1.00
15-20   7      2  0.00  1.00
15-20   8      0  0.00  0.00
15-20   9      0  0.00  0.00
15-20  10      0  0.00  0.00
15-20  11      0  0.00  0.00
15-20  12      0  0.00  0.00
15-20  13      0  0.00  0.00
15-20  14      0  0.00  0.00
15-20  15      0  0.00  0.00
15-20  16      0  0.00  0.00
15-20  17      0  0.00  0.00
15-20  18      0  0.00  0.00
20-30   1     36  0.13  0.87
20-30   2     78  0.13  0.87
20-30   3    113  0.13  0.87
20-30   4    143  0.13  0.87
20-30   5    141  0.13  0.87
20-30   6    391  0.13  0.87
20-30   7      2  0.13  0.87
20-30   8      0  0.00  0.00
20-30   9      0  0.00  0.00
20-30  10      0  0.00  0.00
20-30  11      0  0.00  0.00
20-30  12      0  0.00  0.00
20-30  13      0  0.00  0.00
20-30  14      0  0.00  0.00
20-30  15      0  0.00  0.00
20-30  16      0  0.00  0.00
20-30  17      0  0.00  0.00
20-30  18      0  0.00  0.00
30-40   1     44  0.67  0.33
30-40   2     42  0.67  0.33
30-40   3     81  0.67  0.33
30-40   4    203  0.67  0.33
30-40   5    427  0.67  0.33
30-40   6    839  0.67  0.33
30-40   7    207  0.67  0.33
30-40   8      0  0.00  0.00
30-40   9      0  0.00  0.00
30-40  10      0  0.00  0.00
30-40  11      0  0.00  0.00
30-40  12      0  0.00  0.00
30-40  13      0  0.00  0.00
30-40  14      0  0.00  0.00
30-40  15      0  0.00  0.00
30-40  16      0  0.00  0.00
30-40  17      0  0.00  0.00
30-40  18      0  0.00  0.00
40-50   1     38  1.00  0.00
40-50   2     43  1.00  0.00
40-50   3     68  1.00  0.00
40-50   4    203  1.00  0.00
40-50   5    367  1.00  0.00
40-50   6    881  1.00  0.00
40-50   7    898  1.00  0.00
40-50   8      0  0.00  0.00
40-50   9      0  0.00  0.00
40-50  10      0  0.00  0.00
40-50  11      0  0.00  0.00
40-50  12      0  0.00  0.00
40-50  13      0  0.00  0.00
40-50  14      0  0.00  0.00
40-50  15      0  0.00  0.00
40-50  16      0  0.00  0.00
40-50  17      0  0.00  0.00
40-50  18      0  0.00  0.00
50-60   1     15  1.00  0.00
50-60   2     10  1.00  0.00
50-60   3     13  1.00  0.00
50-60   4     28  1.00  0.00
50-60   5     32  1.00  0.00
50-60   6     78  1.00  0.00
50-60   7    581  1.00  0.00
50-60   8      0  0.00  0.00
50-60   9      0  0.00  0.00
50-60  10      0  0.00  0.00
50-60  11      0  0.00  0.00
50-60  12      0  0.00  0.00
50-60  13      0  0.00  0.00
50-60  14      0  0.00  0.00
50-60  15      0  0.00  0.00
50-60  16      0  0.00  0.00
50-60  17      0  0.00  0.00
50-60  18      0  0.00  0.00
60-70   1      0  0.00  0.00
60-70   2      0  0.00  0.00
60-70   3      0  0.00  0.00
60-70   4      0  0.00  0.00
60-70   5      0  0.00  0.00
60-70   6      0  0.00  0.00
60-70   7      0  0.00  0.00
60-70   8      0  0.00  0.00
60-70   9      0  0.00  0.00
60-70  10      0  0.00  0.00
60-70  11      0  0.00  0.00
60-70  12      0  0.00  0.00
60-70  13      0  0.00  0.00
60-70  14      0  0.00  0.00
60-70  15      0  0.00  0.00
60-70  16      0  0.00  0.00
60-70  17      0  0.00  0.00
60-70  18      0  0.00  0.00

   6                   : lake code
HOBITON             
800912                 : date
FURUNO FM 22         1 : 1 = FURUNO FM 22  /  2 = SIMRAD
10   : Sounder Gain    : Sounder Gain
NO TRAWL DATA
                                                                                                              

depth / transect / targets / %sockeye / %stickleback

  2-5   1      0  1.00  0.00
  2-5   2      0  1.00  0.00
  2-5   3      0  1.00  0.00
  2-5   4      0  1.00  0.00
  2-5   5      0  1.00  0.00
  2-5   6      0  0.00  0.00
  2-5   7      0  0.00  0.00
  2-5   8      0  0.00  0.00
  2-5   9      0  0.00  0.00
  2-5  10      0  0.00  0.00
  2-5  11      0  0.00  0.00
  3-5   1      0  0.00  0.00
  3-5   2      0  0.00  0.00
  3-5   3      0  0.00  0.00
  3-5   4      0  0.00  0.00
  3-5   5      0  0.00  0.00
  3-5   6      0  0.00  0.00
  3-5   7      0  0.00  0.00
  3-5   8      0  0.00  0.00
  3-5   9      0  0.00  0.00
  3-5  10      0  0.00  0.00
  3-5  11      0  0.00  0.00
 5-10   1      1  1.00  0.00
 5-10   2      0  1.00  0.00
 5-10   3      0  1.00  0.00
 5-10   4     27  1.00  0.00
 5-10   5      5  1.00  0.00
 5-10   6      0  0.00  0.00
 5-10   7      0  0.00  0.00
 5-10   8      0  0.00  0.00
 5-10   9      0  0.00  0.00
 5-10  10      0  0.00  0.00
 5-10  11      0  0.00  0.00
10-15   1     24  1.00  0.00
10-15   2     20  1.00  0.00
10-15   3     73  1.00  0.00
10-15   4     64  1.00  0.00
10-15   5      2  1.00  0.00
10-15   6      0  0.00  0.00
10-15   7      0  0.00  0.00
10-15   8      0  0.00  0.00
10-15   9      0  0.00  0.00
10-15  10      0  0.00  0.00
10-15  11      0  0.00  0.00
15-20   1     11  1.00  0.00
15-20   2      8  1.00  0.00
15-20   3     23  1.00  0.00
15-20   4     29  1.00  0.00
15-20   5     18  1.00  0.00
15-20   6      0  0.00  0.00
15-20   7      0  0.00  0.00
15-20   8      0  0.00  0.00
15-20   9      0  0.00  0.00
15-20  10      0  0.00  0.00
15-20  11      0  0.00  0.00
20-30   1     23  1.00  0.00
20-30   2      4  1.00  0.00
20-30   3     28  1.00  0.00
20-30   4     47  1.00  0.00
20-30   5     28  1.00  0.00
20-30   6      0  0.00  0.00
20-30   7      0  0.00  0.00
20-30   8      0  0.00  0.00
20-30   9      0  0.00  0.00
20-30  10      0  0.00  0.00
20-30  11      0  0.00  0.00
30-40   1      3  1.00  0.00
30-40   2      2  1.00  0.00
30-40   3      1  1.00  0.00
30-40   4     28  1.00  0.00
30-40   5      8  1.00  0.00
30-40   6      0  0.00  0.00
30-40   7      0  0.00  0.00
30-40   8      0  0.00  0.00
30-40   9      0  0.00  0.00
30-40  10      0  0.00  0.00
30-40  11      0  0.00  0.00
40-50   1      0  0.00  0.00
40-50   2      0  1.00  0.00
40-50   3      0  1.00  0.00
40-50   4     10  1.00  0.00
40-50   5      3  1.00  0.00
40-50   6      0  0.00  0.00
40-50   7      0  0.00  0.00
40-50   8      0  0.00  0.00
40-50   9      0  0.00  0.00
40-50  10      0  0.00  0.00
40-50  11      0  0.00  0.00
50-60   1      0  0.00  0.00
50-60   2      0  0.00  0.00
50-60   3      0  0.00  0.00
50-60   4      0  0.00  0.00
50-60   5      0  0.00  0.00
50-60   6      0  0.00  0.00
50-60   7      0  0.00  0.00
50-60   8      0  0.00  0.00
50-60   9      0  0.00  0.00
50-60  10      0  0.00  0.00
50-60  11      0  0.00  0.00

   6                   : lake code
HOBITON             
810224                 : date
FURUNO FM 22         1 : 1 = FURUNO FM 22  /  2 = SIMRAD
10   : Sounder Gain    : Sounder Gain
NO TRAWL DATA
                                                                                                              

depth / transect / targets / %sockeye / %stickleback

  2-5   1      4  1.00  0.00
  2-5   2      6  1.00  0.00
  2-5   3      6  1.00  0.00
  2-5   4      5  1.00  0.00
  2-5   5      7  1.00  0.00
  2-5   6      0  0.00  0.00
  2-5   7      0  0.00  0.00
  2-5   8      0  0.00  0.00
  2-5   9      0  0.00  0.00
  2-5  10      0  0.00  0.00
  2-5  11      0  0.00  0.00
  3-5   1      0  0.00  0.00
  3-5   2      0  0.00  0.00
  3-5   3      0  0.00  0.00
  3-5   4      0  0.00  0.00
  3-5   5      0  0.00  0.00
  3-5   6      0  0.00  0.00
  3-5   7      0  0.00  0.00
  3-5   8      0  0.00  0.00
  3-5   9      0  0.00  0.00
  3-5  10      0  0.00  0.00
  3-5  11      0  0.00  0.00
 5-10   1      2  1.00  0.00
 5-10   2      5  1.00  0.00
 5-10   3      5  1.00  0.00
 5-10   4      6  1.00  0.00
 5-10   5      2  1.00  0.00
 5-10   6      0  0.00  0.00
 5-10   7      0  0.00  0.00
 5-10   8      0  0.00  0.00
 5-10   9      0  0.00  0.00
 5-10  10      0  0.00  0.00
 5-10  11      0  0.00  0.00
10-15   1      0  1.00  0.00
10-15   2      1  1.00  0.00
10-15   3      2  1.00  0.00
10-15   4      6  1.00  0.00
10-15   5      1  1.00  0.00
10-15   6      0  0.00  0.00
10-15   7      0  0.00  0.00
10-15   8      0  0.00  0.00
10-15   9      0  0.00  0.00
10-15  10      0  0.00  0.00
10-15  11      0  0.00  0.00
15-20   1      0  1.00  0.00
15-20   2      1  1.00  0.00
15-20   3      9  1.00  0.00
15-20   4      7  1.00  0.00
15-20   5      4  1.00  0.00
15-20   6      0  0.00  0.00
15-20   7      0  0.00  0.00
15-20   8      0  0.00  0.00
15-20   9      0  0.00  0.00
15-20  10      0  0.00  0.00
15-20  11      0  0.00  0.00
20-30   1      6  1.00  0.00
20-30   2      3  1.00  0.00
20-30   3      9  1.00  0.00
20-30   4     13  1.00  0.00
20-30   5     12  1.00  0.00
20-30   6      0  0.00  0.00
20-30   7      0  0.00  0.00
20-30   8      0  0.00  0.00
20-30   9      0  0.00  0.00
20-30  10      0  0.00  0.00
20-30  11      0  0.00  0.00
30-40   1      2  1.00  0.00
30-40   2      2  1.00  0.00
30-40   3      9  1.00  0.00
30-40   4      9  1.00  0.00
30-40   5     11  1.00  0.00
30-40   6      0  0.00  0.00
30-40   7      0  0.00  0.00
30-40   8      0  0.00  0.00
30-40   9      0  0.00  0.00
30-40  10      0  0.00  0.00
30-40  11      0  0.00  0.00
40-50   1      0  0.00  0.00
40-50   2      1  1.00  0.00
40-50   3      1  1.00  0.00
40-50   4      2  1.00  0.00
40-50   5      2  1.00  0.00
40-50   6      0  0.00  0.00
40-50   7      0  0.00  0.00
40-50   8      0  0.00  0.00
40-50   9      0  0.00  0.00
40-50  10      0  0.00  0.00
40-50  11      0  0.00  0.00
50-60   1      0  0.00  0.00
50-60   2      0  0.00  0.00
50-60   3      0  0.00  0.00
50-60   4      0  0.00  0.00
50-60   5      0  0.00  0.00
50-60   6      0  0.00  0.00
50-60   7      0  0.00  0.00
50-60   8      0  0.00  0.00
50-60   9      0  0.00  0.00
50-60  10      0  0.00  0.00
50-60  11      0  0.00  0.00

  26                   : lake code
IAN                              
800724                 : date
FURUNO FM22          2 : 1 = FURUNO FM 22  /  2 = SIMRAD
10                     : Sounder Gain
                                                 
                                                                                                              

depth / transect / targets / %sockeye / %stickleback

  2-5   1      0  0.00  0.00
  2-5   2      0  0.00  0.00
  2-5   3      0  0.00  0.00
  2-5   4      0  0.00  0.00
  2-5   5      0  0.00  0.00
  2-5   6      0  0.00  0.00
  2-5   7      0  0.00  0.00
  2-5   8      0  0.00  0.00
  2-5   9      0  0.00  0.00
  3-5   1      0  0.59  0.41
  3-5   2      1  0.59  0.41
  3-5   3      0  0.59  0.41
  3-5   4      0  0.59  0.41
  3-5   5      2  0.59  0.41
  3-5   6      0  0.59  0.41
  3-5   7      1  0.59  0.41
  3-5   8      0  0.00  0.00
  3-5   9      0  0.00  0.00
 5-10   1      3  0.71  0.29
 5-10   2      3  0.71  0.29
 5-10   3      4  0.71  0.29
 5-10   4      1  0.71  0.29
 5-10   5     10  0.71  0.29
 5-10   6     18  0.71  0.29
 5-10   7      9  0.71  0.29
 5-10   8      0  0.00  0.00
 5-10   9      0  0.00  0.00
10-15   1      7  0.89  0.11
10-15   2     15  0.89  0.11
10-15   3     17  0.89  0.11
10-15   4     24  0.89  0.11
10-15   5     61  0.89  0.11
10-15   6     49  0.89  0.11
10-15   7      8  0.89  0.11
10-15   8      0  0.00  0.00
10-15   9      0  0.00  0.00
15-20   1      1  0.89  0.11
15-20   2      1  0.89  0.11
15-20   3      0  0.89  0.11
15-20   4      3  0.89  0.11
15-20   5     16  0.89  0.11
15-20   6     28  0.89  0.11
15-20   7      0  0.00  0.00
15-20   8      0  0.00  0.00
15-20   9      0  0.00  0.00
20-30   1      0  0.89  0.11
20-30   2      2  0.89  0.11
20-30   3      0  0.89  0.11
20-30   4      1  0.89  0.11
20-30   5      0  0.89  0.11
20-30   6      1  0.89  0.11
20-30   7      0  0.00  0.00
20-30   8      0  0.00  0.00
20-30   9      0  0.00  0.00
30-40   1      0  0.00  0.00
30-40   2      2  0.89  0.11
30-40   3      0  0.00  0.00
30-40   4      1  0.89  0.11
30-40   5      1  0.89  0.11
30-40   6      4  0.89  0.11
30-40   7      0  0.00  0.00
30-40   8      0  0.00  0.00
30-40   9      0  0.00  0.00
40-50   1      0  0.00  0.00
40-50   2      0  0.89  0.11
40-50   3      0  0.00  0.00
40-50   4      1  0.89  0.11
40-50   5      5  0.89  0.11
40-50   6      7  0.89  0.11
40-50   7      0  0.00  0.00
40-50   8      0  0.00  0.00
40-50   9      0  0.00  0.00
50-60   1      0  0.00  0.00
50-60   2      0  0.00  0.00
50-60   3      0  0.00  0.00
50-60   4      0  0.00  0.00
50-60   5      0  0.00  0.00
50-60   6      0  0.00  0.00
50-60   7      0  0.00  0.00
50-60   8      0  0.00  0.00
50-60   9      0  0.00  0.00
60-70   1      0  0.00  0.00
60-70   2      0  0.00  0.00
60-70   3      0  0.00  0.00
60-70   4      0  0.00  0.00
60-70   5      0  0.00  0.00
60-70   6      0  0.00  0.00
60-70   7      0  0.00  0.00
60-70   8      0  0.00  0.00
60-70   9      0  0.00  0.00

  40                   : lake code
KCA                 
810204                 : date
FURUNO FM 22         1 : 1 = FURUNO FM 22  /  2 = SIMRAD
10                     : Sounder Gain
                                                  
                                                                                                              

depth / transect / targets / %sockeye / %stickleback

  2-5   1     10  0.00  1.00
  2-5   2     12  0.00  1.00
  2-5   3     17  0.00  1.00
  2-5   4      6  0.00  1.00
  2-5   5     44  0.00  1.00
  2-5   6     45  0.00  1.00
  2-5   7     11  0.00  1.00
  2-5   8      0  0.00  0.00
  2-5   9      0  0.00  0.00
  2-5  10      0  0.00  0.00
  2-5  11      0  0.00  0.00
  2-5  12      0  0.00  0.00
  2-5  13      0  0.00  0.00
  2-5  14      0  0.00  0.00
  2-5  15      0  0.00  0.00
  2-5  16      0  0.00  0.00
  3-5   1      0  0.00  0.00
  3-5   2      0  0.00  0.00
  3-5   3      0  0.00  0.00
  3-5   4      0  0.00  0.00
  3-5   5      0  0.00  0.00
  3-5   6      0  0.00  0.00
  3-5   7      0  0.00  0.00
  3-5   8      0  0.00  0.00
  3-5   9      0  0.00  0.00
  3-5  10      0  0.00  0.00
  3-5  11      0  0.00  0.00
  3-5  12      0  0.00  0.00
  3-5  13      0  0.00  0.00
  3-5  14      0  0.00  0.00
  3-5  15      0  0.00  0.00
  3-5  16      0  0.00  0.00
 5-10   1      4  0.00  1.00
 5-10   2      3  0.00  1.00
 5-10   3     18  0.00  1.00
 5-10   4      4  0.00  1.00
 5-10   5     20  0.00  1.00
 5-10   6      7  0.00  1.00
 5-10   7      2  0.00  1.00
 5-10   8      0  0.00  0.00
 5-10   9      0  0.00  0.00
 5-10  10      0  0.00  0.00
 5-10  11      0  0.00  0.00
 5-10  12      0  0.00  0.00
 5-10  13      0  0.00  0.00
 5-10  14      0  0.00  0.00
 5-10  15      0  0.00  0.00
 5-10  16      0  0.00  0.00
10-15   1     12  0.00  1.00
10-15   2     20  0.00  1.00
10-15   3     38  0.00  1.00
10-15   4     70  0.00  1.00
10-15   5     30  0.00  1.00
10-15   6     23  0.00  1.00
10-15   7      6  0.00  1.00
10-15   8      0  0.00  0.00
10-15   9      0  0.00  0.00
10-15  10      0  0.00  0.00
10-15  11      0  0.00  0.00
10-15  12      0  0.00  0.00
10-15  13      0  0.00  0.00
10-15  14      0  0.00  0.00
10-15  15      0  0.00  0.00
10-15  16      0  0.00  0.00
15-20   1     93  0.00  1.00
15-20   2    204  0.00  1.00
15-20   3    265  0.00  1.00
15-20   4    265  0.00  1.00
15-20   5    140  0.00  1.00
15-20   6     92  0.00  1.00
15-20   7     24  0.00  1.00
15-20   8      0  0.00  0.00
15-20   9      0  0.00  0.00
15-20  10      0  0.00  0.00
15-20  11      0  0.00  0.00
15-20  12      0  0.00  0.00
15-20  13      0  0.00  0.00
15-20  14      0  0.00  0.00
15-20  15      0  0.00  0.00
15-20  16      0  0.00  0.00
20-30   1    392  0.05  0.95
20-30   2    688  0.05  0.95
20-30   3    628  0.05  0.95
20-30   4    347  0.05  0.95
20-30   5    637  0.05  0.95
20-30   6    536  0.05  0.95
20-30   7    273  0.05  0.95
20-30   8      0  0.00  0.00
20-30   9      0  0.00  0.00
20-30  10      0  0.00  0.00
20-30  11      0  0.00  0.00
20-30  12      0  0.00  0.00
20-30  13      0  0.00  0.00
20-30  14      0  0.00  0.00
20-30  15      0  0.00  0.00
20-30  16      0  0.00  0.00
30-40   1    462  0.15  0.85
30-40   2   1263  0.15  0.85
30-40   3    761  0.15  0.85
30-40   4    357  0.15  0.85
30-40   5    764  0.15  0.85
30-40   6    479  0.15  0.85
30-40   7    372  0.15  0.85
30-40   8      0  0.00  0.00
30-40   9      0  0.00  0.00
30-40  10      0  0.00  0.00
30-40  11      0  0.00  0.00
30-40  12      0  0.00  0.00
30-40  13      0  0.00  0.00
30-40  14      0  0.00  0.00
30-40  15      0  0.00  0.00
30-40  16      0  0.00  0.00
40-50   1    267  0.44  0.56
40-50   2    849  0.44  0.56
40-50   3    507  0.44  0.56
40-50   4    205  0.44  0.56
40-50   5    436  0.44  0.56
40-50   6    309  0.44  0.56
40-50   7    228  0.44  0.56
40-50   8      0  0.00  0.00
40-50   9      0  0.00  0.00
40-50  10      0  0.00  0.00
40-50  11      0  0.00  0.00
40-50  12      0  0.00  0.00
40-50  13      0  0.00  0.00
40-50  14      0  0.00  0.00
40-50  15      0  0.00  0.00
40-50  16      0  0.00  0.00
50-60   1     63  1.00  0.00
50-60   2    325  1.00  0.00
50-60   3    127  1.00  0.00
50-60   4     58  1.00  0.00
50-60   5     65  1.00  0.00
50-60   6     75  1.00  0.00
50-60   7     45  1.00  0.00
50-60   8      0  0.00  0.00
50-60   9      0  0.00  0.00
50-60  10      0  0.00  0.00
50-60  11      0  0.00  0.00
50-60  12      0  0.00  0.00
50-60  13      0  0.00  0.00
50-60  14      0  0.00  0.00
50-60  15      0  0.00  0.00
50-60  16      0  0.00  0.00
60-70   1      0  1.00  0.00
60-70   2     12  1.00  0.00
60-70   3      4  1.00  0.00
60-70   4      0  1.00  0.00
60-70   5      0  1.00  0.00
60-70   6     12  1.00  0.00
60-70   7      8  1.00  0.00
60-70   8      0  0.00  0.00
60-70   9      0  0.00  0.00
60-70  10      0  0.00  0.00
60-70  11      0  0.00  0.00
60-70  12      0  0.00  0.00
60-70  13      0  0.00  0.00
60-70  14      0  0.00  0.00
60-70  15      0  0.00  0.00
60-70  16      0  0.00  0.00

  17                   : lake code
KITLOPE             NIGHT SURVEY
800924                 : date
FURUNO FM 22         1 : 1 = FURUNO FM 22  /  2 = SIMRAD
10   : Sounder Gain    : Sounder Gain

                                                                                                              

depth / transect / targets / %sockeye / %stickleback

  2-5   1      0  0.00  0.00
  2-5   2      0  0.00  0.00
  2-5   3      0  0.00  0.00
  2-5   4      0  0.00  0.00
  3-5   1      2  0.27  0.73
  3-5   2      0  0.27  0.73
  3-5   3      3  0.27  0.73
  3-5   4      0  0.27  0.73
 5-10   1      7  1.00  0.00
 5-10   2      1  1.00  0.00
 5-10   3      2  1.00  0.00
 5-10   4      1  1.00  0.00
10-15   1      1  1.00  0.00
10-15   2      0  1.00  0.00
10-15   3      0  1.00  0.00
10-15   4      0  1.00  0.00
15-20   1      2  1.00  0.00
15-20   2      2  1.00  0.00
15-20   3      0  1.00  0.00
15-20   4      3  1.00  0.00
20-30   1     20  1.00  0.00
20-30   2     10  1.00  0.00
20-30   3      4  1.00  0.00
20-30   4      6  1.00  0.00
30-40   1      9  1.00  0.00
30-40   2     18  1.00  0.00
30-40   3      3  1.00  0.00
30-40   4      4  1.00  0.00
40-50   1      0  0.00  0.00
40-50   2     20  1.00  0.00
40-50   3      1  1.00  0.00
40-50   4      2  1.00  0.00
50-60   1      0  0.00  0.00
50-60   2      0  0.00  0.00
50-60   3      0  0.00  0.00
50-60   4      0  0.00  0.00
60-70   1      0  0.00  0.00
60-70   2      0  0.00  0.00
60-70   3      0  0.00  0.00
60-70   4      0  0.00  0.00

  41                   : lake code
KMA                 
810203                 : date
FURUNO FM 22         1 : 1 = FURUNO FM 22  /  2 = SIMRAD
10                     : Sounder Gain
                                                  
                                                                                                              

depth / transect / targets / %sockeye / %stickleback

  2-5   1      0  0.00  0.00
  2-5   2      0  0.00  0.00
  2-5   3      0  0.00  0.00
  2-5   4      0  0.00  0.00
  2-5   5      0  0.00  0.00
  2-5   6      0  0.00  0.00
  2-5   7      0  0.00  0.00
  2-5   8      0  0.00  0.00
  2-5   9      0  0.00  0.00
  2-5  10      0  0.00  0.00
  2-5  11      0  0.00  0.00
  2-5  12      0  0.00  0.00
  2-5  13      0  0.00  0.00
  2-5  14      0  0.00  0.00
  2-5  15      0  0.00  0.00
  3-5   1      6  0.00  1.00
  3-5   2      2  0.00  1.00
  3-5   3      2  0.00  1.00
  3-5   4      5  0.00  1.00
  3-5   5      8  0.00  1.00
  3-5   6     16  0.00  1.00
  3-5   7      0  0.00  0.00
  3-5   8      0  0.00  0.00
  3-5   9      0  0.00  0.00
  3-5  10      0  0.00  0.00
  3-5  11      0  0.00  0.00
  3-5  12      0  0.00  0.00
  3-5  13      0  0.00  0.00
  3-5  14      0  0.00  0.00
  3-5  15      0  0.00  0.00
 5-10   1     33  0.00  1.00
 5-10   2     78  0.00  1.00
 5-10   3    186  0.00  1.00
 5-10   4    137  0.00  1.00
 5-10   5     81  0.00  1.00
 5-10   6     44  0.00  1.00
 5-10   7      0  0.00  0.00
 5-10   8      0  0.00  0.00
 5-10   9      0  0.00  0.00
 5-10  10      0  0.00  0.00
 5-10  11      0  0.00  0.00
 5-10  12      0  0.00  0.00
 5-10  13      0  0.00  0.00
 5-10  14      0  0.00  0.00
 5-10  15      0  0.00  0.00
10-15   1     92  0.00  1.00
10-15   2    740  0.00  1.00
10-15   3   1217  0.00  1.00
10-15   4    327  0.00  1.00
10-15   5    200  0.00  1.00
10-15   6     39  0.00  1.00
10-15   7      0  0.00  0.00
10-15   8      0  0.00  0.00
10-15   9      0  0.00  0.00
10-15  10      0  0.00  0.00
10-15  11      0  0.00  0.00
10-15  12      0  0.00  0.00
10-15  13      0  0.00  0.00
10-15  14      0  0.00  0.00
10-15  15      0  0.00  0.00
15-20   1    315  0.00  1.00
15-20   2    377  0.00  1.00
15-20   3    570  0.00  1.00
15-20   4    470  0.00  1.00
15-20   5    532  0.00  1.00
15-20   6     63  0.00  1.00
15-20   7      0  0.00  0.00
15-20   8      0  0.00  0.00
15-20   9      0  0.00  0.00
15-20  10      0  0.00  0.00
15-20  11      0  0.00  0.00
15-20  12      0  0.00  0.00
15-20  13      0  0.00  0.00
15-20  14      0  0.00  0.00
15-20  15      0  0.00  0.00
20-30   1    731  0.02  0.98
20-30   2   1529  0.02  0.98
20-30   3   1981  0.02  0.98
20-30   4   1939  0.02  0.98
20-30   5   1579  0.02  0.98
20-30   6     15  0.02  0.98
20-30   7      0  0.00  0.00
20-30   8      0  0.00  0.00
20-30   9      0  0.00  0.00
20-30  10      0  0.00  0.00
20-30  11      0  0.00  0.00
20-30  12      0  0.00  0.00
20-30  13      0  0.00  0.00
20-30  14      0  0.00  0.00
20-30  15      0  0.00  0.00
30-40   1    146  0.07  0.93
30-40   2    774  0.07  0.93
30-40   3    576  0.07  0.93
30-40   4    585  0.07  0.00
30-40   5    443  0.07  0.93
30-40   6      2  0.07  0.93
30-40   7      0  0.00  0.00
30-40   8      0  0.00  0.00
30-40   9      0  0.00  0.00
30-40  10      0  0.00  0.00
30-40  11      0  0.00  0.00
30-40  12      0  0.00  0.00
30-40  13      0  0.00  0.00
30-40  14      0  0.00  0.00
30-40  15      0  0.00  0.00
40-50   1     15  0.50  0.50
40-50   2    197  0.50  0.50
40-50   3    134  0.50  0.50
40-50   4    117  0.50  0.50
40-50   5      8  0.50  0.50
40-50   6      0  0.00  0.00
40-50   7      0  0.00  0.00
40-50   8      0  0.00  0.00
40-50   9      0  0.00  0.00
40-50  10      0  0.00  0.00
40-50  11      0  0.00  0.00
40-50  12      0  0.00  0.00
40-50  13      0  0.00  0.00
40-50  14      0  0.00  0.00
40-50  15      0  0.00  0.00
50-60   1      0  0.00  0.00
50-60   2      0  0.00  0.00
50-60   3      0  0.00  0.00
50-60   4      0  0.00  0.00
50-60   5      0  0.00  0.00
50-60   6      0  0.00  0.00
50-60   7      0  0.00  0.00
50-60   8      0  0.00  0.00
50-60   9      0  0.00  0.00
50-60  10      0  0.00  0.00
50-60  11      0  0.00  0.00
50-60  12      0  0.00  0.00
50-60  13      0  0.00  0.00
50-60  14      0  0.00  0.00
50-60  15      0  0.00  0.00
60-70   1      0  0.00  0.00
60-70   2      0  0.00  0.00
60-70   3      0  0.00  0.00
60-70   4      0  0.00  0.00
60-70   5      0  0.00  0.00
60-70   6      0  0.00  0.00
60-70   7      0  0.00  0.00
60-70   8      0  0.00  0.00
60-70   9      0  0.00  0.00
60-70  10      0  0.00  0.00
60-70  11      0  0.00  0.00
60-70  12      0  0.00  0.00
60-70  13      0  0.00  0.00
60-70  14      0  0.00  0.00
60-70  15      0  0.00  0.00

 801                   : lake code
Long Lk (A)                             
800814                 : date
FURUNO FM22          1 : 1 = FURUNO FM 22  /  2 = SIMRAD
10                     : Sounder Gain

                                                                                                              

depth / transect / targets / %sockeye / %stickleback

  2-5   1      0  0.00  0.00
  2-5   2      0  0.00  0.00
  2-5   3      0  0.00  0.00
  2-5   4      0  0.00  0.00
  2-5   5      0  0.00  0.00
  2-5   6      0  0.00  0.00
  2-5   7      0  0.00  0.00
  2-5   8      0  0.00  0.00
  2-5   9      0  0.00  0.00
  3-5   1     10  0.00  1.00
  3-5   2      5  0.00  1.00
  3-5   3      6  0.00  1.00
  3-5   4     14  0.00  1.00
  3-5   5     39  0.00  1.00
  3-5   6      0  0.00  0.00
  3-5   7      0  0.00  0.00
  3-5   8      0  0.00  0.00
  3-5   9      0  0.00  0.00
 5-10   1     88  0.00  1.00
 5-10   2      9  0.00  1.00
 5-10   3     36  0.00  1.00
 5-10   4    158  0.00  1.00
 5-10   5    145  0.00  1.00
 5-10   6      0  0.00  0.00
 5-10   7      0  0.00  0.00
 5-10   8      0  0.00  0.00
 5-10   9      0  0.00  0.00
10-15   1     72  0.00  1.00
10-15   2     59  0.00  1.00
10-15   3     58  0.00  1.00
10-15   4     60  0.00  1.00
10-15   5    153  0.00  1.00
10-15   6      0  0.00  0.00
10-15   7      0  0.00  0.00
10-15   8      0  0.00  0.00
10-15   9      0  0.00  0.00
15-20   1     27  0.08  0.92
15-20   2    102  0.08  0.92
15-20   3    123  0.08  0.92
15-20   4    117  0.08  0.92
15-20   5    374  0.08  0.92
15-20   6      0  0.00  0.00
15-20   7      0  0.00  0.00
15-20   8      0  0.00  0.00
15-20   9      0  0.00  0.00
20-30   1     96  0.34  0.66
20-30   2    338  0.34  0.66
20-30   3    176  0.34  0.66
20-30   4    212  0.34  0.66
20-30   5    147  0.34  0.66
20-30   6      0  0.00  0.00
20-30   7      0  0.00  0.00
20-30   8      0  0.00  0.00
20-30   9      0  0.00  0.00
30-40   1    128  0.50  0.50
30-40   2     88  0.50  0.50
30-40   3     34  0.50  0.50
30-40   4     38  0.50  0.50
30-40   5     44  0.50  0.50
30-40   6      0  0.00  0.00
30-40   7      0  0.00  0.00
30-40   8      0  0.00  0.00
30-40   9      0  0.00  0.00
40-50   1    117  0.50  0.50
40-50   2     12  0.50  0.50
40-50   3      0  0.50  0.50
40-50   4      0  0.50  0.50
40-50   5     45  0.50  0.50
40-50   6      0  0.00  0.00
40-50   7      0  0.00  0.00
40-50   8      0  0.00  0.00
40-50   9      0  0.00  0.00
50-60   1      0  0.00  0.00
50-60   2      0  0.00  0.00
50-60   3      0  0.00  0.00
50-60   4      0  0.00  0.00
50-60   5      0  0.00  0.00
50-60   6      0  0.00  0.00
50-60   7      0  0.00  0.00
50-60   8      0  0.00  0.00
50-60   9      0  0.00  0.00
60-70   1      0  0.00  0.00
60-70   2      0  0.00  0.00
60-70   3      0  0.00  0.00
60-70   4      0  0.00  0.00
60-70   5      0  0.00  0.00
60-70   6      0  0.00  0.00
60-70   7      0  0.00  0.00
60-70   8      0  0.00  0.00
60-70   9      0  0.00  0.00

 802                   : lake code
Long Lk (B)                             
800815                 : date
FURUNO FM22          1 : 1 = FURUNO FM 22  /  2 = SIMRAD
10                     : Sounder Gain

                                                                                                              

depth / transect / targets / %sockeye / %stickleback

  2-5   1      0  0.00  0.00
  2-5   2      0  0.00  0.00
  2-5   3      0  0.00  0.00
  2-5   4      0  0.00  0.00
  2-5   5      0  0.00  0.00
  2-5   6      0  0.00  0.00
  2-5   7      0  0.00  0.00
  3-5   1     34  0.00  1.00
  3-5   2     27  0.00  1.00
  3-5   3    146  0.00  1.00
  3-5   4     80  0.00  1.00
  3-5   5      0  0.00  0.00
  3-5   6      0  0.00  0.00
  3-5   7      0  0.00  0.00
 5-10   1    160  0.00  1.00
 5-10   2    227  0.00  1.00
 5-10   3    588  0.00  1.00
 5-10   4    291  0.00  1.00
 5-10   5      0  0.00  0.00
 5-10   6      0  0.00  0.00
 5-10   7      0  0.00  0.00
10-15   1    238  0.00  1.00
10-15   2    348  0.00  1.00
10-15   3    431  0.00  1.00
10-15   4    303  0.00  1.00
10-15   5      0  0.00  0.00
10-15   6      0  0.00  0.00
10-15   7      0  0.00  0.00
15-20   1    408  0.17  0.83
15-20   2    363  0.17  0.83
15-20   3    280  0.17  0.83
15-20   4    255  0.17  0.83
15-20   5      0  0.00  0.00
15-20   6      0  0.00  0.00
15-20   7      0  0.00  0.00
20-30   1    303  0.34  0.66
20-30   2    108  0.34  0.66
20-30   3     25  0.34  0.66
20-30   4     31  0.34  0.66
20-30   5      0  0.00  0.00
20-30   6      0  0.00  0.00
20-30   7      0  0.00  0.00
30-40   1     19  0.50  0.50
30-40   2      6  0.50  0.50
30-40   3     17  0.50  0.50
30-40   4     26  0.50  0.50
30-40   5      0  0.00  0.00
30-40   6      0  0.00  0.00
30-40   7      0  0.00  0.00
40-50   1      0  0.50  0.50
40-50   2      0  0.50  0.50
40-50   3      9  0.50  0.50
40-50   4     17  0.50  0.50
40-50   5      0  0.00  0.00
40-50   6      0  0.00  0.00
40-50   7      0  0.00  0.00
50-60   1      0  0.00  0.00
50-60   2      0  0.00  0.00
50-60   3      0  0.00  0.00
50-60   4      0  0.00  0.00
50-60   5      0  0.00  0.00
50-60   6      0  0.00  0.00
50-60   7      0  0.00  0.00
60-70   1      0  0.00  0.00
60-70   2      0  0.00  0.00
60-70   3      0  0.00  0.00
60-70   4      0  0.00  0.00
60-70   5      0  0.00  0.00
60-70   6      0  0.00  0.00
60-70   7      0  0.00  0.00

 801                   : lake code
Long Lk (A)               NIGHT SURVEY
801022                 : date
FURUNO FM 22         1 : 1 = FURUNO FM 22  /  2 = SIMRAD
10   : Sounder Gain    : Sounder Gain

                                                                                                              

depth / transect / targets / %sockeye / %stickleback

  2-5   1      4  0.01  0.99
  2-5   2     27  0.01  0.99
  2-5   3     14  0.01  0.99
  2-5   4     16  0.01  0.99
  2-5   5     40  0.01  0.99
  2-5   6      0  0.00  0.00
  2-5   7      0  0.00  0.00
  2-5   8      0  0.00  0.00
  2-5   9      0  0.00  0.00
  3-5   1      0  0.00  0.00
  3-5   2      0  0.00  0.00
  3-5   3      0  0.00  0.00
  3-5   4      0  0.00  0.00
  3-5   5      0  0.00  0.00
  3-5   6      0  0.00  0.00
  3-5   7      0  0.00  0.00
  3-5   8      0  0.00  0.00
  3-5   9      0  0.00  0.00
 5-10   1      9  0.05  0.95
 5-10   2     11  0.05  0.95
 5-10   3     13  0.05  0.95
 5-10   4     63  0.05  0.95
 5-10   5     83  0.05  0.95
 5-10   6      0  0.00  0.00
 5-10   7      0  0.00  0.00
 5-10   8      0  0.00  0.00
 5-10   9      0  0.00  0.00
10-15   1     39  0.10  0.90
10-15   2      7  0.10  0.90
10-15   3      5  0.10  0.90
10-15   4     34  0.10  0.90
10-15   5     70  0.10  0.90
10-15   6      0  0.00  0.00
10-15   7      0  0.00  0.00
10-15   8      0  0.00  0.00
10-15   9      0  0.00  0.00
15-20   1     26  0.14  0.86
15-20   2      9  0.14  0.86
15-20   3     17  0.14  0.86
15-20   4     32  0.14  0.86
15-20   5     37  0.14  0.86
15-20   6      0  0.00  0.00
15-20   7      0  0.00  0.00
15-20   8      0  0.00  0.00
15-20   9      0  0.00  0.00
20-30   1      7  0.15  0.85
20-30   2     14  0.15  0.85
20-30   3     13  0.15  0.85
20-30   4     12  0.15  0.85
20-30   5     28  0.15  0.85
20-30   6      0  0.00  0.00
20-30   7      0  0.00  0.00
20-30   8      0  0.00  0.00
20-30   9      0  0.00  0.00
30-40   1     25  0.15  0.85
30-40   2     26  0.15  0.85
30-40   3     12  0.15  0.85
30-40   4     21  0.15  0.85
30-40   5     17  0.15  0.85
30-40   6      0  0.00  0.00
30-40   7      0  0.00  0.00
30-40   8      0  0.00  0.00
30-40   9      0  0.00  0.00
40-50   1     77  0.15  0.85
40-50   2     22  0.15  0.85
40-50   3      5  0.15  0.85
40-50   4     28  0.15  0.85
40-50   5     32  0.15  0.85
40-50   6      0  0.00  0.00
40-50   7      0  0.00  0.00
40-50   8      0  0.00  0.00
40-50   9      0  0.00  0.00
50-60   1      0  0.00  0.00
50-60   2      0  0.00  0.00
50-60   3      0  0.00  0.00
50-60   4      0  0.00  0.00
50-60   5      0  0.00  0.00
50-60   6      0  0.00  0.00
50-60   7      0  0.00  0.00
50-60   8      0  0.00  0.00
50-60   9      0  0.00  0.00
60-70   1      0  0.00  0.00
60-70   2      0  0.00  0.00
60-70   3      0  0.00  0.00
60-70   4      0  0.00  0.00
60-70   5      0  0.00  0.00
60-70   6      0  0.00  0.00
60-70   7      0  0.00  0.00
60-70   8      0  0.00  0.00
60-70   9      0  0.00  0.00

 802                   : lake code
Long Lk (B)               NIGHT SURVEY
801023                 : date
FURUNO FM 22         1 : 1 = FURUNO FM 22  /  2 = SIMRAD
10   : Sounder Gain    : Sounder Gain

                                                                                                              

depth / transect / targets / %sockeye / %stickleback

  2-5   1     68  0.01  0.99
  2-5   2     56  0.01  0.99
  2-5   3     89  0.01  0.99
  2-5   4     67  0.01  0.99
  2-5   5      0  0.00  0.00
  2-5   6      0  0.00  0.00
  2-5   7      0  0.00  0.00
  3-5   1      0  0.00  0.00
  3-5   2      0  0.00  0.00
  3-5   3      0  0.00  0.00
  3-5   4      0  0.00  0.00
  3-5   5      0  0.00  0.00
  3-5   6      0  0.00  0.00
  3-5   7      0  0.00  0.00
 5-10   1    151  0.05  0.95
 5-10   2    146  0.05  0.95
 5-10   3    189  0.05  0.95
 5-10   4     66  0.05  0.95
 5-10   5      0  0.00  0.00
 5-10   6      0  0.00  0.00
 5-10   7      0  0.00  0.00
10-15   1     89  0.10  0.90
10-15   2     59  0.10  0.90
10-15   3     66  0.10  0.90
10-15   4     12  0.10  0.90
10-15   5      0  0.00  0.00
10-15   6      0  0.00  0.00
10-15   7      0  0.00  0.00
15-20   1    125  0.14  0.86
15-20   2    134  0.14  0.86
15-20   3     69  0.14  0.86
15-20   4     36  0.14  0.86
15-20   5      0  0.00  0.00
15-20   6      0  0.00  0.00
15-20   7      0  0.00  0.00
20-30   1    107  0.15  0.85
20-30   2    120  0.15  0.85
20-30   3     86  0.15  0.85
20-30   4     89  0.15  0.85
20-30   5      0  0.00  0.00
20-30   6      0  0.00  0.00
20-30   7      0  0.00  0.00
30-40   1    106  0.15  0.85
30-40   2     28  0.15  0.85
30-40   3     25  0.15  0.85
30-40   4     32  0.15  0.85
30-40   5      0  0.00  0.00
30-40   6      0  0.00  0.00
30-40   7      0  0.00  0.00
40-50   1     54  0.15  0.85
40-50   2     11  0.15  0.85
40-50   3     13  0.15  0.85
40-50   4      6  0.15  0.85
40-50   5      0  0.00  0.00
40-50   6      0  0.00  0.00
40-50   7      0  0.00  0.00
50-60   1      0  0.00  0.00
50-60   2      0  0.00  0.00
50-60   3      0  0.00  0.00
50-60   4      0  0.00  0.00
50-60   5      0  0.00  0.00
50-60   6      0  0.00  0.00
50-60   7      0  0.00  0.00
60-70   1      0  0.00  0.00
60-70   2      0  0.00  0.00
60-70   3      0  0.00  0.00
60-70   4      0  0.00  0.00
60-70   5      0  0.00  0.00
60-70   6      0  0.00  0.00
60-70   7      0  0.00  0.00

 801                   : lake code
Long Lk (A)                             
810226                 : date
FURUNO FM22          1 : 1 = FURUNO FM 22  /  2 = SIMRAD
10                     : Sounder Gain
SPECIES BREAKDOWN QUESTIONABLE INCOMPLETE TRAWL DATA
                                                                                                              

depth / transect / targets / %sockeye / %stickleback

  2-5   1      0  0.00  0.00
  2-5   2      0  0.00  0.00
  2-5   3      0  0.00  0.00
  2-5   4      0  0.00  0.00
  2-5   5      0  0.00  0.00
  2-5   6      0  0.00  0.00
  2-5   7      0  0.00  0.00
  2-5   8      0  0.00  0.00
  2-5   9      0  0.00  0.00
  3-5   1      0  0.01  0.99
  3-5   2      0  0.01  0.99
  3-5   3      5  0.01  0.99
  3-5   4     19  0.01  0.99
  3-5   5     13  0.01  0.99
  3-5   6      0  0.00  0.00
  3-5   7      0  0.00  0.00
  3-5   8      0  0.00  0.00
  3-5   9      0  0.00  0.00
 5-10   1      6  0.01  0.99
 5-10   2      5  0.01  0.99
 5-10   3      1  0.01  0.99
 5-10   4      3  0.01  0.99
 5-10   5     31  0.01  0.99
 5-10   6      0  0.00  0.00
 5-10   7      0  0.00  0.00
 5-10   8      0  0.00  0.00
 5-10   9      0  0.00  0.00
10-15   1     30  0.01  0.99
10-15   2      6  0.01  0.99
10-15   3      4  0.01  0.99
10-15   4     10  0.01  0.99
10-15   5     69  0.01  0.99
10-15   6      0  0.00  0.00
10-15   7      0  0.00  0.00
10-15   8      0  0.00  0.00
10-15   9      0  0.00  0.00
15-20   1     16  0.15  0.85
15-20   2     11  0.15  0.85
15-20   3      7  0.15  0.85
15-20   4     25  0.15  0.85
15-20   5    120  0.15  0.85
15-20   6      0  0.00  0.00
15-20   7      0  0.00  0.00
15-20   8      0  0.00  0.00
15-20   9      0  0.00  0.00
20-30   1     24  0.15  0.85
20-30   2     39  0.15  0.85
20-30   3     40  0.15  0.85
20-30   4    159  0.15  0.85
20-30   5    365  0.15  0.85
20-30   6      0  0.00  0.00
20-30   7      0  0.00  0.00
20-30   8      0  0.00  0.00
20-30   9      0  0.00  0.00
30-40   1     41  0.15  0.85
30-40   2     46  0.15  0.85
30-40   3     53  0.15  0.85
30-40   4    138  0.15  0.85
30-40   5    391  0.15  0.85
30-40   6      0  0.00  0.00
30-40   7      0  0.00  0.00
30-40   8      0  0.00  0.00
30-40   9      0  0.00  0.00
40-50   1     11  0.15  0.85
40-50   2     11  0.15  0.85
40-50   3     16  0.15  0.85
40-50   4     64  0.15  0.85
40-50   5    125  0.15  0.85
40-50   6      0  0.00  0.00
40-50   7      0  0.00  0.00
40-50   8      0  0.00  0.00
40-50   9      0  0.00  0.00
50-60   1      0  0.00  0.00
50-60   2      0  0.15  0.85
50-60   3      0  0.15  0.85
50-60   4      7  0.15  0.85
50-60   5     13  0.15  0.85
50-60   6      0  0.00  0.00
50-60   7      0  0.00  0.00
50-60   8      0  0.00  0.00
50-60   9      0  0.00  0.00
60-70   1      0  0.00  0.00
60-70   2      0  0.00  0.00
60-70   3      0  0.00  0.00
60-70   4      0  0.00  0.00
60-70   5      0  0.00  0.00
60-70   6      0  0.00  0.00
60-70   7      0  0.00  0.00
60-70   8      0  0.00  0.00
60-70   9      0  0.00  0.00

 802                   : lake code
Long Lk (B)                             
810227                 : date
FURUNO FM22          1 : 1 = FURUNO FM 22  /  2 = SIMRAD
10                     : Sounder Gain
                                                  
                                                                                                              

depth / transect / targets / %sockeye / %stickleback

  2-5   1      0  0.00  0.00
  2-5   2      0  0.00  0.00
  2-5   3      0  0.00  0.00
  2-5   4      0  0.00  0.00
  2-5   5      0  0.00  0.00
  2-5   6      0  0.00  0.00
  2-5   7      0  0.00  0.00
  3-5   1     27  0.01  0.99
  3-5   2     12  0.01  0.99
  3-5   3      7  0.01  0.99
  3-5   4     13  0.01  0.99
  3-5   5      0  0.00  0.00
  3-5   6      0  0.00  0.00
  3-5   7      0  0.00  0.00
 5-10   1     62  0.01  0.99
 5-10   2     20  0.01  0.99
 5-10   3     45  0.01  0.99
 5-10   4      9  0.01  0.99
 5-10   5      0  0.00  0.00
 5-10   6      0  0.00  0.00
 5-10   7      0  0.00  0.00
10-15   1     41  0.01  0.99
10-15   2     53  0.01  0.99
10-15   3    200  0.01  0.99
10-15   4     38  0.01  0.99
10-15   5      0  0.00  0.00
10-15   6      0  0.00  0.00
10-15   7      0  0.00  0.00
15-20   1    102  0.01  0.99
15-20   2    108  0.01  0.99
15-20   3    513  0.01  0.99
15-20   4    275  0.01  0.99
15-20   5      0  0.00  0.00
15-20   6      0  0.00  0.00
15-20   7      0  0.00  0.00
20-30   1    325  0.01  0.99
20-30   2    322  0.01  0.99
20-30   3   1222  0.01  0.99
20-30   4   1375  0.01  0.99
20-30   5      0  0.00  0.00
20-30   6      0  0.00  0.00
20-30   7      0  0.00  0.00
30-40   1    192  0.01  0.99
30-40   2    229  0.01  0.99
30-40   3    846  0.01  0.99
30-40   4    804  0.01  0.99
30-40   5      0  0.00  0.00
30-40   6      0  0.00  0.00
30-40   7      0  0.00  0.00
40-50   1     41  0.01  0.99
40-50   2     83  0.01  0.99
40-50   3    194  0.01  0.99
40-50   4    147  0.01  0.99
40-50   5      0  0.00  0.00
40-50   6      0  0.00  0.00
40-50   7      0  0.00  0.00
50-60   1      0  0.00  0.00
50-60   2      0  0.00  0.00
50-60   3      0  0.00  0.00
50-60   4      0  0.00  0.00
50-60   5      0  0.00  0.00
50-60   6      0  0.00  0.00
50-60   7      0  0.00  0.00
60-70   1      0  0.00  0.00
60-70   2      0  0.00  0.00
60-70   3      0  0.00  0.00
60-70   4      0  0.00  0.00
60-70   5      0  0.00  0.00
60-70   6      0  0.00  0.00
60-70   7      0  0.00  0.00

  20                   : lake code
LOWE                             
800918                 : date
FURUNO FM 22         1 : 1 = FURUNO FM 22  /  2 = SIMRAD
10                     : Sounder Gain
                                                  
                                                                                                              

depth / transect / targets / %sockeye / %stickleback

  2-5   1      0  0.00  0.00
  2-5   2      0  0.00  0.00
  2-5   3      0  0.00  0.00
  2-5   4      0  0.00  0.00
  3-5   1      0  1.00  0.00
  3-5   2      0  1.00  0.00
  3-5   3      0  1.00  0.00
  3-5   4      0  1.00  0.00
 5-10   1      1  1.00  0.00
 5-10   2      0  1.00  0.00
 5-10   3      2  1.00  0.00
 5-10   4      3  1.00  0.00
10-15   1      7  1.00  0.00
10-15   2      7  1.00  0.00
10-15   3      9  1.00  0.00
10-15   4     12  1.00  0.00
15-20   1      0  0.00  0.00
15-20   2     11  1.00  0.00
15-20   3     11  1.00  0.00
15-20   4     24  1.00  0.00
20-30   1      0  0.00  0.00
20-30   2     38  1.00  0.00
20-30   3     28  1.00  0.00
20-30   4     38  1.00  0.00
30-40   1      0  0.00  0.00
30-40   2     21  1.00  0.00
30-40   3      5  1.00  0.00
30-40   4     10  1.00  0.00
40-50   1      0  0.00  0.00
40-50   2      0  1.00  0.00
40-50   3      0  1.00  0.00
40-50   4      3  1.00  0.00
50-60   1      0  0.00  0.00
50-60   2      0  0.00  0.00
50-60   3      0  0.00  0.00
50-60   4      0  0.00  0.00

  32                   : lake code
MERCER                   1980 NIGHT SURVEY             
800726                 : date
FURUNO FM 22         1 : 1 = FURUNO FM 22  /  2 = SIMRAD
10                     : Sounder Gain
TRANSECT #4 NOT SOUNDED                 
                                                                                                              

depth / transect / targets / %sockeye / %stickleback

  2-5   1      0  0.00  0.00
  2-5   2      0  0.00  0.00
  2-5   3      0  0.00  0.00
  2-5   4      0  0.00  0.00
  2-5   5      0  0.00  0.00
  2-5   6      0  0.00  0.00
  3-5   1     22  0.04  0.96
  3-5   2     28  0.04  0.96
  3-5   3     12  0.04  0.96
  3-5   4      0  0.00  0.00
  3-5   5      0  0.00  0.00
  3-5   6      0  0.00  0.00
 5-10   1     25  0.25  0.75
 5-10   2     70  0.25  0.75
 5-10   3     94  0.25  0.75
 5-10   4      0  0.00  0.00
 5-10   5      0  0.00  0.00
 5-10   6      0  0.00  0.00
10-15   1     31  0.54  0.46
10-15   2    102  0.54  0.46
10-15   3    145  0.54  0.46
10-15   4      0  0.00  0.00
10-15   5      0  0.00  0.00
10-15   6      0  0.00  0.00
15-20   1     70  0.76  0.24
15-20   2     74  0.76  0.24
15-20   3    106  0.76  0.24
15-20   4      0  0.00  0.00
15-20   5      0  0.00  0.00
15-20   6      0  0.00  0.00
20-30   1    103  0.76  0.24
20-30   2     82  0.76  0.24
20-30   3      0  0.00  0.00
20-30   4      0  0.00  0.00
20-30   5      0  0.00  0.00
20-30   6      0  0.00  0.00
30-40   1      0  0.00  0.00
30-40   2      0  0.00  0.00
30-40   3      0  0.00  0.00
30-40   4      0  0.00  0.00
30-40   5      0  0.00  0.00
30-40   6      0  0.00  0.00

  21                   : lake code
NIMPKISH                                
801104                 : date
FURUNO FM 22         1 : 1 = FURUNO FM 22  /  2 = SIMRAD
10                     : Sounder Gain
                                                  
                                                                                                              

depth / transect / targets / %sockeye / %stickleback

  2-5   1      0  0.00  0.00
  2-5   2      0  0.00  0.00
  2-5   3      0  0.00  0.00
  2-5   4      0  0.00  0.00
  2-5   5      0  0.00  0.00
  2-5   6      0  0.00  0.00
  2-5   7      0  0.00  0.00
  2-5   8      0  0.00  0.00
  3-5   1      3  0.74  0.26
  3-5   2      6  0.74  0.26
  3-5   3      1  0.74  0.26
  3-5   4      6  0.74  0.26
  3-5   5      8  0.74  0.26
  3-5   6      7  0.74  0.26
  3-5   7     14  0.74  0.26
  3-5   8      9  0.74  0.26
 5-10   1      6  0.74  0.26
 5-10   2     17  0.74  0.26
 5-10   3      9  0.74  0.26
 5-10   4     24  0.74  0.26
 5-10   5     49  0.74  0.26
 5-10   6     42  0.74  0.26
 5-10   7     95  0.74  0.26
 5-10   8     60  0.74  0.26
10-15   1     43  0.78  0.22
10-15   2     75  0.78  0.22
10-15   3     15  0.78  0.22
10-15   4     52  0.78  0.22
10-15   5     67  0.78  0.22
10-15   6    104  0.78  0.22
10-15   7    193  0.78  0.22
10-15   8     73  0.78  0.22
15-20   1    151  0.79  0.21
15-20   2     87  0.79  0.21
15-20   3     23  0.79  0.21
15-20   4     97  0.79  0.21
15-20   5     94  0.79  0.21
15-20   6    178  0.79  0.21
15-20   7    283  0.79  0.21
15-20   8     77  0.79  0.21
20-30   1    330  0.85  0.15
20-30   2    190  0.85  0.15
20-30   3    134  0.85  0.15
20-30   4    228  0.85  0.15
20-30   5    160  0.85  0.15
20-30   6    607  0.85  0.15
20-30   7    652  0.85  0.15
20-30   8    245  0.85  0.15
30-40   1    269  0.95  0.05
30-40   2    238  0.95  0.05
30-40   3    175  0.95  0.05
30-40   4    163  0.95  0.05
30-40   5    207  0.95  0.05
30-40   6    468  0.95  0.05
30-40   7    456  0.95  0.05
30-40   8    142  0.95  0.05
40-50   1    172  0.94  0.06
40-50   2    263  0.94  0.06
40-50   3    170  0.94  0.06
40-50   4    224  0.94  0.06
40-50   5    448  0.94  0.06
40-50   6    278  0.94  0.06
40-50   7    240  0.94  0.06
40-50   8     78  0.94  0.06
50-60   1      0  0.94  0.06
50-60   2     93  0.94  0.06
50-60   3     89  0.94  0.06
50-60   4    152  0.94  0.06
50-60   5    254  0.94  0.06
50-60   6     80  0.94  0.06
50-60   7    100  0.94  0.06
50-60   8     31  0.94  0.06
60-70   1      0  0.00  0.00
60-70   2     14  0.94  0.06
60-70   3     32  0.94  0.06
60-70   4     32  0.94  0.06
60-70   5     40  0.94  0.06
60-70   6     29  0.94  0.06
60-70   7     24  0.94  0.06
60-70   8      5  0.94  0.06
70-80   1      0  0.00  0.00
70-80   2      0  0.00  0.00
70-80   3      0  0.00  0.00
70-80   4      0  0.00  0.00
70-80   5      0  0.00  0.00
70-80   6      0  0.00  0.00
70-80   7      0  0.00  0.00
70-80   8      0  0.00  0.00

   2                   : lake code
SPROAT                   1981 NIGHT SURVEY           
810120                 : date
FURUNO FM 22         1 : 1 = FURUNO FM 22  /  2 = SIMRAD
10                     : Sounder Gain
RAIN
1-5M. NOT COUNTED DUE TO INTERFERENCE FROM ROUGH WATER.                                                                             

depth / transect / targets / %sockeye / %stickleback

  2-5   1      5  1.00  0.00
  2-5   2      0  1.00  0.00
  2-5   3      0  1.00  0.00
  2-5   4      0  1.00  0.00
  2-5   5      0  1.00  0.00
  2-5   6      0  1.00  0.00
  2-5   7      0  1.00  0.00
  2-5   8      0  1.00  0.00
  2-5   9      0  1.00  0.00
  2-5  10      0  1.00  0.00
  2-5  11      0  1.00  0.00
  3-5   1      0  0.00  0.00
  3-5   2      0  0.00  0.00
  3-5   3      0  0.00  0.00
  3-5   4      0  0.00  0.00
  3-5   5      0  0.00  0.00
  3-5   6      0  0.00  0.00
  3-5   7      0  0.00  0.00
  3-5   8      0  0.00  0.00
  3-5   9      0  0.00  0.00
  3-5  10      0  0.00  0.00
  3-5  11      0  0.00  0.00
 5-10   1      8  1.00  0.00
 5-10   2      5  1.00  0.00
 5-10   3      5  1.00  0.00
 5-10   4      1  1.00  0.00
 5-10   5      5  1.00  0.00
 5-10   6      0  1.00  0.00
 5-10   7      4  1.00  0.00
 5-10   8      8  1.00  0.00
 5-10   9      1  1.00  0.00
 5-10  10      1  1.00  0.00
 5-10  11      1  1.00  0.00
10-15   1      8  1.00  0.00
10-15   2     15  1.00  0.00
10-15   3     15  1.00  0.00
10-15   4     63  1.00  0.00
10-15   5     29  1.00  0.00
10-15   6      4  1.00  0.00
10-15   7     30  1.00  0.00
10-15   8     65  1.00  0.00
10-15   9      5  1.00  0.00
10-15  10     16  1.00  0.00
10-15  11     16  1.00  0.00
15-20   1     10  1.00  0.00
15-20   2     44  1.00  0.00
15-20   3     20  1.00  0.00
15-20   4    117  1.00  0.00
15-20   5     46  1.00  0.00
15-20   6     15  1.00  0.00
15-20   7     49  1.00  0.00
15-20   8    145  1.00  0.00
15-20   9     18  1.00  0.00
15-20  10     78  1.00  0.00
15-20  11     32  1.00  0.00
20-30   1     23  0.42  0.58
20-30   2    102  0.42  0.58
20-30   3     72  0.42  0.58
20-30   4    180  1.00  0.00
20-30   5    256  1.00  0.00
20-30   6     89  1.00  0.00
20-30   7    121  1.00  0.00
20-30   8    291  1.00  0.00
20-30   9    105  1.00  0.00
20-30  10    348  1.00  0.00
20-30  11    138  1.00  0.00
30-40   1     21  0.60  0.40
30-40   2     67  0.60  0.40
30-40   3     55  1.00  0.00
30-40   4    323  1.00  0.00
30-40   5    326  1.00  0.00
30-40   6     82  1.00  0.00
30-40   7    190  1.00  0.00
30-40   8    394  1.00  0.00
30-40   9    261  1.00  0.00
30-40  10    575  1.00  0.00
30-40  11     85  1.00  0.00
40-50   1     20  1.00  0.00
40-50   2     63  1.00  0.00
40-50   3     42  1.00  0.00
40-50   4    346  1.00  0.00
40-50   5    304  1.00  0.00
40-50   6    112  0.60  0.40
40-50   7    172  0.99  0.01
40-50   8    274  0.99  0.01
40-50   9    355  0.99  0.01
40-50  10    591  0.99  0.01
40-50  11     62  0.60  0.40
50-60   1      6  1.00  0.00
50-60   2      0  1.00  0.00
50-60   3     25  1.00  0.00
50-60   4    174  1.00  0.00
50-60   5    199  1.00  0.00
50-60   6     80  1.00  0.00
50-60   7     70  1.00  0.00
50-60   8    155  1.00  0.00
50-60   9    172  1.00  0.00
50-60  10    207  1.00  0.00
50-60  11      0  0.00  0.00
60-70   1      0  1.00  0.00
60-70   2      0  1.00  0.00
60-70   3      0  1.00  0.00
60-70   4      0  1.00  0.00
60-70   5     27  1.00  0.00
60-70   6      0  1.00  0.00
60-70   7     12  1.00  0.00
60-70   8     43  1.00  0.00
60-70   9     25  1.00  0.00
60-70  10     31  1.00  0.00
60-70  11      0  0.00  0.00
70-80   1      0  0.00  0.00
70-80   2      0  0.00  0.00
70-80   3      0  0.00  0.00
70-80   4      0  0.00  0.00
70-80   5      0  0.00  0.00
70-80   6      0  0.00  0.00
70-80   7      0  0.00  0.00
70-80   8      0  0.00  0.00
70-80   9      0  0.00  0.00
70-80  10      0  0.00  0.00
70-80  11      0  0.00  0.00

  22                   : lake code
WOSS                     NIGHT SURVEY                
801106                 : date
FURUNO FM 22         1 : 1 = FURUNO FM 22  /  2 = SIMRAD
10                     : Sounder Gain
                                                  
                                                                                                              

depth / transect / targets / %sockeye / %stickleback

  2-5   1      0  0.00  0.00
  2-5   2      0  0.00  0.00
  2-5   3      0  0.00  0.00
  2-5   4      0  0.00  0.00
  2-5   5      0  0.00  0.00
  3-5   1      0  1.00  0.00
  3-5   2      2  1.00  0.00
  3-5   3      0  1.00  0.00
  3-5   4      2  1.00  0.00
  3-5   5      0  1.00  0.00
 5-10   1      5  1.00  0.00
 5-10   2      5  1.00  0.00
 5-10   3      0  1.00  0.00
 5-10   4     12  1.00  0.00
 5-10   5      1  1.00  0.00
10-15   1     40  1.00  0.00
10-15   2     11  1.00  0.00
10-15   3      4  1.00  0.00
10-15   4     18  1.00  0.00
10-15   5      4  1.00  0.00
15-20   1     70  1.00  0.00
15-20   2     33  1.00  0.00
15-20   3     10  1.00  0.00
15-20   4     33  1.00  0.00
15-20   5      7  1.00  0.00
20-30   1     48  1.00  0.00
20-30   2     73  1.00  0.00
20-30   3     16  1.00  0.00
20-30   4     71  1.00  0.00
20-30   5     12  1.00  0.00
30-40   1     45  1.00  0.00
30-40   2    102  1.00  0.00
30-40   3     35  1.00  0.00
30-40   4     92  1.00  0.00
30-40   5     31  1.00  0.00
40-50   1     58  1.00  0.00
40-50   2    107  1.00  0.00
40-50   3     48  1.00  0.00
40-50   4     93  1.00  0.00
40-50   5     30  1.00  0.00
50-60   1     45  1.00  0.00
50-60   2     67  1.00  0.00
50-60   3     24  1.00  0.00
50-60   4     20  1.00  0.00
50-60   5      6  1.00  0.00
60-70   1      0  0.00  0.00
60-70   2      0  0.00  0.00
60-70   3      0  0.00  0.00
60-70   4      0  0.00  0.00
60-70   5      0  0.00  0.00
70-80   1      0  0.00  0.00
70-80   2      0  0.00  0.00
70-80   3      0  0.00  0.00
70-80   4      0  0.00  0.00
70-80   5      0  0.00  0.00
