

  12                   : lake code
ALISTAIR            
780710                 : date
FURUNO FM 22         1 : 1 = FURUNO FM 22  /  2 = SIMRAD
10   : Sounder Gain    : Sounder Gain

                                                                                                              

depth / transect / targets / %sockeye / %stickleback

  2-5   1      0  0.00  0.00
  2-5   2      0  0.00  0.00
  2-5   3      0  0.00  0.00
  2-5   4      0  0.00  0.00
  2-5   5      0  0.00  0.00
  3-5   1    252  0.06  0.94
  3-5   2     13  0.06  0.94
  3-5   3     72  0.06  0.94
  3-5   4     44  0.06  0.94
  3-5   5      0  0.00  0.00
 5-10   1    137  0.06  0.94
 5-10   2    107  0.06  0.94
 5-10   3    300  0.06  0.94
 5-10   4    247  0.06  0.94
 5-10   5      0  0.00  0.00
10-15   1     63  0.06  0.94
10-15   2     51  0.06  0.94
10-15   3    103  0.06  0.94
10-15   4     54  0.06  0.94
10-15   5      0  0.00  0.00
15-20   1     34  0.06  0.94
15-20   2     40  0.06  0.94
15-20   3     17  0.06  0.94
15-20   4     20  0.06  0.94
15-20   5      0  0.00  0.00
20-30   1      0  0.00  0.00
20-30   2      2  0.06  0.94
20-30   3     13  0.06  0.94
20-30   4     11  0.06  0.94
20-30   5      0  0.00  0.00
30-40   1      0  0.00  0.00
30-40   2      0  0.00  0.00
30-40   3     19  0.06  0.94
30-40   4     19  0.06  0.94
30-40   5      0  0.00  0.00
40-50   1      0  0.00  0.00
40-50   2      0  0.00  0.00
40-50   3     17  0.06  0.94
40-50   4     13  0.06  0.94
40-50   5      0  0.00  0.00
50-60   1      0  0.00  0.00
50-60   2      0  0.00  0.00
50-60   3      0  0.00  0.00
50-60   4      0  0.00  0.00
50-60   5      0  0.00  0.00


  11                   : lake code
FRED WRIGHT         
781005                 : date
FURUNO FM 22         1 : 1 = FURUNO FM 22  /  2 = SIMRAD
10   : Sounder Gain    : Sounder Gain

                                                                                                              

depth / transect / targets / %sockeye / %stickleback

  2-5   1      0  0.00  0.00
  2-5   2      0  0.00  0.00
  2-5   3      0  0.00  0.00
  2-5   4      0  0.00  0.00
  3-5   1      4  1.00  0.00
  3-5   2     16  1.00  0.00
  3-5   3      1  1.00  0.00
  3-5   4      6  1.00  0.00
 5-10   1     24  1.00  0.00
 5-10   2     90  1.00  0.00
 5-10   3     24  1.00  0.00
 5-10   4     97  1.00  0.00
10-15   1     78  1.00  0.00
10-15   2    371  1.00  0.00
10-15   3      0  0.00  0.00
10-15   4    204  1.00  0.00
15-20   1    211  1.00  0.00
15-20   2   1187  1.00  0.00
15-20   3      0  0.00  0.00
15-20   4    177  1.00  0.00
20-30   1    610  1.00  0.00
20-30   2    334  1.00  0.00
20-30   3      0  0.00  0.00
20-30   4    103  1.00  0.00
30-40   1     93  1.00  0.00
30-40   2      3  1.00  0.00
30-40   3      0  0.00  0.00
30-40   4      0  0.00  0.00
40-50   1      0  0.00  0.00
40-50   2      0  0.00  0.00
40-50   3      0  0.00  0.00
40-50   4      0  0.00  0.00


   1                   : lake code
GCL                      JULY 31 1978 NIGHT SURVEY       
780731                 : date
FURUNO FM 22         1 : 1 = FURUNO FM 22  /  2 = SIMRAD
10                     : Sounder Gain
                                                  
                                                                                                              

depth / transect / targets / %sockeye / %stickleback

  2-5   1      0  0.00  0.00
  2-5   2      0  0.00  0.00
  2-5   3      0  0.00  0.00
  2-5   4      0  0.00  0.00
  2-5   5      0  0.00  0.00
  2-5   6      0  0.00  0.00
  3-5   1      0  1.00  0.00
  3-5   2      0  1.00  0.00
  3-5   3      0  1.00  0.00
  3-5   4     58  1.00  0.00
  3-5   5     21  1.00  0.00
  3-5   6      7  1.00  0.00
 5-10   1     41  1.00  0.00
 5-10   2     86  1.00  0.00
 5-10   3     17  1.00  0.00
 5-10   4     33  1.00  0.00
 5-10   5     85  1.00  0.00
 5-10   6     13  1.00  0.00
10-15   1    269  1.00  0.00
10-15   2    526  1.00  0.00
10-15   3    575  1.00  0.00
10-15   4    512  1.00  0.00
10-15   5   1326  1.00  0.00
10-15   6    181  1.00  0.00
15-20   1     35  1.00  0.00
15-20   2    131  1.00  0.00
15-20   3    438  1.00  0.00
15-20   4    301  1.00  0.00
15-20   5    610  1.00  0.00
15-20   6    120  1.00  0.00
20-30   1      7  1.00  0.00
20-30   2     13  1.00  0.00
20-30   3     29  1.00  0.00
20-30   4     17  1.00  0.00
20-30   5     35  1.00  0.00
20-30   6     22  1.00  0.00
30-40   1      0  0.00  0.00
30-40   2      0  0.00  0.00
30-40   3      0  0.00  0.00
30-40   4      0  0.00  0.00
30-40   5      0  0.00  0.00
30-40   6      0  0.00  0.00
40-50   1      0  0.00  0.00
40-50   2      0  0.00  0.00
40-50   3      0  0.00  0.00
40-50   4      0  0.00  0.00
40-50   5      0  0.00  0.00
40-50   6      0  0.00  0.00
50-60   1      0  0.00  0.00
50-60   2      0  0.00  0.00
50-60   3      0  0.00  0.00
50-60   4      0  0.00  0.00
50-60   5      0  0.00  0.00
50-60   6      0  0.00  0.00
60-70   1      0  0.00  0.00
60-70   2      0  0.00  0.00
60-70   3      0  0.00  0.00
60-70   4      0  0.00  0.00
60-70   5      0  0.00  0.00
60-70   6      0  0.00  0.00
70-80   1      0  0.00  0.00
70-80   2      0  0.00  0.00
70-80   3      0  0.00  0.00
70-80   4      0  0.00  0.00
70-80   5      0  0.00  0.00
70-80   6      0  0.00  0.00
80-90   1      0  0.00  0.00
80-90   2      0  0.00  0.00
80-90   3      0  0.00  0.00
80-90   4      0  0.00  0.00
80-90   5      0  0.00  0.00
80-90   6      0  0.00  0.00
90-100  1      0  0.00  0.00
90-100  2      0  0.00  0.00
90-100  3      0  0.00  0.00
90-100  4      0  0.00  0.00
90-100  5      0  0.00  0.00
90-100  6      0  0.00  0.00


   1                   : lake code
GCL                 
780906                 : date
FURUNO FM 22         1 : 1 = FURUNO FM 22  /  2 = SIMRAD
10                     : Sounder Gain
NO TRAWLS DONE. TRANSECT #6 NOT SOUNDED          
                                                                                                              

depth / transect / targets / %sockeye / %stickleback

  2-5   1      0  0.00  0.00
  2-5   2      0  0.00  0.00
  2-5   3      0  0.00  0.00
  2-5   4      0  0.00  0.00
  2-5   5      0  0.00  0.00
  2-5   6      0  0.00  0.00
  3-5   1      4  1.00  0.00
  3-5   2     20  1.00  0.00
  3-5   3      7  1.00  0.00
  3-5   4     11  1.00  0.00
  3-5   5     32  1.00  0.00
  3-5   6      0  0.00  0.00
 5-10   1      6  1.00  0.00
 5-10   2     41  1.00  0.00
 5-10   3     27  1.00  0.00
 5-10   4      6  1.00  0.00
 5-10   5     20  1.00  0.00
 5-10   6      0  0.00  0.00
10-15   1    238  1.00  0.00
10-15   2    597  1.00  0.00
10-15   3    310  1.00  0.00
10-15   4    199  1.00  0.00
10-15   5    179  1.00  0.00
10-15   6      0  0.00  0.00
15-20   1    487  1.00  0.00
15-20   2    305  1.00  0.00
15-20   3    384  1.00  0.00
15-20   4    519  1.00  0.00
15-20   5    458  1.00  0.00
15-20   6      0  0.00  0.00
20-30   1     38  1.00  0.00
20-30   2     17  1.00  0.00
20-30   3     19  1.00  0.00
20-30   4     48  1.00  0.00
20-30   5     21  1.00  0.00
20-30   6      0  0.00  0.00
30-40   1      0  0.00  0.00
30-40   2      0  0.00  0.00
30-40   3      0  0.00  0.00
30-40   4      0  0.00  0.00
30-40   5      0  0.00  0.00
30-40   6      0  0.00  0.00
40-50   1      0  0.00  0.00
40-50   2      0  0.00  0.00
40-50   3      0  0.00  0.00
40-50   4      0  0.00  0.00
40-50   5      0  0.00  0.00
40-50   6      0  0.00  0.00
50-60   1      0  0.00  0.00
50-60   2      0  0.00  0.00
50-60   3      0  0.00  0.00
50-60   4      0  0.00  0.00
50-60   5      0  0.00  0.00
50-60   6      0  0.00  0.00
60-70   1      0  0.00  0.00
60-70   2      0  0.00  0.00
60-70   3      0  0.00  0.00
60-70   4      0  0.00  0.00
60-70   5      0  0.00  0.00
60-70   6      0  0.00  0.00
70-80   1      0  0.00  0.00
70-80   2      0  0.00  0.00
70-80   3      0  0.00  0.00
70-80   4      0  0.00  0.00
70-80   5      0  0.00  0.00
70-80   6      0  0.00  0.00
80-90   1      0  0.00  0.00
80-90   2      0  0.00  0.00
80-90   3      0  0.00  0.00
80-90   4      0  0.00  0.00
80-90   5      0  0.00  0.00
80-90   6      0  0.00  0.00
90-100  1      0  0.00  0.00
90-100  2      0  0.00  0.00
90-100  3      0  0.00  0.00
90-100  4      0  0.00  0.00
90-100  5      0  0.00  0.00
90-100  6      0  0.00  0.00


   1                   : lake code
GCL                      OCTOBER 17 1978 NIGHT SURVEY    
781017                 : date
FURUNO FM 22         1 : 1 = FURUNO FM 22  /  2 = SIMRAD
10                     : Sounder Gain
                                                  
                                                                                                              

depth / transect / targets / %sockeye / %stickleback

  2-5   1      0  0.00  0.00
  2-5   2      0  0.00  0.00
  2-5   3      0  0.00  0.00
  2-5   4      0  0.00  0.00
  2-5   5      0  0.00  0.00
  2-5   6      0  0.00  0.00
  3-5   1      1  1.00  0.00
  3-5   2      9  1.00  0.00
  3-5   3      0  1.00  0.00
  3-5   4      2  1.00  0.00
  3-5   5     12  1.00  0.00
  3-5   6      2  1.00  0.00
 5-10   1      3  1.00  0.00
 5-10   2     16  1.00  0.00
 5-10   3      8  1.00  0.00
 5-10   4      1  1.00  0.00
 5-10   5     16  1.00  0.00
 5-10   6      4  1.00  0.00
10-15   1     16  1.00  0.00
10-15   2     52  1.00  0.00
10-15   3     17  1.00  0.00
10-15   4      7  1.00  0.00
10-15   5     29  1.00  0.00
10-15   6     66  1.00  0.00
15-20   1    226  1.00  0.00
15-20   2    491  1.00  0.00
15-20   3    353  1.00  0.00
15-20   4    337  1.00  0.00
15-20   5    551  1.00  0.00
15-20   6    379  1.00  0.00
20-30   1    762  1.00  0.00
20-30   2   1265  1.00  0.00
20-30   3    992  1.00  0.00
20-30   4    662  1.00  0.00
20-30   5    881  1.00  0.00
20-30   6    329  1.00  0.00
30-40   1    194  1.00  0.00
30-40   2    241  1.00  0.00
30-40   3    213  1.00  0.00
30-40   4    100  1.00  0.00
30-40   5    140  1.00  0.00
30-40   6     12  1.00  0.00
40-50   1     51  1.00  0.00
40-50   2     48  1.00  0.00
40-50   3     33  1.00  0.00
40-50   4     17  1.00  0.00
40-50   5     12  1.00  0.00
40-50   6      2  1.00  0.00
50-60   1      0  0.00  0.00
50-60   2      0  0.00  0.00
50-60   3      0  0.00  0.00
50-60   4      0  0.00  0.00
50-60   5      0  0.00  0.00
50-60   6      0  0.00  0.00
60-70   1      0  0.00  0.00
60-70   2      0  0.00  0.00
60-70   3      0  0.00  0.00
60-70   4      0  0.00  0.00
60-70   5      0  0.00  0.00
60-70   6      0  0.00  0.00
70-80   1      0  0.00  0.00
70-80   2      0  0.00  0.00
70-80   3      0  0.00  0.00
70-80   4      0  0.00  0.00
70-80   5      0  0.00  0.00
70-80   6      0  0.00  0.00
80-90   1      0  0.00  0.00
80-90   2      0  0.00  0.00
80-90   3      0  0.00  0.00
80-90   4      0  0.00  0.00
80-90   5      0  0.00  0.00
80-90   6      0  0.00  0.00
90-100  1      0  0.00  0.00
90-100  2      0  0.00  0.00
90-100  3      0  0.00  0.00
90-100  4      0  0.00  0.00
90-100  5      0  0.00  0.00
90-100  6      0  0.00  0.00


   1                   : lake code
GCL                      DECEMBER 5-6 1978 NIGHT SURVEY  
781205                 : date
FURUNO FM 22         1 : 1 = FURUNO FM 22  /  2 = SIMRAD
10                     : Sounder Gain
                                                  
                                                                                                              

depth / transect / targets / %sockeye / %stickleback

  2-5   1      0  0.00  0.00
  2-5   2      0  0.00  0.00
  2-5   3      0  0.00  0.00
  2-5   4      0  0.00  0.00
  2-5   5      0  0.00  0.00
  2-5   6      0  0.00  0.00
  3-5   1      3  1.00  0.00
  3-5   2     13  1.00  0.00
  3-5   3      4  1.00  0.00
  3-5   4      3  1.00  0.00
  3-5   5      3  1.00  0.00
  3-5   6      2  1.00  0.00
 5-10   1     50  1.00  0.00
 5-10   2     41  1.00  0.00
 5-10   3     31  1.00  0.00
 5-10   4     13  1.00  0.00
 5-10   5     10  1.00  0.00
 5-10   6      2  1.00  0.00
10-15   1    167  1.00  0.00
10-15   2     90  1.00  0.00
10-15   3     41  1.00  0.00
10-15   4     16  1.00  0.00
10-15   5     29  1.00  0.00
10-15   6     10  1.00  0.00
15-20   1    358  1.00  0.00
15-20   2    256  1.00  0.00
15-20   3     77  1.00  0.00
15-20   4     69  1.00  0.00
15-20   5    110  1.00  0.00
15-20   6     46  1.00  0.00
20-30   1   1155  1.00  0.00
20-30   2    825  1.00  0.00
20-30   3    224  1.00  0.00
20-30   4    280  1.00  0.00
20-30   5    431  1.00  0.00
20-30   6     97  1.00  0.00
30-40   1   1066  1.00  0.00
30-40   2    749  1.00  0.00
30-40   3    328  1.00  0.00
30-40   4    253  1.00  0.00
30-40   5    675  1.00  0.00
30-40   6     79  1.00  0.00
40-50   1    525  1.00  0.00
40-50   2    588  1.00  0.00
40-50   3    400  1.00  0.00
40-50   4    365  1.00  0.00
40-50   5    568  1.00  0.00
40-50   6     65  1.00  0.00
50-60   1    109  1.00  0.00
50-60   2    137  1.00  0.00
50-60   3     98  1.00  0.00
50-60   4     88  1.00  0.00
50-60   5    133  1.00  0.00
50-60   6      0  0.00  0.00
60-70   1     32  1.00  0.00
60-70   2     42  1.00  0.00
60-70   3     14  1.00  0.00
60-70   4      9  1.00  0.00
60-70   5     25  1.00  0.00
60-70   6      0  0.00  0.00
70-80   1      0  0.00  0.00
70-80   2      0  0.00  0.00
70-80   3      0  0.00  0.00
70-80   4      0  0.00  0.00
70-80   5      0  0.00  0.00
70-80   6      0  0.00  0.00
80-90   1      0  0.00  0.00
80-90   2      0  0.00  0.00
80-90   3      0  0.00  0.00
80-90   4      0  0.00  0.00
80-90   5      0  0.00  0.00
80-90   6      0  0.00  0.00
90-100  1      0  0.00  0.00
90-100  2      0  0.00  0.00
90-100  3      0  0.00  0.00
90-100  4      0  0.00  0.00
90-100  5      0  0.00  0.00
90-100  6      0  0.00  0.00


   3                   : lake code
HENDERSON           NIGHT SURVEY
790313                 : date
FURUNO FM 22         1 : 1 = FURUNO FM 22  /  2 = SIMRAD
10   : Sounder Gain    : Sounder Gain
CLEAR FULL MOON
                                                                                                              

depth / transect / targets / %sockeye / %stickleback

  2-5   1      0  0.00  1.00
  2-5   2      0  0.00  1.00
  2-5   3      0  0.00  1.00
  2-5   4      0  0.00  1.00
  2-5   5      0  0.00  1.00
  2-5   6      0  0.00  1.00
  2-5   7      0  0.00  1.00
  2-5   8      0  0.00  0.00
  2-5   9      0  0.00  0.00
  2-5  10      0  0.00  0.00
  2-5  11      0  0.00  0.00
  2-5  12      0  0.00  0.00
  2-5  13      0  0.00  0.00
  2-5  14      0  0.00  0.00
  2-5  15      0  0.00  0.00
  2-5  16      0  0.00  0.00
  2-5  17      0  0.00  0.00
  2-5  18      0  0.00  0.00
  3-5   1      0  0.00  0.00
  3-5   2      0  0.00  0.00
  3-5   3      0  0.00  0.00
  3-5   4      0  0.00  0.00
  3-5   5      0  0.00  0.00
  3-5   6      0  0.00  0.00
  3-5   7      0  0.00  0.00
  3-5   8      0  0.00  0.00
  3-5   9      0  0.00  0.00
  3-5  10      0  0.00  0.00
  3-5  11      0  0.00  0.00
  3-5  12      0  0.00  0.00
  3-5  13      0  0.00  0.00
  3-5  14      0  0.00  0.00
  3-5  15      0  0.00  0.00
  3-5  16      0  0.00  0.00
  3-5  17      0  0.00  0.00
  3-5  18      0  0.00  0.00
 5-10   1      0  0.00  1.00
 5-10   2      0  0.00  1.00
 5-10   3      0  0.00  1.00
 5-10   4      0  0.00  1.00
 5-10   5      0  0.00  1.00
 5-10   6      0  0.00  1.00
 5-10   7      0  0.00  1.00
 5-10   8      0  0.00  0.00
 5-10   9      0  0.00  0.00
 5-10  10      0  0.00  0.00
 5-10  11      0  0.00  0.00
 5-10  12      0  0.00  0.00
 5-10  13      0  0.00  0.00
 5-10  14      0  0.00  0.00
 5-10  15      0  0.00  0.00
 5-10  16      0  0.00  0.00
 5-10  17      0  0.00  0.00
 5-10  18      0  0.00  0.00
10-15   1      7  0.00  1.00
10-15   2     63  0.00  1.00
10-15   3     27  0.00  1.00
10-15   4     17  0.00  1.00
10-15   5     17  0.00  1.00
10-15   6      1  0.00  1.00
10-15   7      0  0.00  1.00
10-15   8      0  0.00  0.00
10-15   9      0  0.00  0.00
10-15  10      0  0.00  0.00
10-15  11      0  0.00  0.00
10-15  12      0  0.00  0.00
10-15  13      0  0.00  0.00
10-15  14      0  0.00  0.00
10-15  15      0  0.00  0.00
10-15  16      0  0.00  0.00
10-15  17      0  0.00  0.00
10-15  18      0  0.00  0.00
15-20   1    116  0.03  0.97
15-20   2    332  0.03  0.97
15-20   3     58  0.03  0.97
15-20   4     47  0.03  0.97
15-20   5     49  0.03  0.97
15-20   6     12  0.03  0.97
15-20   7      2  0.03  0.97
15-20   8      0  0.00  0.00
15-20   9      0  0.00  0.00
15-20  10      0  0.00  0.00
15-20  11      0  0.00  0.00
15-20  12      0  0.00  0.00
15-20  13      0  0.00  0.00
15-20  14      0  0.00  0.00
15-20  15      0  0.00  0.00
15-20  16      0  0.00  0.00
15-20  17      0  0.00  0.00
15-20  18      0  0.00  0.00
20-30   1     83  0.10  0.90
20-30   2    138  0.10  0.90
20-30   3     90  0.10  0.90
20-30   4     70  0.10  0.90
20-30   5     79  0.10  0.90
20-30   6     30  0.10  0.90
20-30   7     10  0.10  0.90
20-30   8      0  0.00  0.00
20-30   9      0  0.00  0.00
20-30  10      0  0.00  0.00
20-30  11      0  0.00  0.00
20-30  12      0  0.00  0.00
20-30  13      0  0.00  0.00
20-30  14      0  0.00  0.00
20-30  15      0  0.00  0.00
20-30  16      0  0.00  0.00
20-30  17      0  0.00  0.00
20-30  18      0  0.00  0.00
30-40   1     33  0.20  0.80
30-40   2     30  0.20  0.80
30-40   3     14  0.20  0.80
30-40   4     30  0.20  0.80
30-40   5     60  0.20  0.80
30-40   6     37  0.20  0.80
30-40   7      6  0.20  0.80
30-40   8      0  0.00  0.00
30-40   9      0  0.00  0.00
30-40  10      0  0.00  0.00
30-40  11      0  0.00  0.00
30-40  12      0  0.00  0.00
30-40  13      0  0.00  0.00
30-40  14      0  0.00  0.00
30-40  15      0  0.00  0.00
30-40  16      0  0.00  0.00
30-40  17      0  0.00  0.00
30-40  18      0  0.00  0.00
40-50   1     28  0.20  0.80
40-50   2     73  0.20  0.80
40-50   3    113  0.20  0.80
40-50   4    147  0.20  0.80
40-50   5    199  0.20  0.80
40-50   6     84  0.20  0.80
40-50   7     14  0.20  0.80
40-50   8      0  0.00  0.00
40-50   9      0  0.00  0.00
40-50  10      0  0.00  0.00
40-50  11      0  0.00  0.00
40-50  12      0  0.00  0.00
40-50  13      0  0.00  0.00
40-50  14      0  0.00  0.00
40-50  15      0  0.00  0.00
40-50  16      0  0.00  0.00
40-50  17      0  0.00  0.00
40-50  18      0  0.00  0.00
50-60   1     91  1.00  0.00
50-60   2    228  1.00  0.00
50-60   3    323  1.00  0.00
50-60   4    362  1.00  0.00
50-60   5    384  1.00  0.00
50-60   6    358  1.00  0.00
50-60   7     79  1.00  0.00
50-60   8      0  0.00  0.00
50-60   9      0  0.00  0.00
50-60  10      0  0.00  0.00
50-60  11      0  0.00  0.00
50-60  12      0  0.00  0.00
50-60  13      0  0.00  0.00
50-60  14      0  0.00  0.00
50-60  15      0  0.00  0.00
50-60  16      0  0.00  0.00
50-60  17      0  0.00  0.00
50-60  18      0  0.00  0.00
60-70   1     73  1.00  0.00
60-70   2    163  1.00  0.00
60-70   3    206  1.00  0.00
60-70   4    243  1.00  0.00
60-70   5    255  1.00  0.00
60-70   6    248  1.00  0.00
60-70   7     81  1.00  0.00
60-70   8      0  0.00  0.00
60-70   9      0  0.00  0.00
60-70  10      0  0.00  0.00
60-70  11      0  0.00  0.00
60-70  12      0  0.00  0.00
60-70  13      0  0.00  0.00
60-70  14      0  0.00  0.00
60-70  15      0  0.00  0.00
60-70  16      0  0.00  0.00
60-70  17      0  0.00  0.00
60-70  18      0  0.00  0.00


   6                   : lake code
HOBITON             NIGHT SURVEY
790314                 : date
FURUNO FM 22         1 : 1 = FURUNO FM 22  /  2 = SIMRAD
10   : Sounder Gain    : Sounder Gain

                                                                                                              

depth / transect / targets / %sockeye / %stickleback

  2-5   1      2  1.00  0.00
  2-5   2      5  1.00  0.00
  2-5   3      5  1.00  0.00
  2-5   4      3  1.00  0.00
  2-5   5      2  1.00  0.00
  2-5   6      0  0.00  0.00
  2-5   7      0  0.00  0.00
  2-5   8      0  0.00  0.00
  2-5   9      0  0.00  0.00
  2-5  10      0  0.00  0.00
  2-5  11      0  0.00  0.00
  3-5   1      0  0.00  0.00
  3-5   2      0  0.00  0.00
  3-5   3      0  0.00  0.00
  3-5   4      0  0.00  0.00
  3-5   5      0  0.00  0.00
  3-5   6      0  0.00  0.00
  3-5   7      0  0.00  0.00
  3-5   8      0  0.00  0.00
  3-5   9      0  0.00  0.00
  3-5  10      0  0.00  0.00
  3-5  11      0  0.00  0.00
 5-10   1      2  1.00  0.00
 5-10   2      8  1.00  0.00
 5-10   3     20  1.00  0.00
 5-10   4     17  1.00  0.00
 5-10   5      0  1.00  0.00
 5-10   6      0  0.00  0.00
 5-10   7      0  0.00  0.00
 5-10   8      0  0.00  0.00
 5-10   9      0  0.00  0.00
 5-10  10      0  0.00  0.00
 5-10  11      0  0.00  0.00
10-15   1      3  1.00  0.00
10-15   2     17  1.00  0.00
10-15   3     17  1.00  0.00
10-15   4     35  1.00  0.00
10-15   5      5  1.00  0.00
10-15   6      0  0.00  0.00
10-15   7      0  0.00  0.00
10-15   8      0  0.00  0.00
10-15   9      0  0.00  0.00
10-15  10      0  0.00  0.00
10-15  11      0  0.00  0.00
15-20   1     11  1.00  0.00
15-20   2      9  1.00  0.00
15-20   3     16  1.00  0.00
15-20   4     35  1.00  0.00
15-20   5      6  1.00  0.00
15-20   6      0  0.00  0.00
15-20   7      0  0.00  0.00
15-20   8      0  0.00  0.00
15-20   9      0  0.00  0.00
15-20  10      0  0.00  0.00
15-20  11      0  0.00  0.00
20-30   1     15  1.00  0.00
20-30   2     11  1.00  0.00
20-30   3     28  1.00  0.00
20-30   4     89  1.00  0.00
20-30   5     63  1.00  0.00
20-30   6      0  0.00  0.00
20-30   7      0  0.00  0.00
20-30   8      0  0.00  0.00
20-30   9      0  0.00  0.00
20-30  10      0  0.00  0.00
20-30  11      0  0.00  0.00
30-40   1     41  1.00  0.00
30-40   2     21  1.00  0.00
30-40   3     50  1.00  0.00
30-40   4    111  1.00  0.00
30-40   5     25  1.00  0.00
30-40   6      0  0.00  0.00
30-40   7      0  0.00  0.00
30-40   8      0  0.00  0.00
30-40   9      0  0.00  0.00
30-40  10      0  0.00  0.00
30-40  11      0  0.00  0.00
40-50   1      0  0.00  0.00
40-50   2     16  1.00  0.00
40-50   3     36  1.00  0.00
40-50   4     92  1.00  0.00
40-50   5      4  1.00  0.00
40-50   6      0  0.00  0.00
40-50   7      0  0.00  0.00
40-50   8      0  0.00  0.00
40-50   9      0  0.00  0.00
40-50  10      0  0.00  0.00
40-50  11      0  0.00  0.00
50-60   1      0  0.00  0.00
50-60   2      0  0.00  0.00
50-60   3      0  0.00  0.00
50-60   4      0  0.00  0.00
50-60   5      0  0.00  0.00
50-60   6      0  0.00  0.00
50-60   7      0  0.00  0.00
50-60   8      0  0.00  0.00
50-60   9      0  0.00  0.00
50-60  10      0  0.00  0.00
50-60  11      0  0.00  0.00


  40                   : lake code
KCA                 
780815                 : date
FURUNO FM 22         1 : 1 = FURUNO FM 22  /  2 = SIMRAD
10                     : Sounder Gain
OLD TRANSECTS. TR #13 & 16 NOT SOUNDED.           
                                                                                                              

depth / transect / targets / %sockeye / %stickleback

  2-5   1      0  0.00  0.00
  2-5   2      0  0.00  0.00
  2-5   3      0  0.00  0.00
  2-5   4      0  0.00  0.00
  2-5   5      0  0.00  0.00
  2-5   6      0  0.00  0.00
  2-5   7      0  0.00  0.00
  2-5   8      0  0.00  0.00
  2-5   9      0  0.00  0.00
  2-5  10      0  0.00  0.00
  2-5  11      0  0.00  0.00
  2-5  12      0  0.00  0.00
  2-5  13      0  0.00  0.00
  2-5  14      0  0.00  0.00
  2-5  15      0  0.00  0.00
  2-5  16      0  0.00  0.00
  3-5   1      0  0.00  0.00
  3-5   2      0  0.00  0.00
  3-5   3      0  0.00  0.00
  3-5   4      0  0.00  0.00
  3-5   5      0  0.00  0.00
  3-5   6      0  0.00  0.00
  3-5   7      0  0.00  0.00
  3-5   8      2  0.00  1.00
  3-5   9     12  0.00  1.00
  3-5  10      4  0.00  1.00
  3-5  11      2  0.00  1.00
  3-5  12      5  0.00  1.00
  3-5  13      0  0.00  0.00
  3-5  14      6  0.00  1.00
  3-5  15      9  0.00  1.00
  3-5  16      0  0.00  0.00
 5-10   1      0  0.00  0.00
 5-10   2      0  0.00  0.00
 5-10   3      0  0.00  0.00
 5-10   4      0  0.00  0.00
 5-10   5      0  0.00  0.00
 5-10   6      0  0.00  0.00
 5-10   7      0  0.00  0.00
 5-10   8    144  0.00  1.00
 5-10   9    363  0.00  1.00
 5-10  10    574  0.00  1.00
 5-10  11    157  0.00  1.00
 5-10  12    281  0.00  1.00
 5-10  13      0  0.00  0.00
 5-10  14    319  0.00  1.00
 5-10  15    205  0.00  1.00
 5-10  16      0  0.00  0.00
10-15   1      0  0.00  0.00
10-15   2      0  0.00  0.00
10-15   3      0  0.00  0.00
10-15   4      0  0.00  0.00
10-15   5      0  0.00  0.00
10-15   6      0  0.00  0.00
10-15   7      0  0.00  0.00
10-15   8    675  0.80  0.20
10-15   9    782  0.80  0.20
10-15  10    493  0.80  0.20
10-15  11    169  0.80  0.20
10-15  12    269  0.80  0.20
10-15  13      0  0.00  0.00
10-15  14    187  0.80  0.20
10-15  15    270  0.80  0.20
10-15  16      0  0.00  0.00
15-20   1      0  0.00  0.00
15-20   2      0  0.00  0.00
15-20   3      0  0.00  0.00
15-20   4      0  0.00  0.00
15-20   5      0  0.00  0.00
15-20   6      0  0.00  0.00
15-20   7      0  0.00  0.00
15-20   8     31  0.00  0.00
15-20   9     39  0.00  0.00
15-20  10      8  0.80  0.20
15-20  11      3  0.80  0.20
15-20  12     19  0.80  0.20
15-20  13      0  0.00  0.00
15-20  14     21  0.80  0.20
15-20  15     41  0.80  0.20
15-20  16      0  0.00  0.00
20-30   1      0  0.00  0.00
20-30   2      0  0.00  0.00
20-30   3      0  0.00  0.00
20-30   4      0  0.00  0.00
20-30   5      0  0.00  0.00
20-30   6      0  0.00  0.00
20-30   7      0  0.00  0.00
20-30   8      3  1.00  0.00
20-30   9     23  1.00  0.00
20-30  10     15  1.00  0.00
20-30  11      4  1.00  0.00
20-30  12      6  1.00  0.00
20-30  13      0  0.00  0.00
20-30  14     16  1.00  0.00
20-30  15      9  1.00  0.00
20-30  16      0  0.00  0.00
30-40   1      0  0.00  0.00
30-40   2      0  0.00  0.00
30-40   3      0  0.00  0.00
30-40   4      0  0.00  0.00
30-40   5      0  0.00  0.00
30-40   6      0  0.00  0.00
30-40   7      0  0.00  0.00
30-40   8      1  1.00  0.00
30-40   9     17  1.00  0.00
30-40  10     13  1.00  0.00
30-40  11      4  1.00  0.00
30-40  12      2  1.00  0.00
30-40  13      0  0.00  0.00
30-40  14     17  1.00  0.00
30-40  15      8  1.00  0.00
30-40  16      0  0.00  0.00
40-50   1      0  0.00  0.00
40-50   2      0  0.00  0.00
40-50   3      0  0.00  0.00
40-50   4      0  0.00  0.00
40-50   5      0  0.00  0.00
40-50   6      0  0.00  0.00
40-50   7      0  0.00  0.00
40-50   8      3  1.00  0.00
40-50   9      9  1.00  0.00
40-50  10      8  1.00  0.00
40-50  11      4  1.00  0.00
40-50  12      2  1.00  0.00
40-50  13      0  0.00  0.00
40-50  14      3  1.00  0.00
40-50  15      5  1.00  0.00
40-50  16      0  0.00  0.00
50-60   1      0  0.00  0.00
50-60   2      0  0.00  0.00
50-60   3      0  0.00  0.00
50-60   4      0  0.00  0.00
50-60   5      0  0.00  0.00
50-60   6      0  0.00  0.00
50-60   7      0  0.00  0.00
50-60   8      0  0.00  0.00
50-60   9      0  0.00  0.00
50-60  10      0  0.00  0.00
50-60  11      0  0.00  0.00
50-60  12      0  0.00  0.00
50-60  13      0  0.00  0.00
50-60  14      0  0.00  0.00
50-60  15      0  0.00  0.00
50-60  16      0  0.00  0.00
60-70   1      0  0.00  0.00
60-70   2      0  0.00  0.00
60-70   3      0  0.00  0.00
60-70   4      0  0.00  0.00
60-70   5      0  0.00  0.00
60-70   6      0  0.00  0.00
60-70   7      0  0.00  0.00
60-70   8      0  0.00  0.00
60-70   9      0  0.00  0.00
60-70  10      0  0.00  0.00
60-70  11      0  0.00  0.00
60-70  12      0  0.00  0.00
60-70  13      0  0.00  0.00
60-70  14      0  0.00  0.00
60-70  15      0  0.00  0.00
60-70  16      0  0.00  0.00


  40                   : lake code
KCA                 
781115                 : date
FURUNO FG 200        1 : 1 = FURUNO FM 22  /  2 = SIMRAD
10                     : Sounder Gain
OLD  TRANSECTS.                                   
                                                                                                              

depth / transect / targets / %sockeye / %stickleback

  2-5   1      0  0.00  0.00
  2-5   2      0  0.00  0.00
  2-5   3      0  0.00  0.00
  2-5   4      0  0.00  0.00
  2-5   5      0  0.00  0.00
  2-5   6      0  0.00  0.00
  2-5   7      0  0.00  0.00
  2-5   8      0  0.00  0.00
  2-5   9      0  0.00  0.00
  2-5  10      0  0.00  0.00
  2-5  11      0  0.00  0.00
  2-5  12      0  0.00  0.00
  2-5  13      0  0.00  0.00
  2-5  14      0  0.00  0.00
  2-5  15      0  0.00  0.00
  2-5  16      0  0.00  0.00
  3-5   1      0  0.00  0.00
  3-5   2      0  0.00  0.00
  3-5   3      0  0.00  0.00
  3-5   4      0  0.00  0.00
  3-5   5      0  0.00  0.00
  3-5   6      0  0.00  0.00
  3-5   7      0  0.00  0.00
  3-5   8      3  0.00  1.00
  3-5   9      1  0.00  1.00
  3-5  10      3  0.00  1.00
  3-5  11      1  0.00  1.00
  3-5  12      1  0.00  1.00
  3-5  13      5  0.00  1.00
  3-5  14      3  0.00  1.00
  3-5  15      3  0.00  1.00
  3-5  16     11  0.00  1.00
 5-10   1      0  0.00  0.00
 5-10   2      0  0.00  0.00
 5-10   3      0  0.00  0.00
 5-10   4      0  0.00  0.00
 5-10   5      0  0.00  0.00
 5-10   6      0  0.00  0.00
 5-10   7      0  0.00  0.00
 5-10   8      4  0.00  1.00
 5-10   9     23  0.00  1.00
 5-10  10     40  0.00  1.00
 5-10  11      6  0.00  1.00
 5-10  12     12  0.00  1.00
 5-10  13      6  0.00  1.00
 5-10  14      7  0.00  1.00
 5-10  15      3  0.00  1.00
 5-10  16      4  0.00  1.00
10-15   1      0  0.00  0.00
10-15   2      0  0.00  0.00
10-15   3      0  0.00  0.00
10-15   4      0  0.00  0.00
10-15   5      0  0.00  0.00
10-15   6      0  0.00  0.00
10-15   7      0  0.00  0.00
10-15   8     23  0.00  1.00
10-15   9     85  0.00  1.00
10-15  10     75  0.00  1.00
10-15  11      7  0.00  1.00
10-15  12      6  0.00  1.00
10-15  13     25  0.00  1.00
10-15  14     34  0.00  1.00
10-15  15      4  0.00  1.00
10-15  16      3  0.00  1.00
15-20   1      0  0.00  0.00
15-20   2      0  0.00  0.00
15-20   3      0  0.00  0.00
15-20   4      0  0.00  0.00
15-20   5      0  0.00  0.00
15-20   6      0  0.00  0.00
15-20   7      0  0.00  0.00
15-20   8     98  0.03  0.97
15-20   9    244  0.03  0.97
15-20  10    233  0.03  0.97
15-20  11     23  0.03  0.97
15-20  12     21  0.03  0.97
15-20  13    210  0.03  0.97
15-20  14    407  0.03  0.97
15-20  15     44  0.03  0.97
15-20  16     73  0.03  0.97
20-30   1      0  0.00  0.00
20-30   2      0  0.00  0.00
20-30   3      0  0.00  0.00
20-30   4      0  0.00  0.00
20-30   5      0  0.00  0.00
20-30   6      0  0.00  0.00
20-30   7      0  0.00  0.00
20-30   8    387  0.05  0.95
20-30   9    866  0.05  0.95
20-30  10    996  0.05  0.95
20-30  11    271  0.05  0.95
20-30  12    368  0.05  0.95
20-30  13    830  0.05  0.95
20-30  14   1280  0.05  0.95
20-30  15    250  0.05  0.95
20-30  16    631  0.05  0.95
30-40   1      0  0.00  0.00
30-40   2      0  0.00  0.00
30-40   3      0  0.00  0.00
30-40   4      0  0.00  0.00
30-40   5      0  0.00  0.00
30-40   6      0  0.00  0.00
30-40   7      0  0.00  0.00
30-40   8    312  0.50  0.50
30-40   9    709  0.50  0.50
30-40  10    780  0.50  0.50
30-40  11    320  0.50  0.50
30-40  12    492  0.50  0.50
30-40  13    719  0.50  0.50
30-40  14    924  0.50  0.50
30-40  15    179  0.50  0.50
30-40  16    686  0.50  0.50
40-50   1      0  0.00  0.00
40-50   2      0  0.00  0.00
40-50   3      0  0.00  0.00
40-50   4      0  0.00  0.00
40-50   5      0  0.00  0.00
40-50   6      0  0.00  0.00
40-50   7      0  0.00  0.00
40-50   8     95  1.00  0.00
40-50   9    281  1.00  0.00
40-50  10    410  1.00  0.00
40-50  11    192  1.00  0.00
40-50  12    336  1.00  0.00
40-50  13    501  1.00  0.00
40-50  14    899  1.00  0.00
40-50  15    174  1.00  0.00
40-50  16    266  1.00  0.00
50-60   1      0  0.00  0.00
50-60   2      0  0.00  0.00
50-60   3      0  0.00  0.00
50-60   4      0  0.00  0.00
50-60   5      0  0.00  0.00
50-60   6      0  0.00  0.00
50-60   7      0  0.00  0.00
50-60   8      0  1.00  0.00
50-60   9      0  1.00  0.00
50-60  10      0  1.00  0.00
50-60  11     14  1.00  0.00
50-60  12     54  1.00  0.00
50-60  13     74  1.00  0.00
50-60  14    103  1.00  0.00
50-60  15     71  1.00  0.00
50-60  16      0  1.00  0.00
60-70   1      0  0.00  0.00
60-70   2      0  0.00  0.00
60-70   3      0  0.00  0.00
60-70   4      0  0.00  0.00
60-70   5      0  0.00  0.00
60-70   6      0  0.00  0.00
60-70   7      0  0.00  0.00
60-70   8      0  0.00  0.00
60-70   9      0  0.00  0.00
60-70  10      0  0.00  0.00
60-70  11      0  0.00  0.00
60-70  12      0  0.00  0.00
60-70  13      0  0.00  0.00
60-70  14      0  0.00  0.00
60-70  15      0  0.00  0.00
60-70  16      0  0.00  0.00


  17                   : lake code
KITLOPE             NIGHT SURVEY
780629                 : date
FURUNO FM 22         1 : 1 = FURUNO FM 22  /  2 = SIMRAD
10   : Sounder Gain    : Sounder Gain

ESTIMATE BASED ON THREE TRANSECTS.                                                                            

depth / transect / targets / %sockeye / %stickleback

  2-5   1      0  1.00  0.00
  2-5   2      2  1.00  0.00
  2-5   3      1  1.00  0.00
  2-5   4      0  0.00  0.00
  3-5   1      0  0.00  0.00
  3-5   2      0  0.00  0.00
  3-5   3      0  0.00  0.00
  3-5   4      0  0.00  0.00
 5-10   1      4  1.00  0.00
 5-10   2      3  1.00  0.00
 5-10   3      1  1.00  0.00
 5-10   4      0  0.00  0.00
10-15   1      2  1.00  0.00
10-15   2      5  1.00  0.00
10-15   3      1  1.00  0.00
10-15   4      0  0.00  0.00
15-20   1      0  1.00  0.00
15-20   2      4  1.00  0.00
15-20   3      1  1.00  0.00
15-20   4      0  0.00  0.00
20-30   1     17  1.00  0.00
20-30   2     60  1.00  0.00
20-30   3     63  1.00  0.00
20-30   4      0  0.00  0.00
30-40   1      9  1.00  0.00
30-40   2    103  1.00  0.00
30-40   3    120  1.00  0.00
30-40   4      0  0.00  0.00
40-50   1      0  0.00  0.00
40-50   2    126  1.00  0.00
40-50   3    118  1.00  0.00
40-50   4      0  0.00  0.00
50-60   1      0  1.00  0.00
50-60   2     43  1.00  0.00
50-60   3      0  0.00  0.00
50-60   4      0  0.00  0.00
60-70   1      0  0.00  0.00
60-70   2      0  0.00  0.00
60-70   3      0  0.00  0.00
60-70   4      0  0.00  0.00


  17                   : lake code
KITLOPE             NIGHT SURVEY
780915                 : date
FURUNO FM 22         1 : 1 = FURUNO FM 22  /  2 = SIMRAD
10   : Sounder Gain    : Sounder Gain
INTERMITTENT RAIN
                                                                                                              

depth / transect / targets / %sockeye / %stickleback

  2-5   1      2  1.00  0.00
  2-5   2      0  1.00  0.00
  2-5   3      0  1.00  0.00
  2-5   4      3  1.00  0.00
  3-5   1      0  0.00  0.00
  3-5   2      0  0.00  0.00
  3-5   3      0  0.00  0.00
  3-5   4      0  0.00  0.00
 5-10   1      2  1.00  0.00
 5-10   2      2  1.00  0.00
 5-10   3      0  1.00  0.00
 5-10   4      4  1.00  0.00
10-15   1      0  1.00  0.00
10-15   2      7  1.00  0.00
10-15   3      9  1.00  0.00
10-15   4     10  1.00  0.00
15-20   1      3  1.00  0.00
15-20   2      8  1.00  0.00
15-20   3     21  1.00  0.00
15-20   4     15  1.00  0.00
20-30   1     43  1.00  0.00
20-30   2     41  1.00  0.00
20-30   3     58  1.00  0.00
20-30   4     33  1.00  0.00
30-40   1     12  1.00  0.00
30-40   2     34  1.00  0.00
30-40   3     30  1.00  0.00
30-40   4     20  1.00  0.00
40-50   1      0  0.00  0.00
40-50   2     57  1.00  0.00
40-50   3     12  1.00  0.00
40-50   4     10  1.00  0.00
50-60   1      0  0.00  0.00
50-60   2      8  1.00  0.00
50-60   3      2  1.00  0.00
50-60   4      7  1.00  0.00
60-70   1      0  0.00  0.00
60-70   2      0  1.00  0.00
60-70   3      0  1.00  0.00
60-70   4      4  1.00  0.00


  41                   : lake code
KMA                 
780814                 : date
FURUNO FM 22         1 : 1 = FURUNO FM 22  /  2 = SIMRAD
10                     : Sounder Gain
OLD TRANSECTS.                                    
                                                                                                              

depth / transect / targets / %sockeye / %stickleback

  2-5   1      0  0.00  0.00
  2-5   2      0  0.00  0.00
  2-5   3      0  0.00  0.00
  2-5   4      0  0.00  0.00
  2-5   5      0  0.00  0.00
  2-5   6      0  0.00  0.00
  2-5   7      0  0.00  0.00
  2-5   8      0  0.00  0.00
  2-5   9      0  0.00  0.00
  2-5  10      0  0.00  0.00
  2-5  11      0  0.00  0.00
  2-5  12      0  0.00  0.00
  2-5  13      0  0.00  0.00
  2-5  14      0  0.00  0.00
  2-5  15      0  0.00  0.00
  3-5   1      0  0.00  0.00
  3-5   2      0  0.00  0.00
  3-5   3      0  0.00  0.00
  3-5   4      0  0.00  0.00
  3-5   5      0  0.00  0.00
  3-5   6      0  0.00  0.00
  3-5   7      0  0.00  0.00
  3-5   8     11  0.00  1.00
  3-5   9     15  0.00  1.00
  3-5  10      8  0.00  1.00
  3-5  11     35  0.00  1.00
  3-5  12      4  0.00  1.00
  3-5  13      3  0.00  1.00
  3-5  14     12  0.00  1.00
  3-5  15     11  0.00  1.00
 5-10   1      0  0.00  0.00
 5-10   2      0  0.00  0.00
 5-10   3      0  0.00  0.00
 5-10   4      0  0.00  0.00
 5-10   5      0  0.00  0.00
 5-10   6      0  0.00  0.00
 5-10   7      0  0.00  0.00
 5-10   8    281  0.00  1.00
 5-10   9    386  0.00  1.00
 5-10  10    146  0.00  1.00
 5-10  11     97  0.00  1.00
 5-10  12     76  0.00  1.00
 5-10  13    144  0.00  1.00
 5-10  14     50  0.00  1.00
 5-10  15     36  0.00  1.00
10-15   1      0  0.00  0.00
10-15   2      0  0.00  0.00
10-15   3      0  0.00  0.00
10-15   4      0  0.00  0.00
10-15   5      0  0.00  0.00
10-15   6      0  0.00  0.00
10-15   7      0  0.00  0.00
10-15   8    925  0.01  0.99
10-15   9    775  0.01  0.99
10-15  10    724  0.01  0.99
10-15  11    362  0.01  0.99
10-15  12    384  0.01  0.99
10-15  13    505  0.01  0.99
10-15  14    449  0.01  0.99
10-15  15    411  0.01  0.99
15-20   1      0  0.00  0.00
15-20   2      0  0.00  0.00
15-20   3      0  0.00  0.00
15-20   4      0  0.00  0.00
15-20   5      0  0.00  0.00
15-20   6      0  0.00  0.00
15-20   7      0  0.00  0.00
15-20   8    721  0.03  0.97
15-20   9    703  0.03  0.97
15-20  10    344  0.03  0.97
15-20  11    101  0.03  0.97
15-20  12     54  0.53  0.47
15-20  13    151  0.53  0.47
15-20  14    234  0.53  0.47
15-20  15    145  0.53  0.47
20-30   1      0  0.00  0.00
20-30   2      0  0.00  0.00
20-30   3      0  0.00  0.00
20-30   4      0  0.00  0.00
20-30   5      0  0.00  0.00
20-30   6      0  0.00  0.00
20-30   7      0  0.00  0.00
20-30   8    180  0.14  0.86
20-30   9    253  0.14  0.86
20-30  10    192  0.14  0.86
20-30  11     80  0.14  0.86
20-30  12     32  0.53  0.47
20-30  13     67  0.53  0.47
20-30  14    138  0.53  0.47
20-30  15     36  0.53  0.47
30-40   1      0  0.00  0.00
30-40   2      0  0.00  0.00
30-40   3      0  0.00  0.00
30-40   4      0  0.00  0.00
30-40   5      0  0.00  0.00
30-40   6      0  0.00  0.00
30-40   7      0  0.00  0.00
30-40   8      0  0.00  0.00
30-40   9      5  1.00  0.00
30-40  10     31  1.00  0.00
30-40  11      6  1.00  0.00
30-40  12      7  1.00  0.00
30-40  13     24  1.00  0.00
30-40  14     29  1.00  0.00
30-40  15      6  1.00  0.00
40-50   1      0  0.00  0.00
40-50   2      0  0.00  0.00
40-50   3      0  0.00  0.00
40-50   4      0  0.00  0.00
40-50   5      0  0.00  0.00
40-50   6      0  0.00  0.00
40-50   7      0  0.00  0.00
40-50   8      0  0.00  0.00
40-50   9      0  0.00  0.00
40-50  10      0  1.00  0.00
40-50  11      1  1.00  0.00
40-50  12      0  1.00  0.00
40-50  13      1  1.00  0.00
40-50  14      1  1.00  0.00
40-50  15      0  1.00  0.00
50-60   1      0  0.00  0.00
50-60   2      0  0.00  0.00
50-60   3      0  0.00  0.00
50-60   4      0  0.00  0.00
50-60   5      0  0.00  0.00
50-60   6      0  0.00  0.00
50-60   7      0  0.00  0.00
50-60   8      0  0.00  0.00
50-60   9      0  0.00  0.00
50-60  10      0  0.00  0.00
50-60  11      0  0.00  0.00
50-60  12      0  0.00  0.00
50-60  13      0  0.00  0.00
50-60  14      0  0.00  0.00
50-60  15      0  0.00  0.00
60-70   1      0  0.00  0.00
60-70   2      0  0.00  0.00
60-70   3      0  0.00  0.00
60-70   4      0  0.00  0.00
60-70   5      0  0.00  0.00
60-70   6      0  0.00  0.00
60-70   7      0  0.00  0.00
60-70   8      0  0.00  0.00
60-70   9      0  0.00  0.00
60-70  10      0  0.00  0.00
60-70  11      0  0.00  0.00
60-70  12      0  0.00  0.00
60-70  13      0  0.00  0.00
60-70  14      0  0.00  0.00
60-70  15      0  0.00  0.00


  41                   : lake code
KMA                 
781116                 : date
FURUNO FM 22         1 : 1 = FURUNO FM 22  /  2 = SIMRAD
10                     : Sounder Gain
OLD TRANSECTS. NO TRAWL DATA. TR #14 NOT SOUNDED. 
                                                                                                              

depth / transect / targets / %sockeye / %stickleback

  2-5   1      0  0.00  0.00
  2-5   2      0  0.00  0.00
  2-5   3      0  0.00  0.00
  2-5   4      0  0.00  0.00
  2-5   5      0  0.00  0.00
  2-5   6      0  0.00  0.00
  2-5   7      0  0.00  0.00
  2-5   8      0  1.00  0.00
  2-5   9      4  1.00  0.00
  2-5  10      3  1.00  0.00
  2-5  11     14  1.00  0.00
  2-5  12     13  1.00  0.00
  2-5  13      8  1.00  0.00
  2-5  14      0  0.00  0.00
  2-5  15      9  1.00  0.00
  3-5   1      0  0.00  0.00
  3-5   2      0  0.00  0.00
  3-5   3      0  0.00  0.00
  3-5   4      0  0.00  0.00
  3-5   5      0  0.00  0.00
  3-5   6      0  0.00  0.00
  3-5   7      0  0.00  0.00
  3-5   8      0  0.00  0.00
  3-5   9      0  0.00  0.00
  3-5  10      0  0.00  0.00
  3-5  11      0  0.00  0.00
  3-5  12      0  0.00  0.00
  3-5  13      0  0.00  0.00
  3-5  14      0  0.00  0.00
  3-5  15      0  0.00  0.00
 5-10   1      0  0.00  0.00
 5-10   2      0  0.00  0.00
 5-10   3      0  0.00  0.00
 5-10   4      0  0.00  0.00
 5-10   5      0  0.00  0.00
 5-10   6      0  0.00  0.00
 5-10   7      0  0.00  0.00
 5-10   8     18  1.00  0.00
 5-10   9     81  1.00  0.00
 5-10  10     13  1.00  0.00
 5-10  11     30  1.00  0.00
 5-10  12     46  1.00  0.00
 5-10  13     26  1.00  0.00
 5-10  14      0  0.00  0.00
 5-10  15     11  1.00  0.00
10-15   1      0  0.00  0.00
10-15   2      0  0.00  0.00
10-15   3      0  0.00  0.00
10-15   4      0  0.00  0.00
10-15   5      0  0.00  0.00
10-15   6      0  0.00  0.00
10-15   7      0  0.00  0.00
10-15   8     56  1.00  0.00
10-15   9    283  1.00  0.00
10-15  10     44  1.00  0.00
10-15  11    223  1.00  0.00
10-15  12    198  1.00  0.00
10-15  13    170  1.00  0.00
10-15  14      0  0.00  0.00
10-15  15     48  1.00  0.00
15-20   1      0  0.00  0.00
15-20   2      0  0.00  0.00
15-20   3      0  0.00  0.00
15-20   4      0  0.00  0.00
15-20   5      0  0.00  0.00
15-20   6      0  0.00  0.00
15-20   7      0  0.00  0.00
15-20   8     47  1.00  0.00
15-20   9    251  1.00  0.00
15-20  10    143  1.00  0.00
15-20  11    176  1.00  0.00
15-20  12    335  1.00  0.00
15-20  13    344  1.00  0.00
15-20  14      0  0.00  0.00
15-20  15     99  1.00  0.00
20-30   1      0  0.00  0.00
20-30   2      0  0.00  0.00
20-30   3      0  0.00  0.00
20-30   4      0  0.00  0.00
20-30   5      0  0.00  0.00
20-30   6      0  0.00  0.00
20-30   7      0  0.00  0.00
20-30   8    413  1.00  0.00
20-30   9    649  1.00  0.00
20-30  10    706  1.00  0.00
20-30  11    413  1.00  0.00
20-30  12    170  1.00  0.00
20-30  13    196  1.00  0.00
20-30  14      0  0.00  0.00
20-30  15     11  1.00  0.00
30-40   1      0  0.00  0.00
30-40   2      0  0.00  0.00
30-40   3      0  0.00  0.00
30-40   4      0  0.00  0.00
30-40   5      0  0.00  0.00
30-40   6      0  0.00  0.00
30-40   7      0  0.00  0.00
30-40   8      0  0.00  0.00
30-40   9     86  1.00  0.00
30-40  10     67  1.00  0.00
30-40  11    153  1.00  0.00
30-40  12    385  1.00  0.00
30-40  13    557  1.00  0.00
30-40  14      0  0.00  0.00
30-40  15    932  1.00  0.00
40-50   1      0  0.00  0.00
40-50   2      0  0.00  0.00
40-50   3      6  0.00  0.00
40-50   4      0  0.00  0.00
40-50   5      0  0.00  0.00
40-50   6      0  0.00  0.00
40-50   7      0  0.00  0.00
40-50   8      0  0.00  0.00
40-50   9      0  0.00  0.00
40-50  10      6  1.00  0.00
40-50  11     62  1.00  0.00
40-50  12    109  1.00  0.00
40-50  13    196  1.00  0.00
40-50  14      0  0.00  0.00
40-50  15    411  1.00  0.00
50-60   1      0  0.00  0.00
50-60   2      0  0.00  0.00
50-60   3      0  0.00  0.00
50-60   4      0  0.00  0.00
50-60   5      0  0.00  0.00
50-60   6      0  0.00  0.00
50-60   7      0  0.00  0.00
50-60   8      0  0.00  0.00
50-60   9      0  0.00  0.00
50-60  10      0  0.00  0.00
50-60  11      0  1.00  0.00
50-60  12      0  1.00  0.00
50-60  13      0  1.00  0.00
50-60  14      0  0.00  0.00
50-60  15     40  1.00  0.00
60-70   1      0  0.00  0.00
60-70   2      0  0.00  0.00
60-70   3      0  0.00  0.00
60-70   4      0  0.00  0.00
60-70   5      0  0.00  0.00
60-70   6      0  0.00  0.00
60-70   7      0  0.00  0.00
60-70   8      0  0.00  0.00
60-70   9      0  0.00  0.00
60-70  10      0  0.00  0.00
60-70  11      0  0.00  0.00
60-70  12      0  0.00  0.00
60-70  13      0  0.00  0.00
60-70  14      0  0.00  0.00
60-70  15      0  0.00  0.00


 802                   : lake code
Long Lk (B)               NIGHT SURVEY
780823                 : date
FURUNO FM 22         1 : 1 = FURUNO FM 22  /  2 = SIMRAD
10   : Sounder Gain    : Sounder Gain
ALONG NOT SOUNDED TR#1-5.
                                                                                                              

depth / transect / targets / %sockeye / %stickleback

  2-5   1     58  0.00  1.00
  2-5   2     72  0.00  1.00
  2-5   3     92  0.00  1.00
  2-5   4    145  0.00  1.00
  2-5   5      0  0.00  0.00
  2-5   6      0  0.00  0.00
  2-5   7      0  0.00  0.00
  3-5   1      0  0.00  0.00
  3-5   2      0  0.00  0.00
  3-5   3      0  0.00  0.00
  3-5   4      0  0.00  0.00
  3-5   5      0  0.00  0.00
  3-5   6      0  0.00  0.00
  3-5   7      0  0.00  0.00
 5-10   1    214  0.01  0.99
 5-10   2    465  0.01  0.99
 5-10   3   1065  0.01  0.99
 5-10   4    398  0.01  0.99
 5-10   5      0  0.00  0.00
 5-10   6      0  0.00  0.00
 5-10   7      0  0.00  0.00
10-15   1    350  0.05  0.90
10-15   2    424  0.05  0.95
10-15   3    433  0.05  0.95
10-15   4    269  0.05  0.95
10-15   5      0  0.00  0.00
10-15   6      0  0.00  0.00
10-15   7      0  0.00  0.00
15-20   1    712  0.13  0.87
15-20   2    692  0.13  0.87
15-20   3    472  0.13  0.87
15-20   4    369  0.13  0.87
15-20   5      0  0.00  0.00
15-20   6      0  0.00  0.00
15-20   7      0  0.00  0.00
20-30   1    386  0.60  0.40
20-30   2    480  0.60  0.40
20-30   3    526  0.40  0.60
20-30   4    180  0.40  0.60
20-30   5      0  0.00  0.00
20-30   6      0  0.00  0.00
20-30   7      0  0.00  0.00
30-40   1     13  1.00  0.00
30-40   2     11  1.00  0.00
30-40   3     36  1.00  0.00
30-40   4      8  1.00  0.00
30-40   5      0  0.00  0.00
30-40   6      0  0.00  0.00
30-40   7      0  0.00  0.00
40-50   1      5  1.00  0.00
40-50   2      8  1.00  0.00
40-50   3      8  1.00  0.00
40-50   4      3  1.00  0.00
40-50   5      0  0.00  0.00
40-50   6      0  0.00  0.00
40-50   7      0  0.00  0.00
50-60   1      0  0.00  0.00
50-60   2      0  0.00  0.00
50-60   3      0  0.00  0.00
50-60   4      0  0.00  0.00
50-60   5      0  0.00  0.00
50-60   6      0  0.00  0.00
50-60   7      0  0.00  0.00
60-70   1      0  0.00  0.00
60-70   2      0  0.00  0.00
60-70   3      0  0.00  0.00
60-70   4      0  0.00  0.00
60-70   5      0  0.00  0.00
60-70   6      0  0.00  0.00
60-70   7      0  0.00  0.00


 801                   : lake code
Long Lk (A)                             
790321                 : date
FURUNO               1 : 1 = FURUNO FM 22  /  2 = SIMRAD
10                     : Sounder Gain
                                                  
                                                                                                              

depth / transect / targets / %sockeye / %stickleback

  2-5   1      0  0.00  1.00
  2-5   2      0  0.00  1.00
  2-5   3      0  0.00  1.00
  2-5   4      0  0.00  1.00
  2-5   5      0  0.00  1.00
  2-5   6      0  0.00  0.00
  2-5   7      0  0.00  0.00
  2-5   8      0  0.00  0.00
  2-5   9      0  0.00  0.00
  3-5   1      0  0.00  0.00
  3-5   2      0  0.00  0.00
  3-5   3      0  0.00  0.00
  3-5   4      0  0.00  0.00
  3-5   5      0  0.00  0.00
  3-5   6      0  0.00  0.00
  3-5   7      0  0.00  0.00
  3-5   8      0  0.00  0.00
  3-5   9      0  0.00  0.00
 5-10   1      1  0.00  1.00
 5-10   2      1  0.00  1.00
 5-10   3      6  0.00  1.00
 5-10   4     20  0.00  1.00
 5-10   5     28  0.00  1.00
 5-10   6      0  0.00  0.00
 5-10   7      0  0.00  0.00
 5-10   8      0  0.00  0.00
 5-10   9      0  0.00  0.00
10-15   1     10  0.00  1.00
10-15   2      5  0.00  1.00
10-15   3     28  0.00  1.00
10-15   4     19  0.00  1.00
10-15   5     70  0.00  1.00
10-15   6      0  0.00  0.00
10-15   7      0  0.00  0.00
10-15   8      0  0.00  0.00
10-15   9      0  0.00  0.00
15-20   1     70  0.08  0.92
15-20   2     12  0.08  0.92
15-20   3     43  0.08  0.92
15-20   4     49  0.08  0.92
15-20   5    274  0.08  0.92
15-20   6      0  0.00  0.00
15-20   7      0  0.00  0.00
15-20   8      0  0.00  0.00
15-20   9      0  0.00  0.00
20-30   1    215  0.10  0.90
20-30   2    105  0.10  0.90
20-30   3    248  0.10  0.90
20-30   4    419  0.10  0.90
20-30   5    671  0.10  0.90
20-30   6      0  0.00  0.00
20-30   7      0  0.00  0.00
20-30   8      0  0.00  0.00
20-30   9      0  0.00  0.00
30-40   1    347  0.15  0.85
30-40   2    204  0.15  0.85
30-40   3    456  0.15  0.85
30-40   4    929  0.15  0.85
30-40   5    979  0.15  0.85
30-40   6      0  0.00  0.00
30-40   7      0  0.00  0.00
30-40   8      0  0.00  0.00
30-40   9      0  0.00  0.00
40-50   1    340  0.25  0.75
40-50   2    190  0.25  0.75
40-50   3    342  0.25  0.75
40-50   4    884  0.25  0.75
40-50   5    688  0.25  0.75
40-50   6      0  0.00  0.00
40-50   7      0  0.00  0.00
40-50   8      0  0.00  0.00
40-50   9      0  0.00  0.00
50-60   1      0  0.00  0.00
50-60   2     45  0.25  0.75
50-60   3     70  0.25  0.75
50-60   4    250  0.25  0.75
50-60   5    319  0.25  0.75
50-60   6      0  0.00  0.00
50-60   7      0  0.00  0.00
50-60   8      0  0.00  0.00
50-60   9      0  0.00  0.00
60-70   1      0  0.00  0.00
60-70   2      0  0.25  0.75
60-70   3      0  0.25  0.75
60-70   4      0  0.25  0.75
60-70   5     75  0.25  0.75
60-70   6      0  0.00  0.00
60-70   7      0  0.00  0.00
60-70   8      0  0.00  0.00
60-70   9      0  0.00  0.00


 802                   : lake code
Long Lk (B)                             
790322                 : date
FURUNO               1 : 1 = FURUNO FM 22  /  2 = SIMRAD
10                     : Sounder Gain
                                                  
                                                                                                              

depth / transect / targets / %sockeye / %stickleback

  2-5   1      0  0.00  1.00
  2-5   2      0  0.00  1.00
  2-5   3      0  0.00  1.00
  2-5   4      0  0.00  1.00
  2-5   5      0  0.00  0.00
  2-5   6      0  0.00  0.00
  2-5   7      0  0.00  0.00
  3-5   1      0  0.00  0.00
  3-5   2      0  0.00  0.00
  3-5   3      0  0.00  0.00
  3-5   4      0  0.00  0.00
  3-5   5      0  0.00  0.00
  3-5   6      0  0.00  0.00
  3-5   7      0  0.00  0.00
 5-10   1     29  0.00  1.00
 5-10   2     32  0.00  1.00
 5-10   3     49  0.00  1.00
 5-10   4     15  0.00  1.00
 5-10   5      0  0.00  0.00
 5-10   6      0  0.00  0.00
 5-10   7      0  0.00  0.00
10-15   1     20  0.00  1.00
10-15   2     26  0.00  1.00
10-15   3     60  0.00  1.00
10-15   4     25  0.00  1.00
10-15   5      0  0.00  0.00
10-15   6      0  0.00  0.00
10-15   7      0  0.00  0.00
15-20   1     50  0.08  0.92
15-20   2    185  0.08  0.92
15-20   3    257  0.08  0.92
15-20   4    247  0.08  0.92
15-20   5      0  0.00  0.00
15-20   6      0  0.00  0.00
15-20   7      0  0.00  0.00
20-30   1    377  0.10  0.90
20-30   2    755  0.10  0.90
20-30   3   1690  0.10  0.90
20-30   4   3420  0.10  0.00
20-30   5      0  0.00  0.00
20-30   6      0  0.00  0.00
20-30   7      0  0.00  0.00
30-40   1    572  0.15  0.85
30-40   2   1095  0.15  0.85
30-40   3   1495  0.15  0.85
30-40   4   2145  0.15  0.85
30-40   5      0  0.00  0.00
30-40   6      0  0.00  0.00
30-40   7      0  0.00  0.00
40-50   1    324  0.25  0.75
40-50   2    627  0.25  0.75
40-50   3    958  0.25  0.75
40-50   4   1367  0.25  0.75
40-50   5      0  0.00  0.00
40-50   6      0  0.00  0.00
40-50   7      0  0.00  0.00
50-60   1     50  1.00  0.00
50-60   2    100  1.00  0.00
50-60   3    200  1.00  0.00
50-60   4    200  1.00  0.00
50-60   5      0  0.00  0.00
50-60   6      0  0.00  0.00
50-60   7      0  0.00  0.00
60-70   1      0  1.00  0.00
60-70   2      0  1.00  0.00
60-70   3      0  1.00  0.00
60-70   4      0  1.00  0.00
60-70   5      0  0.00  0.00
60-70   6      0  0.00  0.00
60-70   7      0  0.00  0.00


  20                   : lake code
LOWE                DAY SURVEY
780920                 : date
FURUNO FM 22         1 : 1 = FURUNO FM 22  /  2 = SIMRAD
10   : Sounder Gain    : Sounder Gain
DAY SURVEY NO TRAWL DATA.
                                                                                                              

depth / transect / targets / %sockeye / %stickleback

  2-5   1      0  0.00  0.00
  2-5   2      0  0.00  0.00
  2-5   3      0  0.00  0.00
  2-5   4      0  0.00  0.00
  3-5   1      3  1.00  0.00
  3-5   2      1  1.00  1.00
  3-5   3      0  1.00  0.00
  3-5   4      0  1.00  0.00
 5-10   1      3  1.00  0.00
 5-10   2      1  1.00  0.00
 5-10   3      0  1.00  0.00
 5-10   4      2  1.00  0.00
10-15   1      4  1.00  0.00
10-15   2      0  1.00  0.00
10-15   3      3  1.00  0.00
10-15   4      1  1.00  0.00
15-20   1      0  0.00  0.00
15-20   2      2  1.00  0.00
15-20   3      3  1.00  0.00
15-20   4      1  1.00  0.00
20-30   1      0  0.00  0.00
20-30   2     25  1.00  0.00
20-30   3    100  1.00  0.00
20-30   4     16  1.00  0.00
30-40   1      0  0.00  0.00
30-40   2      5  1.00  0.00
30-40   3      4  1.00  0.00
30-40   4     11  1.00  0.00
40-50   1      0  0.00  0.00
40-50   2      3  1.00  0.00
40-50   3      5  1.00  0.00
40-50   4     20  1.00  0.00
50-60   1      0  0.00  0.00
50-60   2      0  0.00  0.00
50-60   3      0  0.00  0.00
50-60   4      0  0.00  0.00


  21                   : lake code
NIMPKISH                            
781129                 : date
FURUNO FM 22         1 : 1 = FURUNO FM 22  /  2 = SIMRAD
10                     : Sounder Gain
TR #8 NOT SOUNDED.                                
                                                                                                              

depth / transect / targets / %sockeye / %stickleback

  2-5   1      0  0.00  0.00
  2-5   2      0  0.00  0.00
  2-5   3      2  0.00  0.00
  2-5   4      6  0.00  0.00
  2-5   5      1  0.00  0.00
  2-5   6      2  0.00  0.00
  2-5   7      5  0.00  0.00
  2-5   8      0  0.00  0.00
  3-5   1      0  0.72  0.28
  3-5   2      0  0.72  0.28
  3-5   3      2  0.72  0.28
  3-5   4      6  0.72  0.28
  3-5   5      1  0.72  0.28
  3-5   6      2  0.72  0.28
  3-5   7      5  0.72  0.28
  3-5   8      0  0.00  0.00
 5-10   1      0  0.72  0.28
 5-10   2      2  0.72  0.28
 5-10   3     13  0.72  0.28
 5-10   4     23  0.72  0.28
 5-10   5      3  0.72  0.28
 5-10   6      8  0.72  0.28
 5-10   7     11  0.72  0.28
 5-10   8      0  0.00  0.00
10-15   1      0  0.72  0.28
10-15   2      3  0.72  0.28
10-15   3      0  0.72  0.28
10-15   4      8  0.72  0.28
10-15   5      3  0.72  0.28
10-15   6     15  0.72  0.28
10-15   7      8  0.72  0.28
10-15   8      0  0.00  0.00
15-20   1      5  0.72  0.28
15-20   2      8  0.72  0.28
15-20   3      9  0.72  0.28
15-20   4     12  0.72  0.28
15-20   5     13  0.72  0.28
15-20   6     27  0.72  0.28
15-20   7     25  0.72  0.28
15-20   8      0  0.00  0.00
20-30   1     14  0.85  0.15
20-30   2     39  0.85  0.15
20-30   3     41  0.85  0.15
20-30   4     51  0.85  0.15
20-30   5     52  0.85  0.15
20-30   6     65  0.85  0.15
20-30   7     80  0.85  0.15
20-30   8      0  0.00  0.00
30-40   1     25  0.55  0.45
30-40   2     86  0.55  0.45
30-40   3     92  0.55  0.45
30-40   4     60  0.55  0.45
30-40   5     80  0.55  0.45
30-40   6     72  0.55  0.45
30-40   7    101  0.55  0.45
30-40   8      0  0.00  0.00
40-50   1     19  0.77  0.23
40-50   2     77  0.77  0.23
40-50   3    110  0.77  0.23
40-50   4     90  0.77  0.23
40-50   5    101  0.77  0.23
40-50   6     94  0.77  0.23
40-50   7    107  0.77  0.23
40-50   8      0  0.00  0.00
50-60   1      0  0.77  0.23
50-60   2     61  0.77  0.23
50-60   3     76  0.77  0.23
50-60   4     65  0.77  0.23
50-60   5     56  0.77  0.23
50-60   6     97  0.77  0.23
50-60   7     65  0.77  0.23
50-60   8      0  0.00  0.00
60-70   1      0  0.72  0.28
60-70   2      8  0.72  0.28
60-70   3     17  0.72  0.28
60-70   4     19  0.72  0.28
60-70   5      7  0.72  0.28
60-70   6     16  0.72  0.28
60-70   7     12  0.72  0.28
60-70   8      0  0.00  0.00
70-80   1      0  0.00  0.00
70-80   2      1  0.72  0.28
70-80   3      2  0.72  0.28
70-80   4      5  0.72  0.28
70-80   5      1  0.72  0.28
70-80   6      0  0.72  0.28
70-80   7      0  0.72  0.28
70-80   8      0  0.00  0.00


  24                   : lake code
Schoen Lk           processed by PR
781120                 : date
FURUNO FM 22         1 : 1 = FURUNO FM 22  /  2 = SIMRAD
10   : Sounder Gain    : Sounder Gain

no trawling                                                                                                   

depth / transect / targets / %sockeye / %stickleback

  2-5   1      0  0.00  0.00
  2-5   2      0  0.00  0.00
  2-5   3      0  0.00  0.00
  2-5   4      0  0.00  0.00
  3-5   1      0  1.00  0.00
  3-5   2      0  1.00  0.00
  3-5   3      0  1.00  0.00
  3-5   4      1  1.00  0.00
 5-10   1      0  1.00  0.00
 5-10   2      0  1.00  0.00
 5-10   3      3  1.00  0.00
 5-10   4      2  1.00  0.00
10-15   1      0  1.00  0.00
10-15   2      1  1.00  0.00
10-15   3      1  1.00  0.00
10-15   4      6  1.00  0.00
15-20   1      0  1.00  0.00
15-20   2      6  1.00  0.00
15-20   3      2  1.00  0.00
15-20   4     11  1.00  0.00
20-30   1      0  1.00  0.00
20-30   2      0  1.00  0.00
20-30   3      1  1.00  0.00
20-30   4      5  1.00  0.00
30-40   1      0  1.00  0.00
30-40   2      1  1.00  0.00
30-40   3      0  1.00  0.00
30-40   4      1  1.00  0.00
40-50   1      0  1.00  0.00
40-50   2      3  1.00  0.00
40-50   3      0  1.00  0.00
40-50   4      1  1.00  0.00
50-60   1      0  0.00  0.00
50-60   2      0  0.00  0.00
50-60   3      0  0.00  0.00
50-60   4      0  0.00  0.00


  23                   : lake code
Vernon Lk           processed by pr
781121                 : date
FURUNO FM 22         1 : 1 = FURUNO FM 22  /  2 = SIMRAD
10   : Sounder Gain    : Sounder Gain

Trawl catch 100% sockeye                                                                                      

depth / transect / targets / %sockeye / %stickleback

  2-5   1      0  0.00  0.00
  2-5   2      0  0.00  0.00
  2-5   3      0  0.00  0.00
  2-5   4      0  0.00  0.00
  3-5   1      0  1.00  0.00
  3-5   2      0  1.00  0.00
  3-5   3      0  1.00  0.00
  3-5   4      0  1.00  3.00
 5-10   1      0  1.00  0.00
 5-10   2      0  1.00  0.00
 5-10   3      0  1.00  0.00
 5-10   4      0  1.00  0.00
10-15   1      0  1.00  0.00
10-15   2      3  1.00  0.00
10-15   3      0  1.00  0.00
10-15   4      0  1.00  0.00
15-20   1      1  1.00  0.00
15-20   2      5  1.00  0.00
15-20   3      8  1.00  0.00
15-20   4      3  1.00  0.00
20-30   1     10  1.00  0.00
20-30   2     66  1.00  0.00
20-30   3     64  1.00  0.00
20-30   4     56  1.00  0.00
30-40   1      7  1.00  0.00
30-40   2     59  1.00  0.00
30-40   3    108  1.00  0.00
30-40   4     69  1.00  0.00
40-50   1     15  1.00  0.00
40-50   2     63  1.00  0.00
40-50   3    152  1.00  0.00
40-50   4     76  1.00  0.00
50-60   1      0  1.00  0.00
50-60   2     22  1.00  0.00
50-60   3     47  1.00  0.00
50-60   4     36  1.00  0.00


  22                   : lake code
Woss Lk             processed by KS
781122                 : date
FURUNO FM 22         1 : 1 = FURUNO FM 22  /  2 = SIMRAD
10   : Sounder Gain

                                                                                                              

depth / transect / targets / %sockeye / %stickleback

  2-5   1      0  0.00  0.00
  2-5   2      0  0.00  0.00
  2-5   3      0  0.00  0.00
  2-5   4      0  0.00  0.00
  2-5   5      0  0.00  0.00
  3-5   1      1  1.00  0.00
  3-5   2      2  1.00  0.00
  3-5   3      0  1.00  0.00
  3-5   4      0  1.00  0.00
  3-5   5      0  1.00  0.00
 5-10   1      1  1.00  0.00
 5-10   2      6  1.00  0.00
 5-10   3      0  1.00  0.00
 5-10   4      1  1.00  0.00
 5-10   5      2  1.00  0.00
10-15   1      0  1.00  0.00
10-15   2      8  1.00  0.00
10-15   3      2  1.00  0.00
10-15   4      0  1.00  0.00
10-15   5      3  1.00  0.00
15-20   1      1  1.00  0.00
15-20   2     12  1.00  0.00
15-20   3     11  1.00  0.00
15-20   4      1  1.00  0.00
15-20   5      9  1.00  0.00
20-30   1     11  1.00  0.00
20-30   2    152  1.00  0.00
20-30   3     31  1.00  0.00
20-30   4     63  1.00  0.00
20-30   5     70  1.00  0.00
30-40   1     23  1.00  0.00
30-40   2     93  1.00  0.00
30-40   3     86  1.00  0.00
30-40   4     70  1.00  0.00
30-40   5     96  1.00  0.00
40-50   1     12  1.00  0.00
40-50   2     64  1.00  0.00
40-50   3     57  1.00  0.00
40-50   4     44  1.00  0.00
40-50   5     56  1.00  0.00
50-60   1      1  1.00  0.00
50-60   2      6  1.00  0.00
50-60   3      4  1.00  0.00
50-60   4     15  1.00  0.00
50-60   5      1  1.00  0.00
60-70   1      0  1.00  0.00
60-70   2      0  1.00  0.00
60-70   3      1  1.00  0.00
60-70   4      1  1.00  0.00
60-70   5      0  1.00  0.00
70-80   1      0  1.00  0.00
70-80   2      1  1.00  0.00
70-80   3      0  1.00  0.00
70-80   4      0  1.00  0.00
70-80   5      0  1.00  0.00
