070488
22  MORRISON J.
29  DEVON LK.
310787
2
TRAWL
8
0235
15
10
1 SOCKEYE  (JUV)
2 1+ SOCKEYE
1  FORMALIN - WGHD AFT 5 WKS
42
38
.6
0

39
.64
0

41
.74
0
 
38
.51
0

40
.6
0

43
.84
0

41
.73
0

41
.66
0

40
.56
0

38
.64
0

38
.52
0

39
.6
0

41
.66
0

42
.74
0

48
1.08
0

40
.64
0

41
.72
0

42
.84
0

33
.32
0

42
.69
0

37
.48
0
 
37
.54
0

44
.84
0

42
.8
0

42
.72
0
 
40
.63
0

44
.8
0

38
.57
0

38
.55
0

36
.51
0

35
.46
0

40
.73
0

43
.77
0

38
.54
0

40
.69
0

41
.69
0

42
.75
0
 
39
.51
0

38
.59
0

42
.69
0

61
2.42
0

64
2.85
0

