070488
22     MORRISON J.
29     DEVON LK.
300787
2
TRAWL
1
1
15
4 
2  STICKLEBACK
N
1     FORMALIN - WGHD AFT 5 WKS
271
40
.55
0

41
.57
0

49
.9
0

41
.62
0

42
.58
0

43
.64
0

41
.58
0

51
1.06
0

40
.54
0

45
.69
0

43
.63
0

41
.6
0

39
.48
0

38
.48
0

32
.28
0

41
.61
0

39
.5
0

50
.96
0

38
.49
0

41
.56
0

41
.56
0

33
.34
0

40
.6
0

47
.74
0

43
.62
0

39
.56
0

39
.56
0

36
.41
0

41
.56
0

46
.76
0

38
.45
0

41
.57
0

37
.48
0

42
.64
0

38
.49
0

36
.44
0

40
.65
0

40
.57
0

49
.89
0

40
.55
0

41
.55
0

41
.58
0

40
.56
0

45
.78
0

39
.52
0

45
.68
0

42
.6
0

40
.51
0

37
.41
0

33
.34
0

37
.49
0

39
.45
0

45
.87
0

43
.7
0

38
.45
0

42
.69
0

41
.58
0

37
.42
0

37
.5
0

35
.42
0

48
.75
0

39
.52
0

38
.44
0

40
.55
0

39
.55
0

40
.53
0

40
.58
0

39
.55
0

41
.55
0

42
.63
0

41
.55
0

42
.58
0

36
.46
0

38
.48
0

42
.62
0

44
.66
0

38
.45
0

39
.5
0

47
.79
0

45
.72
0

47
.72
0

39
.48
0

41
.58
0

40
.5
0

40
.55
0

40
.53
0

42
.63
0

40
.52
0

41
.54
0

38
.5
0

41
.54
0

39
.47
0

41
.54
0

39
.49
0

40
.57
0

35
.37
0

34
.35
0

40
.55
0

39
.5
0

41
.54
0

39
.49
0

37
.45
0

37
.42
0

36
.41
0

39
.5
0

39
.5
0

47
.8
0

47
.71
0

41
.55
0

39
.47
0

35
.38
0

35
.37
0

37
.43
0

39
.51
0

40
.68
0

43
.57
0

39
.5
0

37
.45
0

40
.56
0

40
.53
0

35
.4
0

36
.44
0

40
.55
0

39
.5
0

42
.59
0

38
.55
0

36
.41
0

40
.57
0

47
.8
0

37
.49
0

42
.62
0

42
.58
0

42
.6
0

40
.5
0

41
.56
0

37
.43
0

34
.36
0

47
.76
0

38
.51
0

41
.57
0

41
.6
0

41
.55
0

42
.64
0

37
.45
0

38
.49
0

41
.58
0

36
.38
0

39
.52
0

40
.57
0

34
.34
0

34
.32
0

38
.46
0

43
.66
0

38
.52
0

44
.65
0

45
.75
0

38
.46
0

40
.53
0

34
.35
0

38
.52
0

41
.58
0

38
.46
0

40
.52
0

40
.6
0

38
.48
0

44
.67
0

37
.42
0

32
.34
0

39
.5
0

39
.52
0

39
.47
0

39
.5
0

42
.62
0

40
.54
0

43
.67
0

39
.5
0

41
.53
0

38
.49
0

38
.51
0

38
.48
0

40
.5
0

55
1.21
0

37
.8
0
 
40
.54
0

41
.53
0

44
.68
0

38
.46
0

36
.42
0

39
.47
0

39
.47
0

38
.49
0

51
1.14
0

40
.51
0
 
45
.79
0

38
.46
0

40
.55
0

41
.61
0

39
.52
0

41
.62
0

40
.57
0
 
39
.5
0

39
.5
0

37
.46
0

40
.54
0

41
.57
0

36
.45
0

42
.66
0

40
.51
0

40
.51
0

42
.62
0

38
.47
0

41
.54
0

40
.58
0

38
.44
0

41
.57
0

42
.61
0

46
.72
0

41
.59
0

40
.56
0

40
.56
0

42
.58
0

39
.53
0

39
.51
0

42
.66
0

39
.56
0

42
.61
0

38
.52
0

39
.53
0

37
.48
0

41
.53
0
 
40
.51
0

37
.45
0
 
40
.55
0

41
.62
0

44
.75
0

37
.43
0

37
.43
0

42
.64
0

42
.6
0

37
.43
0

49
.83
0

39
.53
0

39
.55
0

40
.51
0

39
.51
0
 
40
.55
0

36
.42
0

38
.46
0

35
.36
0

39
.53
0

39
.51
0

38
.48
0

38
.49
0

38
.47
0

38
.47
0

40
.53
0

38
.48
0

40
.58
0

39
.49
0

37
.44
0

38
.49
0

40
.56
0

41
.55
0

35
.34
0

41
.54
0

40
.54
0

39
.55
0

40
.56
0

40
.54
0

35
.41
0

37
.45
0

