060488
22  MORRISON J.
29  DEVON LK.
310787
2
TRAWL
4
2348
15
10
1  SOCKEYE  (JUV)
2 1+SOCKEYE AND  68 0+
1  FORMALIN - WGHD AFT 5 WKS
70
66
2.94
0

42
.75
0

41
.68
0

38
.58
0

41
.74
0

37
.49
0

40
.61
0

63
2.69
0

38
.53
0

45
.91
0

31
.27
0

41
.69
0

42
.74
0

40
.64
0

41
.63
0

43
.76
0

42
.68
0

39
.61
0

40
.6
0

46
.93
0

40
.62
0

40
.65
0

40
.63
0

42
.67
0

39
.58
0

42
.75
0

38
.51
0

43
.72
0

41
.63
0

40
.65
0

40
.67
0

38
.57
0

40
.63
0

38
.59
0

43
.79
0

39
.57
0

40
.61
0

41
.67
0

38
.47
0

42
.75
0

39
.63
0

45
.86
0

36
.48
0

36
.47
0

39
.6
0

40
.62
0

42
.73
0

37
.45
0

36
.51
0

39
.6
0

38
.57
0

39
.6
0
 
39
.67
0
 
38
.49
0
 
39
.6
0
 
43
.72
0
 
41
.69
0
 
42
.74
0
 
39
.56
0
 
42
.82
0
 
44
.78
0
 
37
.51
0
 
40
.61
0
 
44
.73
0
 
39
.6
0
 
39
.52
0
 
38
.53
0
 
36
.44
0
 
39
.64
0
 
36
.43
0
 
