070488
22    MORRISON J.
29    DEVON LK.
310787
2
TRAWL
9
0256
15
4 
2   STICKLEBACK
N
1    FORMALIN - WGHD AFT 5 WKS
41
48
.98
0

48
.76
0

42
.68
0

46
.95
0

42
.63
0

44
.73
0

42
.69
0

39
.56
0

45
.68
0

41
.6
0

40
.57
0

35
.41
0

39
.55
0

43
.78
0

50
1
0

49
.99
0

40
.62
0

44
.75
0

36
.42
0

45
.78
0

48
.87
0

38
.54
0

47
.92
0

41
.61
0

39
.58
0

36
.39
0

41
.63
0

38
.5
0

35
.41
0

40
.58
0

39
.51
0

43
.72
0

47
.86
0

46
.88
0

39
.56
0

40
.52
0

39
.54
0

44
.76
0

37
.48
0

44
.71
0

41
.67
0

0

41
.67
0

