060488
22   MORRISON J.
29   DEVON LK.
300787
2
TRAWL
3
2327
15
10
1   SOCKEYE  (JUV)
2 1+ SOCKEYE
1   FORMALIN - WGHD AFT 5 WKS
71
62
2.39
0

41
.68
0

40
.67
0

40
.62
0

38
.55
0

40
.65
0

44
.78
0

38
52
0

42
.69
0

42
.7
0

39
.68
0

38
.59
0

38
.55
0

40
.62
0

42
.69
0

39
.6
0

35
.41
0

40
.69
0

39
.59
0

38
.57
0

41
.66
0

40
.61
0

40
.68
0

35
.46
0

40
.59
0

67
3.24
0

44
.73
0

38
.55
0

41
.7
0

43
.73
0

41
.7
0

40
.68
0

42
.75
0

40
.65
0

39
56
0

39
.57
0

41
.66
0

40
.7
0

37
.48
0

37
.45
0

39
.62
0

38
.58
0

41
.69
0

41
.7
0

37
.48
0

37
.55
0

38
.52
0

43
.8
0

40
.58
0

41
.69
0

34
.37
0

39
.59
0

35
.38
0

38
.51
0

39
.6
0

38
.56
0

37
.46
0

34
.39
0

41
.73
0

39
.64
0

41
.64
0

38
.53
0

39
.64
0

35
.43
0

39
.61
0

39
.56
0

42
.77
0

41
.68
0

38
.58
0

41
.71
0

40
.66
0

