070488
22    MORRISON J.
29    DEVON LK.
300787
2
TRAWL
2
2307
15
4 
2   STICKLEBACK
N
1    FORMALIN - WGHD AFT 5 WKS
59
39
.49
0

38
.57
0

38
.53
0

38
.52
0

45
.86
0

37
.47
0

38
.48
0

42
.62
0

38
.53
0

38
.48
0

40
.48
0

41
.65
0

39
.53
0

40
.58
0

38
.48
0

40
.58
0

35
.4
0

33
.3
0

38
.46
0

40
.57
0

40
.57
0

38
.49
0

45
.84
0

40
.54
0

46
.71
0

40
.57
0

41
.58
0

40
.57
0

38
.49
0

31
.27
0

38
.54
0

38
.48
0

39
.52
0

39
.54
0

42
.7
0

42
.57
0

43
.69
0

37
.48
0

39
.56
0

36
.44
0

38
.48
0

34
.42
0

47
.8
0

43
.64
0

40
.57
0

41
.6
0

39
.55
0

36
.41
0

40
.53
0

36
.41
0

38
.49
0

40
.58
0

42
.61
0

37
.44
0

40
.57
0

36
.49
0

40
.52
0

38
.5
0

37
.46
0

38
.5
0

37
.46
0

