110687
13 ER
1 GCL
030687
0





1 (SOCKEYE)
FISH TRANSFERRED TO 50% ALCOHOL(85%ETH-15%WOOD) ON 110687.
1
40
77
4.35
0
65
2.64
0
77
4.5
0
69
2.95
0
67
3.1
0
75
3.79
0
81
4.8
0
79
4.35
0
74
3.98
0
74
3.66
0
70
3.41
0
80
4.33
0
80
4.57
0
78
4.65
0
79
4.53
0
80
4.99
0
65
2.34
0
72
3.56
0
78
4.6
0
79
4.06
0
77
4.04
0
64
2.58
0
81
5.05
0
72
3.74
0
62
3.34
0
71
3.41
0
76
3.87
0
68
3.13
0
73
3.6
0
78
4.88
0
65
2.6
0
72
3.36
0
70
3.22
0
77
4.42
0
77
4.51
0
75
3.94
0
78
4.77
0
75
3.76
0
65
2.41
0
75
3.58
0
