180687
13 ER
1 GCL
030687
0





1 (SOCKEYE)
FISH TRANSF'D TO 50% ALCOHOL AFTER 14 DAYS IN 10% FORMALIN.
1
40
68
2.98
0
78
4.31
0
75
4.13
0
65
2.78
0
72
3.53
0
70
3.12
0
71
3.45
0
74
3.78
0
76
4.17
0
75
3.89
0
71
3.35
0
78
4.33
0
83
5.26
0
72
3.41
0
68
3.08
0
84
5.88
0
70
3.5
0
68
2.95
0
82
5.36
0
72
3.66
0
69
3.53
0
71
3.31
0
78
4.52
0
74
3.93
0
85
5.8
0
78
4.26
0
73
3.33
0
75
4.01
0
65
2.62
0
75
3.77
0
76
3.99
0
79
4.58
0
74
3.85
0
81
5.32
0
76
4.34
0
76
3.95
0
62
2.18
0
75
4.07
0
77
4.38
0
78
4.16
0
