180588
22  MORRISON J.
3  HENDERSON LK.
010388
2
TRAWL
12
2007
30
25
2  STICKLEBACK
N
1  FORMALIN - WGHD AFT 5 WKS
136
65
2.62
0

64
3
0

68
2.87
0

66
2.87
0

66
3.08
0

65
2.8
0

63
2.47
0

66
2.8
0

68
3.13
0

62
2.42
0

63
2.65
0

64
2.28
0

69
3.1
0

54
1.83
0

56
1.81
0

61
2.47
0

67
2.91
0

50
1.39
0

60
2.56
0

52
1.57
0

64
2.9
0

63
2.77
0

64
3.15
0

67
3.11
0

65
2.58
0

65
3.46
0

65
2.55
0

67
2.74
0

67
3.24
0

65
2.86
0

49
1.05
0

61
3.09
0

53
1.61
0

40
.64
0

50
1.36
0

56
1.84
0

65
2.83
0

68
3.04
0

62
2.34
0

67
3.08
0

65
3.03
0

52
1.39
0

50
1.23
0

52
1.49
0

54
1.59
0

50
1.27
0

55
1.86
0

38
.61
0

49
1.26
0

48
1.13
0

67
3
0

61
2.46
0

43
.8
0

43
.78
0

67
3.6
0

54
1.47
0

51
1.43
0

61
2.6
0

63
2.44
0

50
1.24
0

36
.5
0

46
.98
0

49
1.24
0

66
2.85
0

50
1.22
0

65
2.83
0

51
1.41
0
 
61
2.98
0

65
2.93
0

52
1.53
0

44
.77
0

51
1.17
0

63
3.03
0

56
2.15
0

37
.54
0

50
1.33
0

62
2.46
0

44
.83
0

71
3.49
0

62
2.55
0

49
1.33
0

36
.46
0

35
.39
0

39
.47
0

36
.43
0

38
.47
0

42
.69
0

43
.72
0

39
.6
0

44
.88
0

64
2.77
0

44
.92
0

71
2.97
0

45
.82
0

51
1.41
0

47
1.06
0

46
.88
0

40
.54
0

64
2.97
0

44
.84
0

59
2.7
0

49
1.25
0

48
.96
0

38
.51
0

48
1.19
0

50
1.25
0

50
1.35
0

66
3.1
0

42
.82
0

65
3.03
0

52
1.65
0

49
1.19
0

49
1.17
0

61
2.23
0

33
.32
0

36
.43
0

43
.83
0

51
1.38
0

40
.59
0

32
.3
0

49
1.27
0

51
1.43
0

48
1.19
0

50
1.44
0

40
.59
0

39
.55
0

49
1.04
0

50
1.43
0

48
1.15
0

51
1.42
0

40
.53
0

45
.95
0

46
.99
0

43
.78
0

35
.41
0

43
.76
0

