110488
13 ROME E.
3 HENDERSON LK.
160987
2
TRAWL
3
0017
15
16
2 STICKLEBACK
N
1 FORMALIN - WGHD AFT 5 WKS
48
30
.26
0
 
34
.44
0

36
.47
0

40
.76
0

40
.74
0

41
.85
0
 
58
2.72
0

57
2.52
0

60
2.56
0

60
2.71
0

59
2.26
0

63
2.82
0

64
3.08
0

60
2.84
0

62
3.28
0

62
3.1
0

65
4.05
0

60
2.96
0

66
3.83
0

62
2.67
0
 
66
3.45
0

63
3.97
0

62
3.65
0

63
3.28
0

63
3.19
0

61
3.13
0

64
2.89
0

60
3.34
0

59
2.74
0

63
3.73
0

64
3.62
0

64
3.11
0

65
3.33
0

63
4.18
0

66
4.65
0

61
3.74
0

66
4.13
0

66
3.32
0

65
3.77
0

60
2.94
0

63
3.72
0

63
3.64
0

66
3.71
0

66
3.74
0
 
65
3.71
0

63
3.11
0

65
3.68
0

61
2.99
0

