150488
22 MORRISON J.
3 Henderson Lk
010388
2
TRAWL
14
2118
30
25
2 STICKLEBACK
N
1 FORMALIN - WGHD AFT 5 WKS
75
67
2.91
0

68
3.51
0
 
72
3.41
0

50
1.15
0
 
66
3.63
0

76
3.42
0

68
3.09
0

71
3.8
0

63
2.81
0

63
3.11
0
 
68
3.65
0

68
3.3
0

69
3.57
0

73
3.23
0

63
2.68
0

68
3.43
0

67
2.85
0

66
2.89
0

63
2.51
0

64
2.21
0

65
3.14
0
 
63
2.55
0

74
4.23
0

67
3.48
0

67
2.61
0

66
3.53
0

68
2.93
0

65
3.17
0

66
2.64
0

55
2.04
0

67
2.95
0

61
2.31
0

62
3.11
0

66
2.93
0

60
2.42
0

52
1.33
0

52
1.5
0

53
1.59
0

51
1.48
0

50
1.31
0

60
2.28
0

55
1.61
0

50
1.36
0

50
1.3
0

50
1.2
0

41
.64
0

47
1.17
0

49
1.16
0

48
1.17
0

49
1.12
0

44
.99
0

54
1.52
0

47
1.07
0

48
1.16
0

38
.39
0

41
.68
0

43
.77
0

46
.85
0

41
.62
0

42
.82
0

37
.52
0

36
.4
0

52
1.61
0

52
1.29
0

37
.46
0

46
.87
0

46
1.07
0

34
.39
0

41
.63
0

51
1.46
0

48
1.16
0

52
1.43
0

42
.81
0

31
.27
0

35
.37
0

