270488
53 OSBORN A.
3 Henderson Lk
170987
2
TRAWL
14
0028
15
19
2 STICKLEBACK
N
1 FORMALIN - WGHD AFT 5 WKS
38
64
3.04
0

72
5.35
0

69
4.12
0

61
3.13
0

66
4.06
0

74
4.87
0

42
.78
0

70
3.65
0

62
3.33
0

69
4.17
0
 
68
3.66
0

68
3.36
0

66
3.48
0

60
3
0

65
3.46
0

68
4.28
0

61
3.34
0

65
3.6
0

35
.46
0

60
2.49
0

66
3.25
0

45
1.05
0

68
3.4
0

63
3.92
0

70
4.64
0

32
.33
0

63
3.6
0

35
.41
0

42
.78
0

63
2.82
0

62
2.89
0

60
3.19
0

42
.86
0

65
3.33
0

38
.65
0

37
.58
0

43
.94
0

35
.53
0

