120488
13  ROME E.
3  HENDERSON LK.
160987
2
TRAWL
9
2214
15
12
2  STICKLEBACK
N
1  FORMALIN - WGHD AFT 5 WKS
39
27
.15
0

29
.25
0

30
.3
0

31
.35
0

32
.33
0

34
.41
0

33
.37
0

34
.44
0

36
.48
0

32
.43
0

40
.73
0

38
.61
0

39
.65
0

39
.72
0

38
.57
0

40
.81
0

38
.61
0
 
42
.89
0

40
.74
0

42
.78
0

40
.71
0

36
.53
0

40
.77
0

42
.94
0

41
.83
0

41
.82
0

42
.97
0

43
.9
0

39
.7
0

45
1.1
0

43
.97
0

44
.97
0

44
1.13
0

62
3.03
0

40
.67
0

62
3.03
0

63
2.98
0

65
3.2
0

74
5.16
0

0
 
