180588
22 MORRISON J.
3 HENDERSON LK.
010388
2
TRAWL
11
1931
30
25
2 STICKLEBACK
N
1 FORMALIN - WGHD AFT 5 WKS
91
64
3.23
0

64
2.87
0

65
3.05
0

64
2.69
0

63
2.46
0

52
1.54
0

63
3.13
0

65
2.63
0

47
.97
0

63
2.45
0

49
1.2
0

65
2.37
0

65
2.58
0

45
.86
0

64
2.75
0

66
3.15
0

68
3.49
0

49
1.27
0

43
.85
0

46
1.1
0

35
.42
0

67
3.18
0

70
3.34
0

68
3.63
0

48
1.14
0

49
1.24
0

42
.67
0

63
2.76
0

44
.87
0

33
.39
0

66
3.11
0

65
2.82
0

48
1.15
0

48
1.07
0

70
4.47
0

53
1.6
0

50
1.38
0

60
2.32
0

47
1.09
0

66
2.99
0

72
3.89
0

72
3.52
0

48
1.2
0

65
3.35
0

49
1.19
0

65
3.57
0

65
2.89
0

52
1.45
0

42
.69
0

62
2.47
0

66
2.5
0

69
3.23
0

56
1.94
0

66
2.64
0

66
3.24
0

51
1.52
0

62
2.66
0

69
3.39
0

62
2.54
0

55
1.9
0

45
.94
0

47
.98
0

48
1.21
0

43
.72
0

43
.8
0

48
1.09
0

50
1.47
0

54
1.67
0

46
.94
0

51
1.37
0

41
.65
0

50
1.23
0

47
.95
0

50
1.2
0

47
.96
0

39
.6
0

40
.62
0

48
1.2
0

50
1.39
0

48
1.19
0

34
.41
0

40
.57
0

35
.43
0

42
.75
0

41
.61
0

47
1.02
0

33
.32
0

29
.2
0

42
.71
0

39
.57
0

30
.25
0

