110488
13   ROME E.
3   HENDERSON LK.
160987
2
TRAWL
8
2151
15
188
2   STICKLEBACK
N
1   FORMALIN - WGHD AFT 5 WKS
98
36
.52
0

38
.65
0

40
.88
0

40
.81
0

44
1.04
0

41
.87
0

69
3.96
0

62
3.34
0

65
3.48
0

67
4.02
0

65
3.51
0

64
3.16
0

66
3.6
0

57
2.78
0

71
4.12
0

62
2.95
0

64
3.4
0

64
3.3
0

62
2.87
0

64
3.31
0

60
2.91
0

63
3.28
0

62
2.96
0

67
3.78
0

67
3.53
0

63
3.8
0

58
2.65
0

55
2.07
0

62
3.53
0

62
4.04
0

68
3.2
0

60
2.85
0

64
3.35
0

58
2.73
0

65
3.2
0

63
4.19
0

63
2.89
0

66
4.01
0

62
3.37
0

66
3.68
0

60
2.81
0

60
2.91
0

67
4.12
0

67
4.17
0

62
3.09
0

70
4.25
0

71
4.79
0

41
.89
0

40
.72
0

40
.73
0

44
1.08
0

65
4.05
0

65
3.56
0

64
3.1
0

65
2.92
0

65
3.44
0

66
3.9
0

64
3.5
0

61
3.37
0

65
3.46
0

72
5.13
0

66
3.76
0

41
.93
0

44
.93
0

42
.78
0

45
1.07
0

63
2.96
0

63
3.04
0

65
3.76
0

62
3.34
0

65
3.18
0

65
3.39
0

62
3.31
0

64
2.93
0

70
3.66
0

67
3.81
0

34
.45
0

41
.7
0

34
.39
0

41
.79
0

37
.51
0

32
.3
0

43
.97
0

39
.65
0

40
.82
0

39
.72
0

35
.5
0

41
.8
0

44
.95
0

65
3.99
0
 
50
1.55
0

63
3.19
0

66
3.77
0

63
3.13
0

62
3.31
0

61
3.16
0

61
2.98
0

66
3.23
0


0

