180588
22 MORRISON J.
3 HENDERSON LK.
010388
2
TRAWL
13
2043
30
25
2 STICKLEBACK
N
1 FORMALIN - WGHD AFT 5 WKS
104
65
2.65
0

61
2.45
0

67
2.98
0

47
.98
0

69
3.35
0

69
3.05
0

46
1.04
0

63
2.39
0

72
3.59
0

70
4.2
0

60
2.49
0

68
3.23
0

40
.56
0

65
3.02
0

41
.74
0

63
2.25
0

69
3.7
0

64
2.46
0

63
2.27
0

55
1.67
0

45
1.02
0

40
.6
0

59
1.97
0
 
49
1.21
0

67
3.04
0

47
1.02
0

51
1.32
0

61
2.66
0

66
3.04
0

51
1.53
0

53
1.57
0

41
.64
0

66
3.74
0

50
1.11
0

38
.53
0

41
.96
0

42
.76
0

48
1.09
0

49
1.18
0

35
.47
0
 
48
1.17
0

65
2.74
0

65
2.85
0

67
3.28
0

46
.88
0
 
64
2.34
0

66
2.52
0

44
.83
0

46
.97
0

42
.71
0

63
2.3
0

46
.89
0

67
2.94
0

62
2.5
0

50
1.39
0

55
1.56
0

48
1.14
0

65
2.72
0

38
.5
0

37
.47
0

42
.71
0

58
1.86
0

66
3.02
0

52
1.47
0

51
1.4
0

50
1.21
0

38
.51
0

43
.8
0

48
1.12
0
 
43
.78
0

60
2.56
0

48
1.06
0

54
1.58
0

49
1.12
0

46
1.02
0

64
2.41
0

68
3.09
0

50
1.54
0

53
1.61
0

48
1.09
0

64
3.14
0

47
1.01
0

42
.73
0

46
.97
0

33
.34
0

38
.49
0

39
.56
0

37
.43
0

44
.91
0

37
.46
0

49
1.21
0

48
1.13
0

47
.98
0

51
1.48
0

48
1.23
0

51
1.32
0

45
.78
0

47
1.01
0

50
1.19
0

48
1.07
0

37
.42
0

32
.26
0

32
.29
0

28
.17
0

