120488
13  ROME E.
3  HENDERSON LK.
160987
2
TRAWL
10
2238
15
18
2  STICKLEBACK
N
1  FORMALIN - WGHD AFT 5 WKS
63
39
.66
0

55
2.49
0

61
2.84
0

64
3.43
0

63
3.41
0

62
3.34
0

64
3.24
0

70
4.1
0

70
4.69
0

70
3.94
0

71
4.57
0

69
3.73
0

58
2.59
0

75
4.82
0

62
2.97
0

40
.83
0

40
.75
0

39
.63
0

39
.78
0

42
.86
0

40
.74
0

42
.99
0

44
.93
0

44
1
0

44
1.02
0

64
3.27
0

58
2.93
0

62
3.1
0

61
3.2
0

70
4.45
0

63
3.41
0

65
4.45
0

64
3.61
0

67
4.39
0

64
3.85
0

60
2.75
0

66
4
0

64
3.03
0

60
2.93
0

60
2.98
0

61
2.98
0

65
3.25
0

61
3.2
0

58
2.37
0
 
47
1.39
0

42
.86
0

43
.92
0

45
1.09
0

47
1.27
0

43
.91
0

42
.87
0

47
1.37
0

43
1.03
0

43
.83
0

43
1.05
0

44
1.03
0

45
1.13
0

39
.73
0

39
.65
0

35
.5
0

28
.25
0

25
.15
0

25
.15
0


.15
0

