120488
13  ROME E.
3  HENDERSON LK.
170987
2
TRAWL
13
0005
15
15
2 STICKLEBACK
N
1  FORMALIN - WGHD AFT 5 WKS
48
66
3.34
0
 
67
3.76
0
 
63
4.09
0

63
3.08
0

68
3.81
0

62
3.01
0
 
70
3.9
0

67
3.82
0
 
65
2.75
0

69
3.85
0

68
3.84
0

64
3.38
0

65
3.28
0

62
2.92
0
 
65
3.33
0

60
2.86
0

63
3.2
0
 
62
2.96
0

68
3.8
0
 
73
4.35
0
 
66
4.32
0

61
3.1
0

62
3.5
0

61
2.75
0

73
4.43
0

63
3.54
0

64
3.15
0

58
2.53
0
 
62
3.09
0

64
3.44
0

70
4.58
0
 
61
3.61
0

63
2.99
0

60
3.15
0

63
3.6
0
 
66
3.96
0
 
61
2.69
0

65
3.76
0

58
2.71
0
 
64
3.49
0

63
3.47
0

64
3.53
0

67
3.76
0

65
3.81
0
 
65
3.84
0

63
2.96
0

62
3.07
0

55
2.29
0

