120488
13    ROME E.
3    HENDERSON LK.
170987
2
TRAWL
13
0005
15
15
2  STICKLEBACK
N
350 0% ALCOHOL - WGHD AFT 5 WKS
45
67
3.84
0

60
3.37
0

67
3.43
0

64
3.95
0

62
3.1
0

65
3.23
0

67
3.52
0

63
3.34
0

65
3.47
0

64
3.09
0

36
.55
0

66
3.44
0

64
3.11
0

61
2.6
0

63
3.18
0

65
3.45
0

70
3.88
0

61
2.9
0

59
2.43
0

61
2.68
0

65
3.32
0

66
3.36
0

62
3.25
0

61
2.75
0

61
3.12
0
 
66
3.36
0

61
2.71
0

62
3.38
0

47
1.2
0

65
3.31
0

61
2.81
0

64
3.29
0

63
2.96
0

64
3.34
0

59
2.72
0

60
2.65
0

68
3.53
0

62
2.85
0
 
65
3.5
0

65
3.01
0

64
3.21
0

62
2.6
0

57
1.96
0

67
3.37
0

60
2.4
0

0
2.4
0
 
