250687
13 ER
6 HOBITON
210487
1
TRAWL
2
0216
15
8
7 (SOCKEYE FRY)

1
52
33
.29
0
31
.29
0
31
.24
0
30
.25
0
31
.27
0
29
.23
0
32
.28
0
28
.21
0
29
.22
0
30
.23
0
33
.33
0
29
.21
0
32
.29
0
33
.31
0
29
.21
0
31
.25
0
32
.3
0
31
.28
0
31
.28
0
33
.34
0
32
.26
0
29
.22
0
32
.31
0
29
.21
0
30
.24
0
33
.32
0
30
.23
0
34
.36
0
31
.25
0
31
.26
0
31
.24
0
30
.25
0
30
.25
0
31
.28
0
30
.26
0
31
.27
0
31
.27
0
31
.29
0
31
.28
0
32
.26
0
32
.3
0
31
.27
0
28
.22
0
30
.24
0
32
.28
0
32
.32
0
30
.25
0
29
.24
0
31
.24
0
29
.23
0
31
.26
0
30
.24
0
