100288
52 SIEBEN

6 HOBITON

190687
2
TRAWL
3
0107
15
09
1


1

44
46
1.25
0

45
1.23
0

43
.932
0

49
1.31
0

47
1.23
0

47
1.25
0

47
1.169
0

49
1.37
0

44
1.03
0

39
.65
0

39
.622
0

41
.76
0

52
1.61
0

49
1.57
0

43
1
0

48
1.24
0

43
.98
0

43
.95
0

44
.96
0

38
.61
0

44
1.05
0

43
1.06
0

45
.96
0

42
.92
0

44
1.03
0

39
.7
0

47
1.32
0

40
.74
0

44
.98
0

45
1.03
0

46
1.23
0

42
.86
0

39
.74
0

44
1.04
0

49
1.27
0

43
.95
0

45
1.21
0

44
.99
0

39
.66
0

41
.83
0

38
.66
0

41
.85
0

37
.56
0

40
.65
0

