110488
22     MORRISON J.
40     KENNEDY L (CLAY)
160887
2
TRAWL
1
2154
15
8
2     STICKLEBACK
STICKLEBACK ADULTS
1 10% FORMALIN (WGHD AFT 5 WK)
58
56
1.73
0

64
2.43
0

55
1.55
0

57
1.59
0

61
2.09
0

53
1.64
0

52
1.6
0

55
1.59
0

60
1.88
0

66
2.69
0

51
1.49
0

70
2.72
0
 
56
1.58
0

52
1.4
0

54
1.66
0

60
2.14
0

58
1.86
0

57
1.75
0

57
1.6
0

57
1.97
0

60
1.92
0

58
1.94
0
 
53
1.62
0
 
65
2.25
0

59
2.05
0

56
1.49
0

52
1.47
0

55
1.74
0

52
1.5
0

64
2.36
0
 
57
2.07
0

63
2.23
0

55
1.82
0
 
55
1.6
0

57
1.77
0

55
1.76
0

56
1.84
0

54
1.64
0

62
2.15
0

58
1.82
0

53
1.61
0

55
1.59
0

52
1.7
0

52
1.63
0

51
1.46
0

60
2.03
0

55
1.83
0
 
52
1.33
0

58
1.99
0

56
1.77
0

55
1.78
0

54
1.69
0
 
55
1.59
0

58
1.94
0

53
1.63
0

53
1.64
0

61
2.44
0

55
1.76
0

