120488
22   MORRISON J.
40   KENNEDY L (CLAY)
170887
2
TRAWL
9
0350
15
16
1  SOCKEYE (JUV)
N
110 0% FORMALIN (WGHD AFT 5 WK)
118
53
1.58
0

55
1.86
0

56
1.86
0

53
1.61
0

60
2.37
0

56
1.98
0

62
2.94
0

64
3.39
0

60
2.42
0

50
1.4
0

56
1.95
0

55
1.94
0

51
1.49
0

51
1.56
0

47
1.11
0

54
1.81
0

55
2.04
0

55
1.89
0

51
1.27
0

42
.8
0

56
2.08
0

55
2.05
0

56
2.1
0

58
2.21
0

58
2.23
0

51
1.76
0

48
1.26
0

50
1.37
0

52
1.64
0

48
1.28
0

57
2.31
0

52
1.62
0

53
1.93
0

53
1.65
0

50
1.47
0

57
2.11
0

62
2.97
0

56
1.91
0

45
.91
0

51
1.56
0

48
1.41
0

54
1.78
0

56
1.5
0

52
1.63
0

55
1.96
0

45
1.05
0

58
2.09
0

59
2.34
0

54
1.76
0

56
2.01
0

50
1.34
0

52
1.64
0

53
1.7
0

52
1.53
0

53
1.71
0

51
1.61
0

50
1.42
0

53
1.57
0

62
2.6
0

51
1.4
0

47
1.07
0

49
1.3
0

53
1.6
0

63
2.83
0

53
1.68
0

50
1.49
0

50
1.42
0

58
2.4
0

53
1.6
0

54
1.83
0

55
1.84
0

47
1.08
0

50
1.3
0

58
2.32
0

56
1.96
0

52
1.61
0

53
1.75
0

55
1.99
0

62
2.71
0

48
1.14
0

54
1.85
0
 
52
1.57
0

57
2.12
0

55
1.93
0

54
1.74
0

51
1.48
0

56
1.77
0

58
2.2
0

58
2.18
0

60
2.29
0

52
1.66
0

51
1.61
0

56
1.81
0

50
1.38
0

51
1.49
0

55
1.82
0

54
1.51
0
 
48
1.14
0

53
1.66
0

57
2.03
0

56
1.99
0

48
1.23
0

48
1.18
0

53
1.71
0

52
1.72
0

55
1.83
0

51
1.53
0

52
1.66
0

53
1.59
0
 
57
1.99
0

61
2.64
0

57
2.01
0
 
50
1.37
0

52
1.53
0

55
1.93
0

58
2.13
0

56
1.87
0

48
1.2
0

