240687
13 ER
40 KCA
230487
1
TRAWL
5
0313
15
7
1 (SOCKEYE)

1
150
29
.24
0
28
.2
0
30
.26
0
28
.19
0
29
.23
0
30
.21
0
29
.23
0
26
.16
0
29
.22
0
29
.25
0
30
.24
0
30
.26
0
29
.24
0
30
.23
0
29
.21
0
30
.26
0
29
.21
0
28
.21
0
27
.18
0
30
.26
0
31
.29
0
29
.23
0
30
.24
0
28
.19
0
27
.19
0
30
.25
0
29
.21
0
30
.23
0
30
.26
0
31
.27
0
29
.23
0
27
.17
0
29
.21
0
31
.23
0
28
.19
0
27
.17
0
30
.25
0
26
.17
0
28
.18
0
27
.17
0
28
.21
0
31
.3
0
28
.2
0
26
.14
0
26
.17
0
27
.17
0
30
.29
0
28
.2
0
28
.2
0
26
.15
0
30
.24
0
28
.21
0
28
.2
0
27
.16
0
30
.25
0
30
.25
0
26
.18
0
28
.2
0
30
.24
0
30
.27
0
28
.17
0
31
.31
0
30
.24
0
29
.23
0
30
.24
0
26
.14
0
26
.16
0
29
.21
0
29
.21
0
28
.23
0
28
.2
0
28
.2
0
30
.22
0
28
.18
0
28
.2
0
28
.2
0
29
.22
0
29
.22
0
29
.23
0
29
.23
0
27
.17
0
30
.25
0
29
.21
0
29
.22
0
29
.22
0
27
.22
0
29
.21
0
29
.23
0
30
.26
0
30
.28
0
32
.29
0
30
.23
0
27
.17
0
27
.18
0
28
.2
0
28
.2
0
25
.14
0
29
.21
0
29
.24
0
29
.22
0
27
.19
0
29
.23
0
27
.17
0
30
.28
0
29
.22
0
28
.2
0
27
.19
0
28
.22
0
29
.2
0
31
.26
0
28
.2
0
30
.24
0
28
.2
0
25
.15
0
28
.2
0
27
.17
0
29
.22
0
29
.23
0
31
.24
0
30
.22
0
26
.15
0
29
.23
0
30
.28
0
32
.29
0
29
.2
0
26
.16
0
29
.21
0
30
.24
0
29
.24
0
29
.22
0
28
.2
0
34
.38
0
27
.16
0
29
.23
0
28
.18
0
30
.23
0
29
.2
0
28
.21
0
29
.25
0
28
.21
0
27
.19
0
28
.18
0
31
.27
0
28
.19
0
27
.16
0
27
.17
0
30
.26
0
31
.25
0
30
.28
0
26
.15
0
