080488
22 MORRISON J.
40 KENNEDY L (CLAY)
190687
1
1 SOCKEYE (JUV)
N
1 10% FORMALIN (WGHD AFT 5 WKS)
58
47
1.11
0

40
.76
0

45
1.01
0
 
44
1
0

40
.76
0

40
.74
0

42
.82
0

43
.87
0

41
.76
0

41
.74
0

42
.78
0

45
1.04
0

43
.86
0

40
.78
0

47
1.16
0

43
.9
0

45
.97
0

41
.72
0

43
.97
0

40
.69
0

48
.51
0

44
.86
0
 
42
.8
0

43
.89
0

41
.64
0

39
.52
0

39
.61
0

42
.86
0

43
.91
0

40
.72
0

48
1.25
0

44
1.02
0

47
1.23
0

46
.93
0

47
1.07
0

40
.67
0

44
1.04
0

46
1.05
0

37
.52
0

41
.72
0

41
.79
0

40
.77
0

43
.85
0

37
.53
0

36
.53
0

45
.94
0
 
45
1.07
0

45
1
0

42
.85
0

41
.72
0
 
43
.89
0

42
.87
0

43
.98
0

40
.73
0

39
.68
0

42
.76
0

36
.53
0

39
.61
0

