110488
22  MORRISON J.
40  KENNEDY L (CLAY)
190687
2
TRAWL
2
2243
15
10
1  SOCKEYE (JUV)
N
110 0% FORMALIN (WGHD AFT 5 WKS)
104
46
1.12
0

45
.91
0

46
1.15
0

42
.81
0

41
.78
0

48
1.25
0

47
1.16
0

43
.96
0

43
.97
0

38
.59
0

41
.78
0

50
1.39
0

44
.94
0

37
.57
0

49
1.3
0

43
.91
0

43
.87
0

42
.79
0

45
1.06
0

44
.88
0

42
.87
0

46
1.04
0

50
1.41
0

39
.61
0

41
.84
0

42
.83
0

43
.96
0

41
.82
0

41
.76
0

41
.74
0

41
.7
0

42
.84
0

43
.97
0

41
.8
0

43
.86
0

43
.89
0

37
.55
0

42
.8
0

42
.83
0

44
1.01
0

42
.87
0

44
1.05
0

38
.66
0

48
1.29
0

41
.78
0

42
.9
0

45
1.1
0

37
.59
0

48
1.28
0

40
.75
0

53
1.58
0

40
.75
0

46
1.12
0

40
.7
0

44
.96
0

43
.92
0

39
.7
0

39
.57
0

39
.65
0
 
45
.95
0

46
1.12
0

44
.88
0

43
.9
0

39
.64
0

41
.78
0

32
.35
0

42
.89
0

46
1.15
0

44
1.02
0

40
.67
0

47
1.24
0

37
.51
0

41
.77
0

45
1.1
0
 
39
.64
0

44
.94
0

41
.76
0

44
.96
0

48
1.23
0

39
.7
0

38
.65
0

45
1.01
0
 
43
.96
0

45
.98
0

45
.98
0

40
.76
0

40
.67
0

43
.94
0

42
.88
0

41
.79
0
 
44
.98
0

33
.42
0

41
.67
0

43
.79
0

42
.78
0

39
.7
0
 
42
.83
0

39
.65
0

35
.44
0

40
.69
0

45
1
0

40
.68
0
 
41
.81
0

41
.8
0

