250488
53 OSBORN A.
8 Long Lk
090987
2
TRAWL
8
0259 
15
20
1 SOCKEYE (JUV)

1 FORMALIN - WGHD AFT 5 WKS
158
46
.98
0

47
1.1
0

37
.46
0

45
.89
0

39
.59
0

48
1.02
0

41
.5
0

43
.73
0
 
47
1
0

50
1.21
0

50
1.29
0

54
1.68
0

44
.9
0

46
.98
0

44
.96
0

48
1.18
0

43
.87
0

41
.7
0

43
.78
0

39
.55
0

500
1.31
0

41
.71
0

52
1.49
0

45
.92
0

45
.91
0

46
.93
0

45
.92
0

43
.84
0

48
1.19
0

45
.91
0

42
.72
0

37
.49
0

45
.82
0

34
.4
0

46
.92
0

41
.67
0

50
1.27
0

50
1.36
0

45
.87
0

40
.64
0

45
.97
0

49
1.08
0

49
1.33
0

42
.81
0

37
.49
0

48
1.09
0

48
1.18
0

34
.39
0

32
.36
0

45
.87
0

46
1
0

38
.52
0

37
.5
0

45
.93
0

49
1.13
0

45
.88
0

43
.81
0

40
.62
0

54
1.45
0

49
1.25
0

44
.8
0

51
1.5
0

48
1.14
0

45
.96
0

43
.77
0

46
1
0

51
1.35
0

49
1.17
0

45
.95
0

49
1.17
0

42
.63
0

39
.54
0

46
1.02
0

47
1.12
0

49
1.17
0

42
.67
0

43
.81
0

47
1.05
0

44
.77
0

45
.95
0

38
.54
0

48
1.08
0

44
.83
0

42
.67
0

40
.63
0

38
.48
0

48
1
0

44
.88
0

42
.56
0

38
.5
0

44
.92
0

37
.51
0

45
.8
0

29
.22
0

36
.45
0

40
.61
0

43
.82
0

39
.53
0

39
.63
0

34
.38
0

36
.48
0

49
1.14
0

42
.72
0

44
.85
0

40
.71
0

52
1.41
0

45
.89
0

38
.57
0

54
1.54
0

40
.67
0

55
1.76
0

49
1.16
0

45
.88
0
 
47
.97
0

58
1.89
0

54
1.44
0

45
.89
0

51
1.35
0

44
.78
0

44
.87
0

45
.72
0

39
.57
0

43
.77
0

45
.92
0

50
1.2
0

45
.83
0

46
.97
0

40
.7
0

43
.86
0

45
.88
0

45
.91
0

36
.6
0

39
.53
0

45
.96
0

400
.66
0

49
1.1
0

47
1.15
0

39
.49
0

50
1.16
0

52
1.35
0

44
.94
0

45
.92
0

41
.71
0

45
.87
0

43
.75
0

399
.64
0

46
.9
0

42
.777
0

43
.83
0

42
.78
0

41
.72
0

42
.82
0

43
.88
0

40
.66
0

50
1.43
0

33
.37
0

51
1.33
0

47
1.09
0

