260488
53 OSBORN A.
8 Long Lk
090987
2
TRAWL
12
2222
15
20
1 SOCKEYE (JUV)

1 FORMALIN - WGHD AFT 5 WKS
77
53
2.11
0

44
1.28
0

50
1.49
0

55
1.75
0

53
1.86
0

48
1.18
0

49
1.28
0
 
41
.78
0

51
1.63
0

53
1.64
0

55
2.11
0

52
1.56
0

53
1.63
0

55
1.93
0

47
1.11
0
 
52
1.51
0

40
.8
0

52
1.69
0

53
1.75
0

51
1.5
0

53
1.77
0
 
45
1
0

49
1.29
0

50
1.53
0

45
.86
0

54
1.83
0

45
1.03
0

52
1.64
0

46
1.2
0

46
1.23
0

55
1.92
0
 
42
.77
0

57
2.04
0

45
1.22
0

47
1.18
0

43
.98
0

45
1.06
0
 
51
1.51
0

42
.93
0

48
1.32
0

46
1.17
0

45
1.26
0

49
1.32
0

45
1.01
0

43
1
0

48
1.3
0

52
1.75
0

50
1.36
0

49
1.4
0
 
50
1.45
0

52
1.64
0

55
1.98
0

45
1.11
0

45
1.19
0

55
1.78
0

50
1.46
0

48
1.25
0

45
1.19
0

46
1.13
0

46
1.1
0

50
1.46
0
 
44
.93
0

45
1.11
0

50
1.36
0

51
1.67
0

42
.81
0

50
1.35
0

49
1.36
0

49
1.39
0

45
.93
0

40
.75
0

50
1.27
0

39
.61
0

48
1.11
0

45
1.03
0

42
.8
0

45
1.12
0

