200488
22 MORRISON J.
8 LONG LK.
190787
2
TRAWL
4
0123
15
16
1 SOCKEYE (JUV)
N
1 10% FORMALIN (WGHD AFT 5 WKS)
50
33
.35
0

45
.99
0
 
38
.68
0

36
.54
0

35
.51
0
 
43
.85
0

46
1.12
0
 
47
1.09
0

40
.67
0

32
.31
0

36
.66
0

47
1.21
0

37
.54
0

34
.41
0

38
.54
0

37
.56
0

38
.59
0
 
35
.47
0

35
.51
0

33
.41
0
 
38
.63
0

32
.37
0

34
.43
0

37
.48
0

35
.47
0

38
.58
0

31
.31
0

35
.39
0

37
.55
0

34
.42
0

36
.5
0

38
.67
0

31
.3
0

39
.62
0

29
.24
0

39
.63
0

37
.52
0

35
.46
0

33
.35
0

29
.24
0

37
.55
0

33
.39
0

33
.34
0

34
.43
0

33
.38
0

43
.84
0

37
.57
0

36
.52
0

32
.34
0

30
.26
0

