250488
53 OSBORN A.
8 Long Lk
090987
2
TRAWL
9
2116
15
7
2 STICKLEBACK

1 FORMALIN - WGHD AFT 5 WKS
138
52
1.42
0

44
.82
0

45
.77
0

53
1.3
0

45
.8
0

53
1.48
0

70
2.72
0

65
2.62
0

64
1.96
0

60
1.87
0

46
.92
0

62
1.93
0

49
1.03
0
 
67
2.15
0

57
1.67
0

48
.99
0

48
.86
0

50
.95
0

55
1.56
0
 
44
.67
0

43
.74
0

46
.9
0

48
.93
0

44
.76
0

45
.83
0

53
1.33
0

52
1.33
0

43
.66
0

52
1.22
0

58
1.71
0

46
.94
0

49
1.09
0
 
44
.8
0

55
1.55
0

55
1.32
0

62
1.86
0

45
.87
0

53
1.27
0

44
.8
0

47
.97
0

50
1.11
0

47
1.01
0

46
.98
0

42
.63
0

52
1.37
0

47
1.04
0

45
.93
0

42
.69
0

47
1.01
0

50
1.25
0

55
1.55
0

44
.76
0

48
.98
0
 
69
3
0

66
2.1
0

43
.75
0

62
2.04
0

59
1.79
0
 
45
.83
0

68
2.62
0

49
1.06
0

46
.87
0

44
.76
0

51
1.11
0

45
.91
0

50
1.05
0

43
.74
0

46
.77
0

50
1.17
0

48
1.02
0

43
.79
0

46
.86
0

68
1.76
0

44
.74
0

49
1.04
0
 
34
.32
0

55
1.611
0

56
1.56
0

45
.79
0

47
.87
0

444
.84
0

47
.92
0

53
1.19
0

50
1.13
0

57
1.61
0

48
.96
0

65
1.94
0

44
.77
0

43
.7
0

47
.94
0

48
.84
0

51
1.04
0

45
.77
0

45
.85
0

46
.78
0

44
.8
0

48
.96
0

45
.76
0

47
1.02
0

45
.81
0

48
.98
0

53
1.28
0

46
.91
0

48
.95
0

54
1.33
0

47
.93
0

52
1.16
0

48
1.01
0

43
.69
0

46
.95
0

49
1
0

46
.87
0

42
.71
0

42
.65
0

45
.88
0

46
.91
0

51
1.18
0

49
1.06
0

68
2.58
0

27
.14
0

45
.85
0

43
.62
0

25
.08
0
 
52
1.26
0

49
1.09
0

52
1.18
0

45
.82
0

44
.79
0

46
.87
0

45
.79
0

49
1.05
0

50
1.04
0

40
.58
0

47
1.02
0
 
48
1
0

44
.82
0

45
.81
0
 
53
1.33
0

