190488
22 MORRISON J.
8 LONG LK.
180787
2
TRAWL
2
0031
15
7
2 STICKLEBACK
N
1 10% FORMALIN (WGHD AFT 5 WKS)
40
42
.6
0

43
.64
0

42
.61
0

40
.59
0

42
.65
0

42
.65
0

48
.96
0

47
.95
0

44
.79
0

43
.71
0

37
.51
0

42
.69
0

45
.81
0

42
.73
0

41
.63
0

39
.51
0

42
.69
0

38
.5
0

40
.57
0

36
.44
0

42
.7
0

44
.8
0

43
.73
0

41
.65
0

38
.46
0

37
.46
0

40
.54
0

40
.56
0

41
.7
0

35
.35
0

39
.5
0

44
.75
0

41
.66
0

40
.56
0

40
.56
0

45
.8
0

43
.72
0

39
.57
0

39
.52
0

39
.52
0

