190488
22  MORRISON J.
8  LONG LK.
180787
2
TRAWL
3
0054
15
16
1 SOCKEYE (JUV)
N
1 10% FORMALIN (WGHD AFT 5 WKS)
62
49
1.25
0

38
.64
0

39
.69
0

34
.42
0

32
.32
0

36
.53
0

39
.69
0

34
.39
0

31
.3
0

30
.29
0

31
.3
0

31
.23
0

33
.38
0

30
.29
0

30
.22
0

34
.39
0

39
.71
0

33
.4
0

34
.44
0

27
.21
0

34
.43
0

34
.45
0

37
.54
0

33
.37
0

33
.36
0

34
.42
0

34
.42
0

37
.55
0

35
.47
0

31
.33
0

32
.35
0

37
.57
0

39
.65
0

35
.53
0

36
.49
0

29
.24
0
 
37
.58
0

34
.43
0

35
.49
0

32
.34
0

35
.43
0

35
.48
0

32
.35
0

30
.3
0

32
.33
0

31
.32
0

34
.35
0

30
.25
0

31
.29
0

32
.33
0

31
.26
0

37
.53
0

38
.59
0

32
.35
0

32
.34
0

34
.43
0

30
.26
0

35
.46
0
 
34
.41
0
 
31
.32
0

36
.51
0

30
.31
0

