260488
53  OSBORN A.
8  Long Lk
090987
2
TRAWL
10
2137
15
7
2  STICKLEBACK

1  FORMALIN - WGHD AFT 5 WKS
105
45
.84
0

61
2.3
0

69
2.82
0

56
1.67
0

54
1.4
0

61
1.91
0

62
2.19
0

54
1.29
0

66
2.29
0

60
1.8
0

64
2.15
0

65
2
0

50
1.07
0

47
.83
0

49
1.1
0

62
2.07
0

50
1.04
0

46
.87
0

47
.92
0

44
.87
0

51
1.12
0

51
1.07
0

48
.95
0

45
.75
0

57
1.7
0
 
50
1.12
0

39
.57
0

48
.9
0

45
.85
0

70
3.51
0

44
.76
0

62
2.03
0

64
2.266
0

48
1.07
0

49
.91
0

51
1.14
0

49
1.13
0

56
1.54
0

62
2.03
0

43
.68
0

63
2.1
0

44
.76
0

65
1.85
0

48
1.02
0

48
1.01
0

67
2.59
0

47
.96
0

44
.72
0

47
.88
0

52
1.36
0
 
67
2.23
0

65
2.21
0

53
1.2
0

53
1.42
0

544
1.46
0

46
.85
0

42
.67
0
 
68
2.58
0

46
.98
0

55
1.48
0

44
.75
0

48
1.06
0

42
.68
0

45
.92
0

45
.89
0

46
.87
0

58
1.93
0

51
1.3
0

49
1.06
0

46
.83
0

47
.88
0

65
2.1
0

48
.98
0

66
2.36
0

45
.74
0

48
1
0

44
.64
0

46
.74
0

65
2.05
0

51
1.18
0
 
44
.81
0

45
.83
0

52
1.33
0

51
1.21
0

56
1.63
0

55
1.55
0

59
2.03
0

45
.73
0

47
.83
0

57
1.13
0

49
1.16
0

47
.91
0

45
.82
0

44
.75
0

55
1.53
0

46
.74
0

54
1.49
0

44
.78
0

39
.58
0

47
.96
0

51
1.25
0

52
1.33
0

54
1.3
0

47
.95
0

51
1.19
0

