190488
22 MORRISON J.
8 LONG LK.
180787
2
TRAWL
1
0006
15
16
1 SOCKEYE (JUV)
N
1 10% FORMALIN (WGHD AFT 5 WKS)
54
39
.62
0

42
.83
0

38
.65
0

35
.46
0

34
.44
0

39
.65
0

40
.66
0

40
.7
0

35
.43
0

35
.44
0

34
.42
0

40
.73
0

35
.39
0

35
.54
0

32
.35
0
 
29
.17
0

40
.72
0

30
.26
0

36
.49
0

31
.31
0

31
.27
0

36
.52
0

32
.38
0

28
.18
0

29
.2
0

38
.65
0

37
.57
0

33
.37
0

32
.31
0

33
.34
0

32
.34
0

34
.43
0

33
.4
0

32
.34
0

37
.55
0

30
.24
0

35
.48
0
 
32
.33
0

31
.28
0

30
.25
0

37
.53
0

32
.35
0

28
.19
0

31
.26
0

38
.2
0

28
.19
0

33
.38
0

35
.46
0

30
.26
0

32
.31
0

37
.6
0

37
.55
0
 
33
.36
0

34
.4
0

