270488
53 OSBORN A.
8 Long Lk
090987
2
TRAWL
13
2244
15
20
1 SOCKEYE (JUV)
FISH NUMBER 33 HAS NO HEAD.
1 FORMALIN - WGHD AFT 5 WKS
89
50
1.28
0

52
1.6
0

50
1.4
0

45
1.06
0

51
1.45
0

50
1.27
0

51
1.64
0

53
1.52
0

50
1.39
0

50
1.34
0

48
1.21
0

52
1.54
0

52
1.72
0

49
1.22
0
 
50
1.46
0

51
1.43
0

56
1.92
0

49
1.34
0

49
1.3
0

51
1.41
0

53
1.63
0

45
1.03
0

53
1.59
0

52
1.52
0

51
1.36
0

46
1.09
0

49
1.31
0

49
.88
0

52
1.48
0

49
1.21
0

55
1.68
0

47
1.07
0

46
1.04
0
 
45
.93
0
 
53
1.71
0

46
1.15
0

55
1.74
0

50
1.42
0

48
1.16
0

48
1.24
0

50
1.41
0
 
455
1.033
0

55
1.83
0

50
1.45
0

49
1.24
0

45
.9
0

52
1.46
0

44
.95
0
 
55
1.8
0
 
49
1.33
0
 
49
1.25
0

46
1.17
0

55
1.95
0

500
1.36
0

49
1.24
0

46
1.1
0

44
.89
0

46
1.09
0

54
1.64
0

45
1.05
0

45
1
0

49
1.2
0

43
.93
0

40
.69
0

50
1.4
0

39
.66
0

46
1.06
0

44
.91
0

48
1.2
0

55
1.63
0

52
1.48
0

46
1
0

39
.61
0

49
1.18
0

50
1.37
0

47
1.08
0

50
1.33
0

61
2.44
0

51
1.42
0

47
1.26
0

51
1.47
0

46
.89
0

39
.66
0

38
.58
0

48
1.09
0

50
1.22
0

50
1.22
0

54
1.58
0

55
1.7
0

