200488
22 MORRISON J.
8 LONG LK.
080987
2
TRAWL
2
2207
15
19
1 SOCKEYE (JUV)
N
1 10% FORMALIN (WGHD AFT 5 WKS)
60
52
1.36
0

47
1.14
0
 
42
.84
0
 
53
1.6
0

45
.97
0
 
50
1.33
0
 
42
.84
0
 
51
1.26
0

45
.97
0

38
.71
0

49
1.23
0

51
1.51
0

45
1.06
0

46
1.04
0

37
.56
0
 
50
1.28
0

50
1.69
0
 
47
1.08
0

51
1.38
0

40
.78
0
 
45
.92
0

47
1.05
0

44
.95
0

44
.87
0

39
.59
0

48
1.26
0

53
1.61
0

38
.54
0

40
.67
0

35
.48
0

48
1.17
0

50
1.36
0

49
1.28
0

38
.55
0

49
1.15
0

47
1.01
0

52
1.43
0

46
1.07
0

47
1.17
0

47
1.23
0

52
1.41
0

42
.84
0

43
.9
0

42
.8
0

42
.76
0
 
51
1.35
0

35
.45
0

48
1.25
0

40
.75
0

34
.41
0
 
46
1.05
0

50
1.3
0

50
1.27
0

47
1.16
0

43
.82
0

46
.97
0

48
1.19
0

47
1.13
0

48
1.13
0

50
1.25
0

