260488
53  OSBORN A.
8  Long Lk
090987
2
TRAWL
11
2158
15
0
2  STICKLEBACK

1  FORMALIN - WGHD AFT 5 WKS
39
70
2.24
0

51
1.23
0

66
2.23
0

69
2.46
0

66
2.36
0

45
.86
0

67
2.29
0
 
67
2.27
0

66
2.36
0

68
2.29
0

66
2.24
0

61
1.91
0

55
1.59
0

63
1.97
0

73
3.18
0

45
.81
0

46
.8
0

69
2.03
0

48
.92
0

68
2.3
0

63
2.111
0

29
.17
0

62
1.87
0

45
.8
0

50
1.11
0
 
69
2.39
0

65
2.06
0

30
.18
0

33
.25
0

45
.8
0

48
1.01
0

23
.08
0

45
.85
0

54
1.54
0

47
.93
0

45
.89
0

22
.08
0

27
.15
0

28
.2
0

