030588
53  OSBORN A.
45  Muchalat Lk
130787
2
TRAWL
2
2332
15
10
1  SOCKEYE (JUV)

1  FORMALIN - WGHD AFT 5 WKS
120
42
.74
0

51
1.37
0

45
1.04
0

48
1.12
0

39
.57
0

56
1.94
0

48
1.26
0

43
.91
0

45
.96
0

42
.79
0

43
.82
0

39
.57
0

46
1
0

48
1.2
0

38
.52
0

35
.45
0

50
1.43
0

43
.8
0

41
.81
0

54
1.64
0

44
.87
0

36
.49
0

38
.54
0

46
1.07
0

40
.72
0

41
.71
0

45
1.03
0

41
.73
0

38
.51
0

40
.68
0

51
1.36
0

45
1.04
0

48
1.12
0

47
1.06
0

38
.58
0

40
.76
0

45
.99
0

46
1.06
0

35
.42
0

37
.48
0

44
.82
0

45
.96
0

43
.73
0

51
1.36
0

46
1.14
0

48
1.13
0

70
3.8
0

48
1.22
0

44
.88
0

43
.82
0

37
.5
0

39
.67
0

50
1.3
0

48
1.2
0

45
.86
0

43
.84
0

42
.7
0

51
1.42
0

42
.75
0

43
.97
0

42
.7
0

39
.59
0

52
1.46
0

40
.73
0

50
1.32
0

37
.57
0

47
1.13
0

38
.47
0

38
.51
0

47
1.1
0

41
.67
0

47
1.11
0

40
.68
0

39
.59
0

41
.73
0

47
.96
0

51
1.49
0

48
1.19
0

45
.96
0

46
1.06
0

36
.51
0

41
.71
0

40
.71
0

42
.75
0

50
1.3
0

34
.4
0

40
.69
0

45
.96
0

44
.82
0

45
.93
0

50
1.28
0

48
1.04
0

49
1.27
0

50
1.19
0

39
.56
0

42
.77
0

41
.76
0

46
.97
0

41
.71
0

45
.98
0

41
.78
0

36
.5
0

50
1.32
0

39
.67
0

45
.93
0

45
.92
0

51
1.44
0

44
.93
0

36
.43
0

44
.82
0

42
.87
0

41
.74
0

47
1.22
0

44
.87
0

36
.52
0

36
.48
0

40
.6
0

34
.36
0

42
.72
0

45
.71
0

