030588
53  OSBORN A.
45  Muchalat Lk
130787
2
TRAWL
1
2309
15
10
1  SOCKEYE (JUV)

1  FORMALIN - WGHD AFT 5 WKS
50
40
.63
0

44
.83
0

44
.86
0

44
.9
0

45
1
0

51
1.52
0

37
.59
0

54
1.72
0

36
.5
0

45
.97
0

46
1.09
0

79
5.67
0

45
.98
0

43
.84
0

46
1.02
0

36
.51
0

56
1.96
0

44
.95
0

50
1.51
0

44
.85
0

50
1.3
0

49
1.3
0

39
.56
0

47
1.02
0

41
.77
0

40
.66
0

58
2.24
0

39
.61
0

34
.42
0

40
.66
0

46
1.08
0

41
.79
0

42
.71
0

50
1.4
0

40
.67
0

36
.51
0

39
.7
0

37
.49
0

39
.55
0

35
.4
0

34
.4
0

33
.33
0

35
.38
0

38
.57
0

40
.75
0

38
.52
0

41
.73
0

39
.65
0

54
1.77
0

45
.93
0

