030588
53  OSBORN A.
45  Muchalat Lk
130787
2
TRAWL
3
2358
15
10
1  SOCKEYE (JUV)

1  FORMALIN - WGHD AFT 5 WKS
70
50
1.25
0

42
.71
0

53
1.66
0

46
1.09
0

50
1.21
0

44
.79
0

37
.44
0

35
.43
0

43
.78
0

43
.72
0

47
1.15
0

55
1.74
0

46
1.02
0

43
.79
0

32
.22
0

37
.48
0

42
.79
0

40
.64
0

45
.83
0

52
1.55
0

48
1.13
0

43
.72
0

50
1.27
0

35
.42
0

42
.74
0

47
1.14
0

50
1.3
0

53
1.47
0

42
.72
0

50
1.39
0

41
.72
0

39
.57
0

37
.49
0

45
1
0

44
.85
0

45
.99
0

51
1.36
0

47
1.23
0

43
.85
0

41
.75
0

46
1.09
0

39
.63
0

41
.7
0

34
.3
0

44
.82
0

47
1.12
0

56
1.79
0

37
.5
0

41
.79
0

49
1.2
0

40
.65
0

50
1.35
0

40
.64
0

44
.85
0

45
.87
0

40
.69
0

42
.83
0

31
.25
0

42
.69
0

40
.7
0

47
1.06
0

42
.74
0

50
1.3
0

45
1
0

34
.3
0

53
1.5
0

51
1.36
0

41
.7
0

43
.85
0

35
.4
0

