030588
53 OSBORN A.
121 Nahwitti Lk
210787
2
TRAWL
3
2306
15
8
1 SOCKEYE (JUV)

1 FORMALIN - WGHD AFT 5 WKS
60
50
1.3
0

47
1.13
0

43
.9
0

48
1.19
0
 
55
1.8
0

43
.78
0

49
1.23
0

58
2
0

51
1.46
0

45
1
0

49
1.2
0
 
46
.97
0

40
.69
0

44
.92
0
 
48
1.12
0
 
45
.9
0

47
1.01
0

44
.89
0

43
.85
0

49
1.19
0
 
47
1.16
0

45
.84
0

45
.8
0

49
1.17
0

49
1.23
0

49
1.16
0

53
1.59
0

52
1.58
0

45
.89
0

43
.8
0

50
1.24
0

45
.99
0

55
1.72
0

47
1.1
0

51
1.44
0

33
.44
0

48
1.13
0

49
1.23
0

43
.83
0

53
1.51
0

45
.94
0

49
1.23
0

43
.78
0

40
.7
0

54
1.6
0
 
40
.75
0

38
.6
0

40
.63
0

43
.82
0

50
1.32
0

49
1.27
0

48
1.18
0

52
1.5
0

43
.9
0

45
1
0

42
.77
0

49
1.13
0

55
1.93
0

43
.87
0

51
1.5
0

