040588
53 OSBORN A.
121 Nahwitti Lk
210787
2
TRAWL
4
2306
15
8
1 SOCKEYE (JUV)

1 FORMALIN - WGHD AFT 5 WKS
67
43
.8
0

49
1.31
0

49
1.26
0

47
1.04
0

47
1.08
0

44
.91
0

43
.95
0

47
1.11
0

46
1.12
0
 
45
1
0

43
.83
0

47
1.2
0

47
1.19
0

45
1.01
0

46
1.13
0

45
1.03
0

52
1.58
0

52
1.58
0

44
.9
0

46
1.12
0

49
1.36
0

48
1.18
0

35
.42
0
 
58
2.14
0

51
1.51
0

46
1.04
0

46
.95
0
 
51
1.49
0

46
1.02
0

42
.75
0

50
1.34
0

33
.36
0

41
.65
0

45
.93
0

48
1.15
0

52
1.53
0

42
.64
0

40
.68
0

46
1.04
0

49
1.17
0

44
.9
0

45
.99
0

47
1.06
0

45
.95
0

54
1.82
0

45
.86
0

54
1.61
0

43
.78
0

32
.35
0
 
44
.81
0

45
.86
0

52
1.45
0

45
.95
0

40
.69
0

53
1.61
0

38
.52
0

44
.8
0

38
.51
0
 
37
.55
0

43
.82
0

49
1.38
0

36
.45
0

44
.87
0

48
1.2
0

46
.98
0

34
.37
0

43
.83
0

