290488
53 OSBORN A.
21 Nimpkish Lk
110987
2
TRAWL
1 
2153
15
9 
2 STICKLEBACK

1 FORMALIN - WGHD AFT 5 WKS
101
64
2.12
0
 
69
2.79
0
 
66
2.79
0

65
2.44
0

68
3.2
0

57
1.8
0

76
3.77
0
 
78
4.42
0

83
4.31
0

66
3
0

70
3.04
0

64
2.3
0

80
4.03
0

73
3.63
0

75
3.7
0

64
2.71
0

67
2.67
0

69
2.95
0

62
2.33
0

67
2.85
0

58
2.02
0

57
1.63
0

77
3.97
0

55
1.54
0

61
2.04
0

65
2.55
0

68
2.83
0
 
57
1.84
0

62
2.36
0

59
2.07
0
 
65
2.68
0

62
2.17
0

68
3.1
0

56
1.65
0

70
3.13
0

67
2.69
0

67
2.78
0

70
3.57
0

65
2.5
0
 
62
2.09
0

62
2.32
0

69
3.02
0

57
1.85
0

65
2.68
0

62
2.12
0

67
25.6
0

67
2.82
0

55
1.77
0

66
2.61
0

54
1.55
0

66
2.67
0

60
2.03
0

60
2.27
0

70
3.07
0

64
2.47
0

70
3.3
0

65
2.75
0

67
2.65
0

60
2.58
0

64
2.43
0

65
2.64
0

55
1.6
0

69
3.06
0

61
2.15
0

66
2.69
0

63
2.46
0

64
2.48
0

85
3.98
0

79
4.43
0

70
2.98
0

55
1.44
0

53
1.47
0

65
2.66
0

61
2.2
0

63
2.38
0

60
2.02
0

68
2.76
0

69
3.05
0

55
1.74
0

66
3
0

66
2.61
0

54
1.48
0
 
72
3.65
0

64
2.33
0

64
2.42
0

67
2.83
0

64
2.55
0

58
1.82
0

69
3
0
 
74
3.5
0

62
2.266
0

63
2.42
0

65
2.91
0

56
1.67
0

53
1.14
0

65
2.57
0

67
3.07
0

65
2.55
0

67
2.84
0
 
58
1.97
0

68
2.95
0

