020588
53 OSBORN A.
21 Nimpkish Lk
110987
2
TRAWL
2
2214
15
9
2 STICKLEBACK

1 FORMALIN - WGHD AFT 5 WKS
104
64
2.74
0

66
2.5
0

66
2.92
0

57
1.84
0

60
2.23
0

67
3.03
0

63
2.22
0

62
2.17
0

65
2.7
0

61
2.11
0

79
4.36
0

62
2.38
0

69
2.91
0

61
2.41
0

66
2.84
0

80
4.43
0

56
1.69
0

53
1.56
0

65
2.68
0

57
1.85
0

65
2.66
0

70
3.19
0

71
3.22
0

67
2.94
0

55
1.66
0

65
2.7
0

71
3.29
0

63
2.36
0

62
2.37
0

68
3.1
0

61
2.23
0

65
2.8
0

58
2.04
0

56
1.65
0

56
1.71
0

62
2.39
0

63
2.51
0

70
3.36
0

57
1.64
0

51
1.41
0

49
1.23
0

59
1.98
0

66
2.56
0

55
1.58
0

52
1.43
0

63
2.32
0

54
1.6
0

65
2.56
0

62
2.29
0

51
1.28
0

60
2
0
 
67
2.73
0
 
69
2.81
0

68
2.85
0

59
1.97
0

57
1.77
0

72
3.61
0

60
2
0

74
3.86
0

58
1.99
0

65
2.49
0

65
2.56
0

62
2.43
0
 
68
2.84
0

65
2.68
0

74
3.42
0

63
2.3
0

63
2.69
0

65
2.53
0

65
2.61
0

78
3.98
0

56
1.87
0

63
2.42
0
 
64
2.42
0

65
2.49
0

60
2.2
0

63
2.28
0

59
2.14
0

62
2.18
0

69
2.92
0

57
1.71
0

63
2.32
0

55
1.7
0

68
2.89
0

68
2.87
0

72
3.66
0

60
2.04
0

65
2.65
0

60
1.88
0

76
3.44
0

60
1.98
0

59
1.76
0

63
2.25
0

58
1.82
0

65
2.59
0

62
2.5
0

58
1.92
0

58
1.85
0

69
2.92
0

58
1.81
0

70
3.3
0

61
2.08
0

60
1.98
0

59
1.86
0

