050588
53 OSBORN A.
18 Owikeno Lk
060887
2
TRAWL
5
2351
15
0
2 STICKLEBACK

1 FORMALIN - WGHD AFT 5 WKS
200
48
1.03
0

48
.93
0

41
.7
0

36
.43
0

52
1.57
0

36
.47
0

47
1.01
0

41
.65
0

41
.65
0

52
1.37
0

41
.63
0

52
1.63
0

45
.86
0

47
.99
0

48
1.14
0

44
.74
0

48
1.03
0

50
1.3
0

54
1.75
0

44
.74
0

48
1.09
0

44
.79
0

50
1.23
0

55
1.72
0

51
1.54
0

44
.72
0

58
2.18
0

49
1.16
0

51
1.23
0
 
46
.82
0

44
.72
0

44
.81
0

54
1.57
0

49
1.11
0

55
1.78
0

56
1.94
0

52
1.44
0

46
1.08
0

52
1.5
0

51
1.39
0

45
.81
0

51
1.48
0

56
1.88
0

45
1.04
0

40
.75
0

38
.54
0

48
1.12
0

48
1.19
0

52
1.49
0

44
.76
0

54
1.78
0

50
1.28
0

54
1.49
0

47
1.01
0

45
.89
0

44
.84
0
 
51
1.35
0

51
1.42
0

57
2.04
0

57
1.68
0

51
1.49
0

47
.9
0

53
1.53
0

41
.55
0

42
.56
0

54
1.87
0

43
.72
0

50
1.03
0

50
1.09
0

44
.74
0
 
40
.62
0

44
.69
0

51
1.34
0

50
1.35
0

48
.97
0

46
.93
0

44
.81
0

41
.61
0

51
1.51
0

46
.93
0

45
.91
0

39
.59
0

43
.76
0

54
1.52
0

50
1.37
0

47
.98
0

48
1.15
0
 
42
.74
0

50
1.33
0

44
.91
0

52
1.46
0

49
1.31
0

46
1.01
0

43
.73
0

43
.73
0

51
1.38
0

45
1.02
0

40
.57
0

41
.75
0

40
.69
0

40
.7
0

43
.71
0

46
.97
0

41
.71
0

45
.79
0

55
1.64
0

57
1.72
0

46
.95
0

39
.55
0

48
1.02
0

50
1.42
0

45
.89
0

52
1.47
0

50
1.41
0

56
1.9
0

45
.87
0

61
2.45
0

50
1.23
0

47
.94
0

49
1.37
0

55
1.66
0

48
1.27
0

52
1.28
0

46
1.01
0

40
.58
0

42
.7
0

45
.9
0

55
1.63
0

50
1.14
0

53
1.28
0
 
45
.84
0
 
40
.76
0

49
1.06
0

46
1.07
0

54
1.62
0

45
.77
0

54
1.64
0

51
1.43
0

59
1.78
0

50
1.21
0

42
.75
0

50
1.18
0

57
2.07
0

52
1.34
0

45
1
0

51
1.31
0

42
.77
0

51
1.5
0

54
1.66
0

51
1.38
0

42
.72
0

51
1.27
0

49
1.1
0

55
1.96
0

35
.43
0

42
.69
0

41
.62
0

50
1.23
0

43
.73
0

49
1.17
0

54
1.67
0

43
.76
0

45
.81
0

53
1.51
0

48
1.11
0

48
1.1
0

53
1.6
0

50
1.25
0

50
1.23
0

51
1.4
0

46
.95
0

40
.64
0

45
.87
0

47
.89
0

66
2.8
0

44
.74
0

54
1.58
0

54
1.73
0

41
.69
0

58
2.03
0

57
1.74
0

57
2
0
 
56
1.83
0

50
1.42
0

50
1.28
0

55
1.86
0

49
1.23
0

60
2.2
0

47
1.05
0

41
.63
0

43
.78
0

49
1.19
0

56
1.83
0

36
.44
0

55
1.9
0

56
1.81
0

45
.98
0

47
.9
0

54
1.67
0

54
1.72
0

