060588
53 OSBORN A.
18 Owikeno Lk
070887
2
TRAWL
16
2326
15
0
1 SOCKEYE (JUV)

1 FORMALIN - WGHD AFT 5 WKS
98
59
2.68
0

46
1.07
0

36
.45
0

38
.55
0

39
.61
0

36
.49
0

30
.27
0

36
.5
0

33
.36
0

36
.57
0

30
.21
0

38
.54
0

35
.37
0

33
.34
0

32
.31
0

33
.34
0

32
.26
0

34
.33
0

35
.43
0

39
.6
0

35
.48
0

35
.47
0

35
.41
0

31
.23
0

35
.36
0

41
.68
0

33
.29
0

35
.36
0

35
.4
0

33
.32
0

38
.52
0

39
.67
0

35
.52
0

42
.71
0

32
.22
0

36
.42
0

35
.45
0

35
.41
0

38
.5
0

36
.52
0

34
.4
0

30
.26
0

36
.5
0

30
.3
0

32
.3
0

34
.38
0

31
.32
0

31
.28
0

31
.3
0

43
.79
0

36
.49
0
 
32
.2
0

29
.13
0

36
.46
0

38
.58
0

32
.26
0

33
.31
0

32
.3
0

32
.33
0

34
.4
0

42
.74
0

35
.39
0

31
.18
0

28
.16
0

40
.66
0

36
.49
0

34
.3
0

31
.3
0

35
.36
0

33
.28
0

35
.44
0

30
.21
0

33
.29
0

35
.52
0

38
.56
0

31
.29
0

34
.35
0

33
.32
0

32
.37
0

33
.32
0

33
.35
0

35
.46
0

35
.37
0

31
.22
0

35
.4
0

35
.5
0

35
.38
0

37
.51
0

36
.49
0

33
.33
0

35
.37
0

38
.53
0

29
.18
0

32
.25
0

32
.27
0

30
.23
0
 
35
.34
0

33
.26
0

