040588
53 OSBORN A.
18 Owikeno Lk
060887
2
TRAWL
3
2311
15
0
2 STICKLEBACK

1 FORMALIN - WGHD AFT 5 WKS
56
47
1.01
0

51
1.41
0

53
1.63
0
 
56
1.81
0

54
1.69
0
 
45
.87
0

48
1.07
0

43
.7
0

42
.78
0

48
1.19
0

45
.9
0

57
1.94
0

42
.77
0

50
1.32
0

58
2.23
0

40
.68
0

53
1.62
0

51
1.35
0

53
1.41
0

53
1.57
0

40
.57
0

46
1
0

48
1.15
0

60
2.17
0

43
.78
0

46
1.07
0

44
.91
0

50
1.44
0

55
2
0

45
1
0
 
52
1.46
0
 
47
1.1
0
 
48
.96
0
 
43
.87
0

47
1.08
0

37
.43
0

51
1.25
0

39
.54
0

48
1.1
0
 
45
.99
0

53
1.72
0

39
.56
0

46
.9
0

52
1.5
0

44
.75
0

47
1.09
0

42
.65
0

44
.78
0

50
1.3
0

50
1.38
0
 
46
1.13
0

43
.73
0
 
38
.58
0

50
1.22
0

40
.59
0

48
1.09
0

