050588
53 OSBORN A.
18 Owikeno Lk
070887
2
TRAWL
6
0047
15
20
2 STICKLEBACK

1 FORMALIN - WGHD AFT 5 WKS
56
47
.94
0

55
1.6
0

55
1.57
0

52
1.42
0

52
1.35
0
 
41
.63
0

42
.71
0

38
.54
0
 
47
.95
0

45
1.02
0

44
.83
0
 
51
1.58
0
 
44
.8
0

54
1.59
0
 
47
1.2
0

60
2.09
0

40
.59
0

48
1
0

53
1.47
0

37
.46
0

43
.72
0

47
1.1
0
 
52
1.59
0

43
.7
0
 
57
1.84
0
 
41
.61
0

55
1.71
0

50
1.32
0
 
46
.9
0
 
53
1.64
0

43
.86
0

54
1.46
0

48
1.26
0

49
1.16
0

46
.99
0

53
1.34
0

45
.78
0

39
.54
0

36
.43
0

47
1.2
0

39
.56
0

48
1.13
0

54
1.77
0

44
.92
0

45
.94
0

46
1
0
 
51
1.35
0

45
1
0

46
.96
0

38
.44
0

51
1.25
0

50
1.44
0

45
.77
0

48
1.08
0

50
1.24
0

54
1.35
0
 
