040588
53 OSBORN A.
18 Owikeno Lk
060887
2
TRAWL
2
2249
15
7
1 SOCKEYE (JUV)

1 FORMALIN - WGHD AFT 5 WKS
61
44
.87
0

37
.63
0

37
.55
0
 
40
.62
0

42
.73
0
 
42
.82
0

36
.46
0

45
.95
0

35
.44
0

38
.56
0

35
.44
0

39
.63
0

37
.53
0

39
.61
0

41
.81
0

35
.48
0

36
.46
0

37
.48
0

35
.43
0

37
.61
0

39
.66
0

42
.78
0

34
.41
0

31
.27
0

35
.47
0

43
.89
0

38
.54
0

37
.51
0

36
.47
0

36
.49
0

37
.55
0

34
.33
0
 
36
.51
0
 
34
.37
0

43
.86
0

39
.66
0

34
.38
0

34
.34
0

36
.46
0
 
40
.76
0

35
.44
0

37
.49
0

39
.53
0

39
.62
0

37
.48
0

31
.29
0

39
.6
0

40
.65
0

42
.85
0

42
.81
0
 
31
.25
0

36
.5
0
 
37
.54
0

47
1.14
0

36
.52
0

36
.47
0

35
.5
0

37
.52
0

35
.47
0

37
.51
0

54
1.61
0

