090588
53 OSBORN A.
18 Owikeno Lk
070887
2
TRAWL
17
2345
15
0
1 SOCKEYE (JUV)

1 FORMALIN - WGHD AFT 5 WKS
101
39
.62
0

31
.25
0

32
.36
0

35
.44
0

31
.25
0

38
.6
0

33
.3
0

30
.27
0

35
.38
0

35
.51
0

36
.5
0

35
.43
0

36
.48
0

34
.4
0

34
.41
0

36
.47
0

35
.42
0

36
.52
0

36
.45
0

35
.45
0

35
.47
0

31
.27
0

30
.23
0

34
.36
0

31
.19
0

34
.37
0

40
.74
0

43
.79
0

34
.31
0

30
.24
0

40
.64
0

36
.5
0

40
.68
0

30
.22
0

33
.31
0

31
.2
0

34
.33
0
 
31
.22
0

38
.52
0

31
.23
0

31
.22
0

40
.64
0

35
.41
0

35
.41
0

34
.31
0

32
.25
0

33
.28
0

33
.31
0

34
.3
0

36
.51
0

35
.35
0
 
36
.44
0

45
.98
0

31
.24
0

39
.57
0

31
.24
0

36
.51
0

32
.32
0

35
.39
0

34
.34
0

31
.24
0

33
.3
0

35
.44
0

37
.55
0

40
.62
0

34
.32
0

29
.23
0

34
.37
0

32
.27
0
 
29
.21
0

35
.4
0

32
.25
0

34
.27
0

33
.33
0
 
35
.42
0

34
.4
0

36
.47
0

32
.33
0

39
.63
0

31
.27
0

33
.33
0

31
.27
0

33
.27
0

30
.23
0

36
.49
0

33
.38
0
 
37
.5
0
 
38
.58
0
 
30
.17
0

34
.35
0

41
.8
0

32
.27
0

35
.39
0
 
34
.38
0

40
.69
0

30
.22
0

31
.27
0

38
.55
0

30
.23
0

33
.31
0

38
.55
0

