090588
22   MORRISON J.
18   OWIKENO LK.
080887
2
TRAWL
18
0000
15
SURFACE
1 SOCKEYE  (JUV)
N
1   FORMALIN - WGHD AFT 5 WKS
102
57
2.01
0
 
48
1.11
0

37
.53
0

35
.38
0

35
.41
0

38
.57
0

39
.57
0

37
.53
0

32
.34
0

32
.33
0

40
.78
0

34
.48
0

36
.51
0
 
34
.34
0

31
.23
0

37
.51
0
 
39
.65
0

37
.44
0
 
33
.28
0

33
.26
0

37
.49
0

38
.57
0

41
.8
0

43
.8
0

41
.75
0

36
.43
0

37
.57
0

42
.84
0

44
.92
0

37
.59
0
 
39
.59
0

33
.34
0

31
.25
0

33
.32
0

46
1.02
0

41
.76
0

36
.49
0

41
.85
0

35
.46
0

34
.37
0

33
.36
0

35
.36
0

40
.74
0

42
.79
0

33
.36
0

34
.37
0

40
.64
0

35
.42
0

36
.48
0

35
.43
0

33
.32
0

35
.4
0

40
.67
0

39
.57
0

39
.56
0

33
.33
0

34
.39
0

34
.38
0

33
.33
0

38
.59
0

30
.21
0

30
.17
0
 
33
.32
0

40
.65
0
 
36
.47
0

34
.35
0

29
.21
0

35
.47
0
 
37
.54
0

37
.47
0

32
.33
0

33
.34
0

39
.64
0

40
.7
0

35
.36
0

36
.43
0

34
.36
0

37
.52
0

33
.33
0

32
.3
0

36
.51
0

35
.44
0
 
32
.3
0

33
.36
0

31
.24
0

31
.3
0

30
.18
0

30
.29
0

32
.32
0

32
.31
0

37
.53
0

39
.63
0

37
.51
0
 
33
.37
0

30
.25
0

35
.44
0

36
.43
0

31
.29
0

30
.24
0

30
.32
0

31
.29
0

30
.29
0

