050588
53 OSBORN A.
18 Owikeno Lk
060887
2
TRAWL
4
2331
15
0
2 STICKLEBACK

1 FORMALIN - WGHD AFT 5 WKS
83
51
1.47
0

51
1.39
0

45
1.02
0

48
1.24
0

56
1.9
0

44
.94
0

50
1.32
0

41
.67
0

39
.49
0

45
.78
0

50
1.44
0
 
52
1.45
0

41
.69
0
 
51
1.32
0

47
.99
0

50
1.43
0

44
.9
0

51
1.42
0

58
1.98
0

42
.78
0

43
.88
0

45
.85
0

48
1.2
0

50
1.19
0

60
2.06
0

47
1.23
0

52
1.4
0

49
1.15
0
 
48
1.28
0

44
.72
0

50
1.33
0

50
1.29
0

48
1.01
0

49
1.17
0

41
.65
0

46
1.08
0

43
.87
0

48
.97
0

40
.66
0

55
1.79
0

54
1.59
0

43
.77
0

52
1.47
0
 
47
1.05
0

46
1.04
0
 
47
1.01
0

17
.05
0

51
1.48
0

51
1.28
0

46
1.07
0

45
.81
0

50
1.48
0

46
1.05
0
 
48
1.27
0

50
1.32
0

37
.54
0

49
1.31
0
 
43
.68
0

43
.71
0

52
1.39
0

52
1.51
0

47
1.02
0

37
.5
0

50
1.34
0

42
.66
0

45
.97
0

53
1.63
0

47
1.12
0

41
.6
0

40
.74
0

51
1.19
0

57
1.81
0

45
.87
0

47
1.19
0

53
1.51
0

45
.91
0

45
.97
0

55
1.57
0
 
56
1.84
0

55
2.04
0

42
.67
0

48
1.05
0

41
.68
0

