060588
53 OSBORN A.
18 Owikeno Lk
070887
2
TRAWL
9
0304
15
22
1 SOCKEYE (JUV)

1 FORMALIN - WGHD AFT 5 WKS
199
33
.35
0

32
.25
0

35
.43
0
 
31
.27
0

33
.34
0

34
.38
0

29
.24
0

31
.24
0

35
.46
0

45
.89
0
 
35
.43
0

35
.42
0

33
.28
0

35
.35
0

33
.26
0

34
.32
0

32
.31
0

34
.33
0

37
.51
0
 
37
.49
0

33
.2
0

33
.31
0

35
.45
0

31
.25
0

32
.2
0

31
.26
0

42
.81
0

34
.28
0

34
.33
0
 
30
.2
0

32
.27
0

31
.32
0

34
.33
0

34
.35
0

34
.31
0

33
.32
0

35
.5
0

32
.3
0

47
1.28
0

30
.21
0

30
.28
0

34
.35
0
 
36
.48
0

33
.34
0

32
.25
0

32
.28
0
 
36
.46
0

39
.6
0

32
.28
0

31
.27
0

32
.3
0

31
.27
0

35
.37
0

32
.3
0

32
.32
0

34
.41
0

35
.42
0

35
.45
0

31
.29
0

34
.37
0

31
.26
0

30
.27
0

33
.34
0

32
.31
0

31
.3
0

37
.51
0

34
.32
0

31
.24
0

30
.24
0

30
.25
0

41
.73
0

32
.32
0
 
38
.58
0

30
.26
0

32
.3
0

31
.24
0

34
.33
0

34
.32
0

35
.37
0

30
.23
0

34
.45
0
 
36
.45
0

32
.32
0
 
34
.4
0

31
.25
0
 
30
.27
0
 
35
.37
0
 
35
.4
0

34
.32
0
 
31
.25
0

37
.52
0

32
.31
0

30
.25
0

30
.26
0

35
.39
0

34
.38
0

34
.42
0

40
.62
0

32
.24
0

35
.42
0

32
.29
0

34
.31
0

31
.26
0

35
.43
0

37
.48
0

38
.57
0

34
.39
0

34
.3
0

31
.24
0

36
.41
0

30
.18
0

37
.53
0

31
.25
0

32
.26
0

35
.46
0

33
.31
0

35
.4
0

31
.31
0

31
.3
0

34
.34
0

35
.4
0

36
.45
0

32
.31
0

30
.25
0

34
.33
0

31
.34
0

29
.22
0

30
.21
0

31
.27
0

33
.28
0

33
.37
0

31
.24
0

34
.33
0

32
.28
0

34
.4
0

33
.34
0

34
.36
0

34
.33
0

39
.61
0

34
.36
0

34
.34
0

33
.29
0

35
.4
0

32
.3
0

34
.37
0

30
.21
0

31
.27
0

34
.36
0

34
.33
0

32
.27
0

33
.3
0

32
.32
0

45
1
0

41
.63
0

33
.34
0

30
.24
0

31
.26
0

33
.34
0

33
.33
0

32
.26
0

31
.27
0

32
.31
0

35
.42
0

34
.32
0

38
.53
0

34
.37
0

33
.34
0

33
.33
0

33
.3
0

32
.32
0

32
.3
0

33
.36
0

33
.35
0

34
.29
0

31
.31
0

34
.28
0

35
.4
0

35
.4
0

35
.36
0

38
.46
0

35
.37
0

32
.32
0

32
.31
0

33
.33
0

32
.31
0

31
.25
0

37
.52
0

35
.39
0

31
.28
0

34
.34
0

28
.17
0

33
.3
0
 
29
.2
0

33
.32
0

35
.36
0

32
.33
0

32
.3
0

32
.32
0

32
.32
0

