040588
53 OSBORN A.
18 Owikeno Lk
060887
2
TRAWL 
1
2229
15
7
1 SOCKEYE (JUV)

1 FORMALIN - WGHD AFT 5 WKS
87
39
.64
0

36
.51
0

39
.53
0

31
.24
0

34
.39
0

34
.4
0

41
.65
0

45
.89
0

39
.56
0

39
.57
0

32
.34
0

47
1.16
0

38
.5
0

36
.5
0

39
.59
0

33
.32
0

44
.87
0

42
.72
0

40
.6
0

37
.5
0

41
.69
0

39
.56
0

36
.49
0

35
.41
0

41
.71
0

42
.72
0

40
.65
0

39
.62
0

34
.46
0

41
.69
0

44
.87
0

42
.78
0
 
40
.7
0

36
.42
0

36
.48
0

41
.65
0

38
.59
0

34
.37
0

43
.79
0

34
.41
0

36
.42
0

35
.45
0
 
39
.63
0

39
.55
0

42
.7
0

40
.61
0

37
.48
0

35
.41
0

48
1.14
0

40
.63
0

40
.63
0

44
.92
0

37
.51
0

39
.53
0

35
.45
0

35
.45
0

35
.34
0

40
.74
0

39
.62
0

39
.56
0

35
.51
0

36
.5
0

37
.59
0

35
.45
0

35
.46
0

41
.7
0

35
.39
0

44
.87
0

39
.63
0

38
.47
0

44
.86
0

40
.65
0
 
35
.46
0

41
.68
0

38
.48
0

39
.58
0

42
.79
0

38
.61
0

33
.3
0

39
.48
0

39
.56
0

36
.45
0

39
.61
0

34
.41
0

45
.95
0

32
.3
0

40
.67
0

