060588
53 OSBORN A.
18 Owikeno Lk
070887
2
TRAWL
11
1244
15
200
1 SOCKEYE (JUV)

1 FORMALIN - WGHD AFT 5 WKS
200
49
1.04
0
 
41
.72
0

43
.8
0
 
37
.46
0

40
.58
0

35
.41
0

39
.55
0
 
43
.8
0
 
42
.75
0

37
.53
0
 
40
.68
0

32
.26
0

33
.34
0
 
34
.37
0

40
.62
0

37
.48
0

35
.46
0

37
.52
0

35
.48
0
 
41
.75
0

36
.46
0

35
.3
0

38
.53
0

40
.55
0

40
.6
0

40
.63
0

37
.53
0

45
.86
0

36
.49
0
 
34
.4
0

37
.54
0

34
.34
0

40
.61
0

37
.53
0

34
.38
0

42
.77
0

37
.46
0

40
.61
0

43
.86
0

37
.45
0

32
.27
0

37
.49
0
 
43
.77
0

35
.4
0

36
.44
0

37
.46
0
 
34
.37
0

36
.43
0

36
.43
0

35
.33
0

35
.39
0

40
.69
0

39
.64
0
 
42
.69
0

35
.42
0

38
.53
0

40
.64
0

35
.45
0

46
1.05
0

47
1
0
 
40
.54
0

39
.6
0

35
.39
0

35
.42
0

39
.58
0

40
.56
0

34
.3
0

34
.3
0

39
.54
0

39
.61
0

35
.42
0

34
.34
0
 
33
.31
0

43
.72
0
 
38
.48
0

37
.52
0

35
.45
0
 
37
.46
0

33
.25
0

38
.51
0

36
.44
0
 
37
.5
0

34
.34
0
 
43
.83
0

40
.61
0
 
39
.6
0
 
33
.37
0
 
39
.47
0

40
.64
0
 
41
.7
0

39
.57
0

36
.43
0

43
.81
0

31
.24
0

36
.53
0

46
1.04
0

40
.62
0

34
.4
0

39
.61
0

37
.56
0

41
.67
0

38
.42
0

39
.62
0

39
.58
0

34
.35
0

34
.28
0

34
.35
0

33
.35
0

35
.37
0
 
40
.6
0

34
.37
0

39
.6
0

34
.34
0

35
.46
0

33
.23
0

32
.29
0

36
.6
0

32
.26
0

40
.67
0

38
.54
0

34
.36
0

34
.38
0

41
.63
0

42
.73
0

37
.48
0

40
.59
0

33
.29
0

40
.66
0

33
.3
0

31
.27
0

31
.3
0

32
.25
0

38
.57
0

36
.47
0

35
.42
0

35
.4
0

37
.52
0

41
.65
0

39
.63
0

41
.68
0

42
.74
0

34
.46
0

34
.4
0

44
.84
0

41
.73
0

37
.5
0

39
.66
0

32
.29
0

34
.36
0

39
.57
0

36
.46
0

36
.41
0

38
.54
0

37
.48
0
 
38
.54
0

38
.5
0

33
.32
0

35
.5
0

39
.54
0

41
.71
0

42
.81
0

35
.41
0

35
.37
0

35
.36
0

39
.62
0

35
.36
0

36
.5
0

35
.4
0

41
.66
0

37
.49
0

42
.72
0

40
.66
0

37
.5
0

35
.47
0

30
.15
0

35
.35
0
 
35
.42
0

35
.36
0

40
.67
0

38
.65
0

37
.51
0

36
.47
0

45
.98
0

36
.49
0

34
.34
0

44
.81
0

46
1.13
0

32
.32
0

37
.51
0

41
.58
0

34
.34
0

40
.61
0
 
40
.7
0

34
.39
0

37
.52
0

32
.3
0

40
.72
0

42
.73
0

35
.44
0

35
.43
0

