050588
53 OSBORN A.
18 Owikeno Lk
070887
2
TRAWL
8
0241
15
16
1 SOCKEYE (JUV)

1 FORMALIN - WGHD AFT 5 WKS
200
32
.31
0

40
.61
0

30
.2
0

30
.24
0

35
.4
0
 
30
.27
0

35
.43
0

31
.28
0
 
34
.35
0
 
34
.35
0

33
.31
0
 
50
1.3
0
 
33
.33
0
 
35
.43
0
 
35
.43
0

34
.35
0

33
.27
0

36
.5
0

34
.31
0

34
.28
0

33
.29
0

33
.3
0
 
33
.32
0

40
.64
0
 
34
.32
0
 
32
.27
0

31
.26
0

33
.25
0
 
49
1.16
0
 
32
.29
0

36
.51
0

34
.34
0

33
.31
0

28
.21
0

29
.2
0

35
.32
0

35
.37
0

33
.33
0

35
.38
0

35
.41
0

32
.27
0

32
.23
0

29
.24
0

31
.24
0

31
.28
0

32
.36
0
 
37
.47
0

37
.48
0

38
.53
0

33
.32
0

34
.3
0

29
.22
0

32
.29
0

35
.53
0

32
.3
0

35
.39
0
 
37
.51
0

34
.32
0

38
.51
0

36
.42
0

31
.29
0

42
.75
0

38
.44
0

34
.36
0

35
.4
0

38
.48
0

36
.48
0

32
.32
0

31
.27
0
 
37
.49
0
 
36
.45
0

33
.29
0

33
.4
0

33
.28
0

35
.5
0

38
.53
0

34
.35
0

36
.43
0

35
.42
0

34
.37
0
 
34
.32
0

34
.37
0

32
.3
0

30
.24
0

34
.35
0

33
.25
0

34
.32
0
 
35
.41
0

33
.33
0

35
.43
0

35
.45
0

33
.33
0

33
.34
0

35
.38
0

34
.322
0

30
.277
0
 
38
.5
0

35
.41
0
 
40
.63
0

34
.35
0

32
.23
0

35
.45
0

34
.39
0
 
35
.41
0

31
.23
0

35
.38
0

33
.34
0

33
.34
0

32
.26
0

35
.4
0

32
.24
0

35
.39
0

32
.31
0

35
.38
0

30
.25
0

34
.31
0

32
.27
0

41
.69
0

40
.6
0

35
.43
0

33
.34
0

30
.26
0

33
.27
0

30
.3
0

31
.3
0
 
36
.48
0

34
.38
0

36
.51
0

36
.45
0

33
.32
0
 
34
.4
0
 
40
.62
0

35
.36
0

33
.33
0

39
.63
0

30
.23
0

37
.49
0

33
.32
0

36
.44
0

31
.32
0

35
.4
0

33
.32
0

32
.25
0

32
.22
0

36
.47
0

35
.31
0

34
.33
0

35
.36
0

33
.31
0

35
.39
0

30
.26
0

35
.33
0
 
33
.26
0

32
.28
0

37
.48
0

35
.43
0

35
.41
0

35
.42
0

34
.34
0
 
33
.33
0

30
.27
0

33
.3
0

33
.32
0

34
.41
0

35
.43
0

36
.36
0
 
35
.42
0

32
.34
0

28
.2
0

33
.3
0

32
.3
0

33
.37
0

34
.35
0

34
.35
0

33
.29
0

35
.37
0

31
.21
0

28
.24
0

31
.24
0

29
.2
0

35
.35
0

34
.32
0
 
35
.36
0

34
.32
0

35
.4
0

35
.37
0

33
.37
0

36
.41
0

34
.35
0

39
.52
0

34
.32
0

32
.27
0
 
30
.29
0

34
.38
0

35
.5
0

34
.38
0

34
.4
0
 
33
.33
0

34
.38
0

34
.4
0

