120588
22 MORRISON J.
22 WOSS LK.
160787
2
TRAWL
7
0318
15
18
1 SOCKEYE  (JUV)
2 FISH TOO MANGLED TO MEASURE 
1 FORMALIN - WGHD AFT 5 WKS
34
53
1.81
0
 
51
1.55
0

47
1.2
0

51
1.47
0

47
1.19
0

52
1.67
0

49
1.35
0

47
1.19
0

49
1.26
0

50
1.38
0

52
1.62
0

55
1.87
0

52
1.55
0

51
1.47
0

46
1.16
0

46
1.03
0

49
1.35
0

47
1.13
0

48
1.2
0

48
1.25
0

49
1.37
0

50
1.33
0

52
1.59
0

52
1.63
0

51
1.55
0

50
1.5
0

53
1.69
0

51
1.51
0

51
1.45
0

54
1.75
0

48
1.36
0

47
1.2
0

51
1.48
0

39
.61
0

