130588
22 MORRISON J.
69 YAKOUN LK.
010887
2
TRAWL
1
0040
15
9
2 STICKLEBACK
N
1 FORMALIN - WGHD AFT 5 WKS
48
40
.6
0

40
.54
0

35
.34
0

31
.23
0

30
.26
0

41
.67
0

34
.34
0

38
.48
0

35
.42
0

28
.2
0

35
.36
0

48
1.02
0

32
.37
0

41
.71
0

35
.37
0

35
.37
0

32
.33
0

35
.46
0
 
48
.82
0

33
.31
0

45
.77
0

35
.43
0

42
.71
0

40
.53
0
 
30
.24
0

40
.56
0

27
.18
0

35
.41
0

34
.37
0

32
.27
0

36
.44
0

36
.4
0

31
.32
0

32
.25
0

30
.23
0

35
.38
0
 
39
.58
0

33
.3
0

29
.21
0

27
.17
0

35
.39
0

47
.98
0

32
.34
0

30
.26
0

36
.43
0

37
.49
0

33
.31
0

31
.23
0

