170588
22 MORRISON J.
69 YAKOUN LK.
020887
2
TRAWL
8
2400
15
9
1 SOCKEYE  (JUV)
N
1 FORMALIN - WGHD AFT 5 WKS
147
37
.44
0

59
2.17
0

41
.79
0

43
.81
0
 
40
.66
0

43
.89
0

44
.9
0

39
.56
0

46
.99
0

42
.74
0
 
45
.97
0

41
.74
0

44
.9
0

43
.8
0

41
.7
0
 
40
.67
0

40
.7
0

43
.87
0

42
.75
0

42
.82
0

41
.72
0

42
.76
0

43
.81
0

39
.65
0

40
.6
0

38
.58
0

39
.7
0

40
.63
0

45
.85
0

36
.47
0

44
.87
0

59
2.3
0

41
.73
0

44
.89
0

45
1.03
0

43
.84
0

45
.95
0

42
.75
0

38
.56
0

40
.68
0

43
.85
0

39
.58
0

43
.8
0

43
.85
0

42
.82
0

43
.84
0

39
.63
0
 
43
.85
0

39
.67
0

40
.71
0

42
.72
0

41
.69
0
 
38
.53
0
 
42
.74
0

38
.5
0

43
.83
0

42
.8
0

41
.72
0

39
.64
0

43
.84
0

43
.8
0

40
.65
0

43
.82
0

35
.47
0

41
.73
0

42
.77
0

42
.81
0
 
42
.79
0
 
43
.86
0

39
.59
0

43
.87
0

45
.95
0

44
.87
0

41
.7
0

40
.66
0

42
.73
0
 
40
.67
0

41
.66
0

38
.56
0

38
.59
0

43
.87
0

40
.62
0

41
.71
0

41
.66
0

36
.44
0

41
.72
0

42
.78
0

39
.63
0

41
.72
0

40
.62
0
 
42
.76
0
 
41
.73
0
 
41
.7
0

41
.74
0

41
.7
0

40
.64
0

35
.42
0

33
.37
0

35
.44
0

33
.31
0

41
.72
0
 
41
.76
0

43
.84
0

42
.73
0

44
.86
0

44
.93
0
 
38
.52
0

39
.61
0

36
.46
0

34
.45
0
 
41
.72
0

42
.76
0

44
.93
0

43
.84
0
 
39
.66
0
 
38
.58
0

44
.89
0
 
40
.65
0

40
.73
0

33
.35
0
 
45
.96
0

45
.96
0

40
.69
0

42
.78
0

41
.72
0

42
.77
0

41
.76
0
 
39
.65
0

39
.6
0

41
.77
0

41
.74
0

41
.81
0

45
.95
0

40
.6
0

43
.86
0

44
.86
0

41
.65
0

41
.73
0

40
.64
0

37
.48
0

40
.73
0

41
.67
0

39
.64
0

36
.5
0

35
.44
0

36
.43
0

36
.46
0
 
