130588
22  MORRISON J.
69  YAKOUN LK.
010887
2
TRAWL
1
0040
15
9
1  SOCKEYE  (JUV)
N
1  FORMALIN - WGHD AFT 5 WKS
104
43
.85
0

59
2.35
0

39
.59
0

38
.54
0

39
.65
0

39
.63
0

45
1
0

43
.88
0

42
.79
0

42
.76
0

36
.49
0

60
2.46
0

45
.98
0

41
.7
0

33
.36
0

44
.92
0

46
.97
0

55
1.84
0

39
.58
0

43
.82
0

38
.58
0

44
.93
0

40
.7
0

43
.74
0

38
.57
0

35
.39
0

38
.6
0

36
.45
0

33
.33
0

32
.34
0

41
.69
0

43
.9
0

39
.6
0

41
.75
0

41
.73
0

42
.82
0

44
.89
0

39
.62
0

40
.66
0

39
.62
0

33
.31
0

41
.82
0

43
.89
0

36
.48
0

40
.67
0

44
.88
0

43
.85
0

42
.76
0

42
.77
0

38
.56
0

42
.81
0

43
.84
0

42
.78
0

42
.79
0

35
.45
0

37
.51
0

60
2.17
0

46
.95
0

45
.93
0

37
.54
0

41
.71
0

60
2.29
0

40
.67
0

46
1.01
0

43
.77
0

41
.67
0

41
.73
0

38
.57
0

38
.5
0

36
.44
0

42
.8
0

42
.74
0

39
.59
0

40
.63
0

38
.57
0

41
.65
0

43
.8
0

44
.87
0

45
.83
0

46
.92
0

58
2.01
0

44
.79
0

43
.74
0

41
.67
0

43
.766
0

42
.81
0

44
.92
0

41
.75
0

39
.57
0

42
.74
0

45
1.02
0

43
.82
0

42
.71
0

44
.85
0

40
.7
0

38
.56
0

42
.75
0

41
.71
0

43
.77
0

40
.69
0

42
.81
0

39
.57
0

43
.81
0

32
.34
0

