170588
22 MORRISON J.
69 YAKOUN LK.
010887
2
TRAWL
3
0137
15
9
1 SOCKEYE  (JUV)
N
1 FORMALIN - WGHD AFT 5 WKS
89
40
.63
0

45
.99
0

43
.83
0

39
.64
0

35
.4
0

41
.71
0

42
.71
0

40
.73
0

41
.73
0

39
.6
0

37
.5
0

61
2.47
0

42
.78
0

46
1.04
0

43
.93
0

43
.83
0

43
.85
0

40
.69
0

43
.84
0

31
.23
0

58
2.01
0

42
.9
0

61
2.41
0

42
.87
0

44
.91
0

45
.98
0

42
.73
0

40
.65
0

42
.78
0

43
.78
0

42
.86
0

42
.76
0

44
.91
0

41
.79
0

38
.57
0

43
.79
0

41
.71
0

38
.57
0

42
.74
0

34
.38
0

41
.78
0

39
.66
0

40
.68
0

37
.55
0

35
.43
0

42
.66
0

45
1
0

42
.8
0

46
.94
0

35
.45
0

43
.81
0

45
.95
0

46
1.09
0

38
.57
0

40
.66
0

40
.73
0

42
.72
0

40
.61
0

45
.93
0

36
.49
0

37
.52
0

44
.89
0

41
.68
0

41
.71
0

37
.53
0

44
.93
0

43
.89
0

38
.55
0
 
42
.79
0

38
.53
0

37
.53
0

43
.84
0

37
.56
0

34
.44
0

27
.17
0

43
.83
0
 
41
.73
0

34
.34
0

35
.4
0

35
.41
0

43
.9
0

39
.68
0

42
.72
0

42
.74
0

40
.7
0

43
.83
0

42
.88
0

40
.68
0

35
.41
0

