130588
22  MORRISON J.
69  YAKOUN LK.
010887
2
TRAWL
2
0105
15
9
1  SOCKEYE  (JUV)
N
1  FORMALIN - WGHD AFT 5 WKS
74
44
.89
0

59
2.21
0

45
1
0

38
.68
0

39
.62
0

41
.74
0

66
3.08
0

43
.91
0

37
.52
0
 
40
.66
0

38
.59
0

40
.74
0

52
1.45
0

42
.78
0

43
.77
0

43
.91
0

44
.89
0

42
.77
0

42
.78
0

36
.47
0

46
1.13
0
 
38
.62
0

43
.82
0

39
.59
0

35
.47
0

44
.89
0

45
1.01
0

38
.56
0

42
.83
0

32
.3
0

46
1.04
0

41
.66
0

39
.58
0

38
.59
0

38
.57
0

40
.68
0

42
.76
0

43
.91
0

40
.72
0

36
.5
0

45
.92
0

40
.65
0

43
.84
0

44
.89
0

41
.76
0

39
.65
0

44
.91
0

45
1
0

43
.93
0

43
.83
0

41
.73
0

47
1.18
0

47
1.1
0

42
.75
0

32
.47
0

39
.64
0

42
.81
0

44
.86
0

40
.66
0

34
.36
0

44
.88
0

43
.91
0

38
.68
0

44
.85
0

38
.53
0

33
.36
0

39
.62
0
 
43
.74
0

39
.56
0

33
.35
0

41
.76
0

39
.62
0

39
.64
0

40
.72
0

