170588
22 MORRISON J.
69 YAKOUN LK.
020887
2
TRAWL
7
2339
15
9
1 SOCKEYE  (JUV)
N
1 FORMALIN - WGHD AFT 5 WKS
126
41
.75
0

60
2.39
0

43
.9
0

45
.98
0
 
41
.76
0

40
.69
0

44
.92
0

43
.82
0

38
.58
0

37
.61
0
 
41
.68
0

45
.98
0

38
.52
0

44
.81
0

39
.61
0

58
2.08
0

60
2.37
0

55
1.73
0

42
.8
0

36
.5
0

39
.68
0

41
.71
0

41
.77
0

38
.54
0

41
.65
0

44
.92
0

41
.7
0

43
.83
0

40
.79
0

38
.54
0

39
.6
0

40
.68
0

40
.72
0

37
.53
0

39
.59
0

39
.63
0

45
1.01
0

39
.63
0

42
.79
0

43
.89
0

39
.64
0

41
.81
0

38
.61
0

37
.5
0

42
.81
0

44
.9
0

44
.89
0

40
.64
0

42
.77
0

42
.78
0

38
.59
0

43
.91
0
 
38
.6
0
 
35
.4
0

35
.4
0

38
.54
0

42
.75
0

40
.64
0

40
.71
0

37
.49
0

43
.86
0

43
.85
0

42
.79
0

42
.76
0

35
.43
0

46
.94
0

42
.65
0
 
41
.66
0
 
42
.76
0

40
.69
0

42
.79
0

41
.74
0

42
.81
0

38
.61
0

42
.78
0

42
.77
0
 
45
.91
0

44
.87
0

39
.64
0

42
.78
0

40
.74
0

44
.85
0

39
.67
0

39
.66
0

41
.72
0

41
.72
0

45
.99
0

38
.57
0

38
.58
0

36
.42
0
 
42
.82
0
 
42
.75
0
 
38
.53
0

42
.82
0

42
.77
0

40
.66
0

33
.31
0

42
.76
0

40
.7
0

38
.55
0

44
.86
0
 
41
.71
0

38
.58
0

38
.58
0

40
.71
0

31
.29
0
 
39
.69
0

43
.86
0

39
.71
0

38
.58
0

39
.66
0

42
.79
0

39
.68
0

33
.33
0

38
.6
0

43
.86
0

40
.76
0
 
42
.81
0

40
.63
0

42
.76
0
 
40
.74
0

40
.74
0

40
.77
0

37
.52
0

37
.52
0

38
.61
0

