180588
22 MORRISON J.
69 YAKOUN LK.
020887
2
TRAWL
9
0021
15
9
1 SOCKEYE  (JUV)
N
1 FORMALIN - WGHD AFT 5 WKS
94
44
.83
0

46
1.02
0

45
.95
0

43
.82
0

43
.89
0

41
.72
0

44
1.02
0

40
.72
0

40
.73
0

39
.6
0

45
.93
0

45
.97
0

43
.92
0

39
.69
0

41
.75
0

39
.62
0

41
.75
0

42
.79
0

45
.95
0

36
.48
0

41
.77
0

42
.82
0

42
.87
0

41
.75
0

43
.87
0

41
.73
0

37
.57
0

42
.81
0

40
.66
0

35
.45
0

42
.79
0

42
.79
0

42
.73
0

39
.65
0

44
.9
0

42
.87
0

38
.66
0

41
.71
0

39
.71
0

37
.54
0

44
.9
0

42
.81
0

40
.71
0

36
.52
0

40
.67
0

41
.73
0

40
.67
0

40
.71
0

39
.65
0

39
.65
0

40
.72
0

41
.75
0

42
.83
0

42
.73
0

45
1.06
0
 
40
.74
0

38
.57
0

39
.6
0

38
.53
0

39
.6
0

39
.67
0
 
39
.61
0

46
1.09
0

38
.6
0

39
.66
0

42
.79
0

44
.96
0

38
.59
0

35
.45
0

43
.88
0

40
.75
0

40
.71
0

46
1.05
0

37
.52
0

36
.47
0

37
.51
0

41
.78
0

33
.36
0

31
.3
0

40
.65
0

42
.9
0

40
.73
0

45
.99
0

37
.51
0
 
39
.64
0

41
.76
0

41
.68
0

36
.49
0

39
.61
0

36
.55
0

41
.78
0

42
.75
0

44
.94
0
 
42
.833
0

